Gene	sample	counts
AHCYP2	CM317	1.052160686909921
AHCYP2	CMCD140	1.0094128350688558
AHCYP2	CMCD147	1.0404565910580479
AHCYP2	CMCD152	1
AHCYP2	CMCD154	1.0098993269771894
AHCYP2	CMCD159	1.0863042186135794
AHCYP2	CMCD161	1.0030629480920839
AHCYP2	CMCD174	1.092629434806816
AHCYP2	CMCD196	1.0091897168260358
AHCYP2	CMCD198	1.029495742835047
AHCYP2	CMCD203	12.03887175414289
AHCYP2	CMCD211	4.820272184746139
AHCYP2	CMCD227	1.6442210050669115
AHCYP2	CMCD240	1.8599320778626804
AHCYP2	CMCD259	4
AHCYP2	CMCD270	1.0051908134952228
AHCYP2	CMCD275	1.008539072196977
AHCYP2	CMCD282	4.052643147700787
AHCYP2	CMCD286	3.770015357168883
AHCYP2	CMCD287	3
AHCYP2	CMCD294	1.0639520056991958
AHCYP2	CMCD327	1.0051387872752835
AHCYP2	CMCD335	1.0047054282731729
AHCYP2	CMCD337	3.020022945368956
AHCYP2	CMCD357	1.0211504641864628
AHCYP2	CMCD398	2.0120047154027207
AHCYP2	CMCD403	1.0071810043238532
AHCYP2	CMCD422	1.0020862854161259
AHCYP2	CMCD426	1.1140469611806236
AHCYP2	CMCD71	1.0063862990277392
AHCYP2	CMCD72	1.1510750061651915
AHCYP2	CMCD76	1.0022972139313746
AHCYP2	CMCD88	1.0001799142310437
AHCYP2	CMSA256	1
AHCYP2	CMSA316	1.0081545114583668
AHCYP2	CMUC110	1
AHCYP2	CMUC192	1.0134604497462807
AHCYP2	CMUC199	1.0281874054164815
AHCYP2	CMUC200	1.002341411462068
AHCYP2	CMUC208	1.002446897019748
AHCYP2	CMUC231	3
AHCYP2	CMUC234	1
AHCYP2	CMUC285	1.0111269374447733
AHCYP2	CMUC291	1.0066043693551068
AHCYP2	CMUC295	1.0008998949047658
AHCYP2	CMUC299	1.0029270323451933
AHCYP2	CMUC301	1.0005398398063463
AHCYP2	CMUC307	1.0027601872840743
AHCYP2	CMUC313	1.0420413939922741
AHCYP2	CMUC314	1.055846512835873
AHCYP2	CMUC323	1.0241049068913428
AHCYP2	CMUC324	1.0008998949047658
AHCYP2	CMUC331	1.0091574614003984
AHCYP2	CMUC333	1.0232387540038606
AHCYP2	CMUC334	1.0150130071590526
AHCYP2	CMUC346	1.0108493839910517
AHCYP2	CMUC352	1.00605396549271
AHCYP2	CMUC360	5.007201102551016
AHCYP2	CMUC363	1.0263755677043285
AHCYP2	CMUC365	1.0066923410699051
AHCYP2	CMUC366	1.0033489938746742
AHCYP2	CMUC368	1
AHCYP2	CMUC377	1.0040818938645244
AHCYP2	CMUC379	1.0708063663103926
AHCYP2	CMUC380	1.01827642435426
AHCYP2	CMUC383	1.0142859766464112
AHCYP2	CMUC394	1.0076216931317499
AHCYP2	CMUC419	1.0249492522957178
AHCYP2	CMUC427	1
AHCYP2	CMUC428	1.0063470586203123
AHCYP2	CMUC431	1.0018586198168056
AHCYP2	CMUC435	1.0050194243862136
AHCYP2	CMUC439	1.0064361075814747
AHCYP2	CMUC89	1
AHCYP2	CS219	1.0024775414638962
AHCYP2	CS256	1.002289885748588
AHCYP2	CS257	1.0944271775349645
AHCYP2	CS259	1.001545611227314
AHCYP2	CS261	1.0238230356839277
AHCYP2	CS266	1.0357806251843706
AHCYP2	CS270	1.0130095040631752
AHCYP2	CS277	18.330145384916257
AHCYP2	CS288	1.009015728155811
AHCYP2	CS290	1.0079916665289268
AHCYP2	CS292	1.0139795313343294
AHCYP2	CS293	5.08424295868207
AHCYP2	CS301	1.0267458436587589
AHCYP2	CS306	1.0388615456941386
AHCYP2	CS308	1.0265766152062068
AHCYP2	CS315	1.028018282586956
AHCYP2	CS317	1.0722984600508352
AHCYP2	CS322	1.0134187324826138
AHCYP2	CS327	3.0142811317077194
AHCYP2	CS328	1.0566294945036847
AHCYP2	CS330	1.0768616883015538
AHCYP2	CS331	1.0187996043213206
AHCYP2	CS335	0.5048120692723962
AHCYP2	CS338	1.030832702181411
AHCYP2	CS339	1.1707547739034676
AHCYP2	CS343	3.0242367358574946
AHCYP2	CS344	1.014131256091266
AHCYP2	CS350	1.0232380192782662
AHCYP2	CS351	1.008311894542825
AHCYP2	CS361	1.0239903938396149
AHCYP2	CS388	1.034963282410878
AHCYP2	CS396	1.01090379638317
AHCYP2	CS405	1.0253724548654906
AHCYP2	CS415	1.0768988297741249
AHCYP2	CS424	4.15048784585033
AHCYP2	IM293	1.0053335186310612
AHCYP2	IM296	1.0674965693084089
AHCYP2	IM297	1.098769887658002
AHCYP2	IM300	2
AHCYP2	IM305	1.0100500854392669
AHCYP2	IM309	8.545947061964553
AHCYP2	IM310	1.0137597798867521
AHCYP2	IM311	1.0124769275654149
AHCYP2	IM316	1.0051863509411016
AHCYP2	IM320	1.0476097382082026
AHCYP2	IM330	1.0105944783553105
AHCYP2	IM332	1.0306075684228129
AHCYP2	IM340	1.056280146775053
AHCYP2	IM348	3.1108843881197865
AHCYP2	IM354	3.021746068686958
AHCYP2	IM356	2.0172201048956175
AHCYP2	IM364	1.017386683482945
AHCYP2	IM372	0.9999907178682895
AHCYP2	IM374	1.0494515301768887
AHCYP2	IM376	1.0151740030663836
AHCYP2	IM381	1.012555790998895
AHCYP2	IM382	1.0318406015848964
AHCYP2	IM385	4
AHCYP2	IM390	1.028703799246213
AHCYP2	IM397	1.011384661421074
AHCYP2	IM404	1.0028825152555245
AHCYP2	IM409	7.04010293382295
AHCYP2	IM412	1
AHCYP2	IM421	1.0158984637588822
AHCYP2	IM425	1.0543133661346646
AHCYP2	IM432	1.0420143643186235
AHCYP2	IM438	1
AHCYP2	IM442	2.085219456237517
AHCYP2	IM445	1.0115547971482344
AHCYP2	IM448	1.0230255913150224
AHCYP2	IM449	1.008446585812273
AHCYP2	IM451	1.0051863509411016
AHCYP2	IMSA256	1.0040992210696569
AHCYP2	IMSA276	3
AHCYP2	IMSA286	2
AHCYP2	IMSA343	1.0125207868802717
AHCYP2	IS_238	1
AHCYP2	IS238	0.5118313302243118
AHCYP2	IS243	1
AHCYP2	IS253	2
AHCYP2	IS283	1
AHCYP2	IS322	1.0106397239474434
AHCYP2	IS399	1.0072529602272131
AHCYP2	IS418	1.0947511027862358
AHCYP2	IS430	1.0847548398304163
AHCYP2	IS437	1.0822383787243768
AHCYP2	IS444	1.0378497226493058
AHCYP2	R276CMSA	1.0649255307900556
AHCYP2	R286CMSA	2
AHCYP2	R292CMSA	1.004207620749528
AHCYP2	R292IMSA	1.0768750693977573
AHCYP2	R308CMSA	1.070354522560454
AHCYP2	R316IMSA	1.0198650539779268
AHCYP2	R347CMSA	1.0679448775774594
AHCYP2	R347IMSA	1.0654084912781197
AHCYP2	R371CMSA	1.0039962901985677
AHCYP2	SRR10104064	1.1130827181735787
AHCYP2	SRR10104065	1.0058655806218886
AHCYP2	SRR10104066	1.0187563340359607
AHCYP2	SRR10104067	1.0232571372704031
AHCYP2	SRR10104068	1.004671476542523
AHCYP2	SRR10104069	1.011490802424949
AHCYP2	SRR10104070	1.0295865545572511
AHCYP2	SRR10104071	1.1619835297694339
AHCYP2	SRR10104072	1.071723239794756
AHCYP2	SRR10104073	1.0458357877247761
AHCYP2	SRR10104074	1.099722320793923
AHCYP2	SRR10104075	1.1547542285600578
AHCYP2	SRR10104076	1.0278239688724724
AHCYP2	SRR10104077	1.1040752320803593
AHCYP2	SRR10104078	1.0419214016168303
AHCYP2	SRR10104079	1.092856600461782
AHCYP2	SRR10104080	1.1254280913603063
AHCYP2	SRR10104081	1.0158936181922817
AHCYP2	SRR10104082	1.085647260281074
AHCYP2	SRR10104083	1.065596706440916
AHCYP2	SRR10104084	1.0701241548355385
AHCYP2	SRR10104085	1.0224852129879336
AHCYP2	SRR10104086	1.0249330155513252
AHCYP2	SRR10104087	1.0032098048981044
AHCYP2	SRR10104088	1.0091188297931257
AHCYP2	SRR10104089	1.1387124115642702
AHCYP2	SRR10104090	1.0265054935122315
AHCYP2	SRR10104091	1.0429313075146665
AHCYP2	SRR10104092	1.0127653613232732
AHCYP2	SRR10104093	1.0347712127539488
AHCYP2	SRR10104094	1.0344440824548444
AHCYP2	SRR10104095	1.0555296586127236
AHCYP2	SRR10104096	1.1499993829134103
AHCYP2	SRR10104097	1.0654329597407752
AHCYP2	SRR10104098	1.0299665441303483
AHCYP2	SRR10104099	1.0483148195050975
AHCYP2	SRR10104100	1.0292800559938342
AHCYP2	SRR10104101	1.0055788173830293
AHCYP2	SRR10104102	1.0153539684721093
AHCYP2	SRR10104103	1.0533097010473917
AHCYP2	SRR10104104	1.0155160029658645
AHCYP2	SRR10104105	1.0837919884500646
AHCYP2	SRR10104106	1.1337110372727635
AHCYP2	SRR10104107	1.0095882284245328
AHCYP2	SRR10104108	1.0068598403855975
AHCYP2	SRR10104109	1.122307744225592
AHCYP2	SRR10104110	1.1932010382175424
AHCYP2	SRR10104111	1.0329711095071032
AHCYP2	SRR10104112	1.189872391069202
AHCYP2	SRR10104113	1.0362854178746606
AHCYP2	SRR10104114	1.1753108824133915
AHCYP2	SRR10104115	1.1481195623107094
AHCYP2	SRR10104116	1.0476231912417615
AHCYP2	SRR10104117	1.0392927622091388
AHCYP2	SRR10104118	1.1479902353871632
AHCYP2	SRR10104119	1.1922096850664645
AHCYP2	SRR10104120	1.0274397025883788
AHCYP2	SRR10104121	1.0845670123047944
AHCYP2	SRR10104122	1.0930951060141245
AHCYP2	SRR10104123	1.085068060584876
AHCYP2	SRR10104124	1.1194016065014738
AHCYP2	SRR10104125	1.1032322088701674
AHCYP2	SRR10104126	1.0403589846827273
AHCYP2	SRR10104127	1.1896601506984525
AHCYP2	SRR10104128	1.0289581177608564
AHCYP2	SRR10104129	1.0264252644778067
AHCYP2	SRR10104130	1.0421022730678582
AHCYP2	SRR10104131	1.0113537446977683
AHCYP2	SRR10104132	1.0072357936683587
AHCYP2	SRR10104133	1.1678104114751833
AHCYP2	SRR10104134	1.0304204630626266
AHCYP2	SRR10104135	1.1047925227370805
AHCYP2	SRR10104136	1.0150534484689004
AHCYP2	SRR10104137	1.1111543351913287
AHCYP2	SRR10104138	1.1987125395645137
AHCYP2	SRR10104139	1.0113843011015555
AHCYP2	SRR10104140	1.1457522859106466
AHCYP2	SRR10104141	1.0612182077092946
AHCYP2	SRR10104142	1.0527512259784992
AHCYP2	SRR10104143	1.008193511450258
AHCYP2	SRR10104144	1.0610832116326332
AHCYP2	SRR10104145	1.064530164787135
AHCYP2	SRR10104146	1.009628265187365
AHCYP2	SRR10104147	1.0017090245686449
AHCYP2	SRR10104148	1.0531465668318782
AHCYP2	SRR10104149	1.0479500129388701
AHCYP2	SRR10104150	1.0116520854708597
AHCYP2	SRR10104151	1.0076598631587603
AHCYP2	SRR10104152	1.0056231596200704
AHCYP2	SRR10104153	1.1050859670242814
AHCYP2	SRR10104154	1.0306607864494586
AHCYP2	SRR10104155	1.0906050803328398
AHCYP2	SRR10104156	1.0040671518845923
AHCYP2	SRR10104157	1.0501594045532703
AHCYP2	SRR10104158	1.0205995039478943
AHCYP2	SRR10104159	1.0126727839776568
AHCYP2	SRR10104160	1.1286682368212853
AHCYP2	SRR10104161	1.001725803535813
AHCYP2	SRR10104162	1.0204815952038468
AHCYP2	SRR10104163	1.0302878151561219
AHCYP2	SRR10104164	1.019679849157473
AHCYP2	SRR10104165	1.03911950298106
AHCYP2	SRR10104166	1.0411103906912247
AHCYP2	SRR10104167	1.0226405407254509
AHCYP2	SRR10104168	1.0290037923240252
AHCYP2	SRR10104169	1.0249138391060775
AHCYP2	SRR10104170	1.0302024526513764
AHCYP2	SRR10104171	1.0241039729391117
AHCYP2	SRR10104172	1.03424738641328
AHCYP2	SRR10104173	1.0618085302182145
AHCYP2	SRR10104174	1.034206476188313
AHCYP2	SRR10104175	1.0226611988789944
AHCYP2	SRR10104176	1.022603053209032
AHCYP2	SRR10104177	1.0254564567414526
AHCYP2	SRR10104178	1.0386957245885173
AHCYP2	SRR10104179	1.0349830414340861
AHCYP2	SRR10104180	1.0220069065577857
AHCYP2	SRR10104181	1.027045780065536
AHCYP2	SRR10104182	1.0354701224080693
AHCYP2	SRR10104183	1.0485327945215122
AHCYP2	SRR10104184	1.0213982799506043
AHCYP2	SRR10104185	1.0655022783512398
AHCYP2	SRR10104186	1.0334077154577568
AHCYP2	SRR10104187	1.0797577801431373
AHCYP2	SRR10104188	1.0555862389878126
AHCYP2	SRR10104189	1.0614348924771675
AHCYP2	SRR10104190	1.1491016556665985
AHCYP2	SRR10104191	1.1421287584167092
AHCYP2	SRR10104192	1.0261807524628852
AHCYP2	SRR10104193	1.0402803652655077
AHCYP2	SRR10104194	1.0434484830599333
AHCYP2	SRR10104195	1.0425282185704265
AHCYP2	SRR10104196	1.0410873692447795
AHCYP2	SRR10104197	1.0169436235163218
AHCYP2	SRR10104198	1.0259518061643405
AHCYP2	SRR10104199	1.0845523092555243
AHCYP2	SRR10104200	1.0357609839017698
AHCYP2	SRR10104201	1.026296611985634
AHCYP2	SRR10104202	1.0684453214497531
AHCYP2	SRR10104203	1.0227196084030068
AHCYP2	SRR10104204	1.0316115330113982
AHCYP2	SRR10104205	1.0269817679691475
AHCYP2	SRR10104206	1.0290184053987292
AHCYP2	SRR10104207	1.0328985759185803
AHCYP2	SRR10104208	1.0176894368252343
AHCYP2	SRR10104209	1.0231987105755664
AHCYP2	SRR10104210	1.0264643950508716
AHCYP2	SRR10104211	1.0187996043213206
AHCYP2	SRR10104212	1.0187854652070223
AHCYP2	SRR10104213	1.0607243748787123
AHCYP2	SRR10104214	1.0302508387945404
AHCYP2	SRR10104215	1.0107265960976537
AHCYP2	SRR10104216	1.062180780035933
AHCYP2	SRR10104217	1.0250110331492008
AHCYP2	SRR10104218	1.0655646431950403
AHCYP2	SRR10104219	1.0652648347042482
AHCYP2	SRR10104220	1.0355693278203462
AHCYP2	SRR10104221	1.090516632710812
AHCYP2	SRR10104222	1.0387327316632746
AHCYP2	SRR10104223	1.1801672204919216
AHCYP2	SRR10104224	1.0254993311004128
AHCYP2	SRR10104225	1.031660376130715
AHCYP2	SRR10104226	1.0392769039353207
AHCYP2	SRR10104227	1.0779388239392174
AHCYP2	SRR10104228	1.1232105220166013
AHCYP2	SRR10104229	1.0373617848705414
AHCYP2	SRR10104230	1.1040752320803593
AHCYP2	SRR10104231	1.07822501247679
AHCYP2	SRR10104232	1.0611514448074382
AHCYP2	SRR10104233	1.0734096428277802
AHCYP2	SRR10104234	1.0234328696081605
AHCYP2	SRR10104235	1.0441915254956329
AHCYP2	SRR10104236	1.0093068320098109
AHCYP2	SRR10104237	1.018564797188093
AHCYP2	SRR10104238	1.0719766937133695
AHCYP2	SRR10104239	1.0633581535162346
AHCYP2	SRR10104240	1.0749579917487644
AHCYP2	SRR10104241	1.0409403926955196
AHCYP2	SRR10104242	1.0656340036600613
AHCYP2	SRR10104243	1.0687486815714031
AHCYP2	SRR10104244	1.0398815876953509
AHCYP2	SRR10104245	1.0418117622330036
AHCYP2	SRR10104246	1.108828569841403
AHCYP2	SRR10104247	1.0579544780318526
AHCYP2	SRR10104248	1.076529224426155
AHCYP2	SRR10104249	1.0273315870858695
AHCYP2	SRR10104250	1.157197552838617
AHCYP2	SRR10104251	1.0471142307724335
AHCYP2	SRR10104252	1.1838765721178106
AHCYP2	SRR10104253	1.09991256534321
AHCYP2	SRR10104254	1.0374696909056962
AHCYP2	SRR10104255	1.031244552450183
AHCYP2	SRR10104256	1.0295241963821637
AHCYP2	SRR10104257	1.038122821814693
AHCYP2	SRR10104258	1.0309181491976231
AHCYP2	SRR10224277	1.0245658638211308
AHCYP2	SRR10224278	1.0942848190075063
AHCYP2	SRR10224279	1.0908476973919505
AHCYP2	SRR10224280	1.0228352144410537
AHCYP2	SRR10224281	1.016181154880479
AHCYP2	SRR10224282	1.0506840927867773
AHCYP2	SRR10224283	1.04241966767901
AHCYP2	SRR10224284	1.1113405704367834
AHCYP2	SRR10224285	1.1302600125483513
AHCYP2	SRR10224286	1.0254727500696328
AHCYP2	SRR10224287	1.034206476188313
AHCYP2	SRR10224288	1.0982502736059643
AHCYP2	SRR10224289	1.095574558517596
AHCYP2	SRR10224290	1.0979938990127511
AHCYP2	SRR10224291	1.031258864476703
AHCYP2	SRR10224292	10.118994173300338
AHCYP2	SRR10224293	1.0308254672852508
AHCYP2	SRR10224294	1.0583494992707134
AHCYP2	SRR10224295	1.0871371976243258
AHCYP2	SRR10224296	1.0551062717044821
AHCYP2	SRR10224297	1.1298237190995832
AHCYP2	SRR10224298	1.0332669442805347
AHCYP2	SRR10318388	1.0075645039987202
AHCYP2	SRR10318389	1.0048079229951739
AHCYP2	SRR10318390	1.0125492618247403
AHCYP2	SRR10318391	2.024376558981896
AHCYP2	SRR10318392	1.0141662120681394
AHCYP2	SRR10318393	1.002913173016367
AHCYP2	SRR10318394	2.027203429646117
AHCYP2	SRR10318395	2.009104338295677
AHCYP2	SRR10318396	1.008253691698839
AHCYP2	SRR10318397	1.0060636964446545
AHCYP2	SRR10318398	2.0071817333073967
AHCYP2	SRR10318399	2.1004603742173322
AHCYP2	SRR10318400	3.045089841474006
AHCYP2	SRR10318401	1.0036964837029803
AHCYP2	SRR10318402	1.004310064687844
AHCYP2	SRR10318403	1.004961221139498
AHCYP2	SRR10318404	1.0017838194003639
AHCYP2	SRR10318405	3.007565240839063
AHCYP2	SRR10318406	1.0046747157254012
AHCYP2	SRR10318407	2.019992801495311
AHCYP2	SRR10318408	4.012374445474776
AHCYP2	SRR10318409	2.0063565442893205
AHCYP2	SRR10318410	2.0082652899056073
AHCYP2	SRR10318411	2.0073929674059605
AHCYP2	SRR10318412	1.0049521195717002
AHCYP2	SRR10318413	2.0078865942447375
AHCYP2	SRR10318414	2.0120931003087192
AHCYP2	SRR10318415	2.0132087387102136
AHCYP2	SRR10318416	1.010127651990598
AHCYP2	SRR10318417	1.0073281690092157
AHCYP2	SRR10318418	1.0038295612714525
AHCYP2	SRR10318419	3.0122553934395486
AHCYP2	SRR10318420	1.0018312243074385
AHCYP2	SRR10318421	2.00971094200866
AHCYP2	SRR10318422	1.0021611084168651
AHCYP2	SRR10318423	1.0016036166558628
AHCYP2	SRR10318424	1.0021332526954574
AHCYP2	SRR10318425	2.0132635395051812
AHCYP2	SRR10318426	1.095574558517596
AHCYP2	SRR10318427	1.1082523998937106
AHCYP2	SRR10318428	2.0027921254337664
AHCYP2	SRR10318429	2.0080752391769985
AHCYP2	SRR10318430	2.0177020275269326
AHCYP2	SRR10318431	1.0052614054151265
AHCYP2	SRR10318432	1.0018005996203712
AHCYP2	SRR10318433	1.275527749073799
AHCYP2	SRR10318434	2.0063370191673306
AHCYP2	SRR10318435	1.0060711119093864
AHCYP2	SRR10318436	1.002838293865245
AHCYP2	SRR10318437	1.0007198511622537
AHCYP2	SRR10318438	1.0012906877364744
AHCYP2	SRR10318439	1.0041326449528036
AHCYP2	SRR10318440	1.0160161405406791
AHCYP2	SRR10318441	2.0056152767867226
AHCYP2	SRR10318442	1.0290972598019128
AHCYP2	SRR10318443	2.00464924436686
AHCYP2	SRR10318444	2.0175851772392095
AHCYP2	SRR10318445	2.0248515094772155
AHCYP2	SRR10318446	1.0040101644950676
AHCYP2	SRR10318447	1.010741329315747
AHCYP2	SRR10318448	1.0071774620660263
AHCYP2	SRR10318449	1.0021020527610582
AHCYP2	SRR10318450	2.010795863974406
AHCYP2	SRR10318451	1
AHCYP2	SRR10318452	4.025388234481249
AHCYP2	SRR10318453	2.0402565884018795
AHCYP2	SRR10318454	1.0047940376745443
AHCYP2	SRR10318455	1.0061524256376846
AHCYP2	SRR10318456	1.0066923410699051
AHCYP2	SRR10318457	3.004953039106962
AHCYP2	SRR10318458	1.0130607665001055
AHCYP2	SRR10318459	1.0066712106965126
AHCYP2	SRR10318460	1.0040444775323971
AHCYP2	SRR10318461	1.0035908666536983
AHCYP2	SRR10318462	2.013630297459443
AHCYP2	SRR10318463	1.0031991760872525
AHCYP2	SRR10318464	1.0063873213211867
AHCYP2	SRR10318465	3.003015686275408
AHCYP2	SRR10318466	2.0191449445374765
AHCYP2	SRR10318467	2.010326653736132
AHCYP2	SRR10318468	2.0198531747880226
AHCYP2	SRR10318469	3.0112099210728935
AHCYP2	SRR10318470	4
AHCYP2	SRR10318471	2
AHCYP2	SRR10318472	1.0044939929610694
AHCYP2	SRR10318473	1.0039520196971752
AHCYP2	SRR10318474	1.0042826021444868
AHCYP2	SRR10318475	1.0041019499142785
AHCYP2	SRR10318476	2.0074201197552233
AHCYP2	SRR10318495	4.0047412953778885
AHCYP2	SRR10318496	1.008939117884696
AHCYP2	SRR10318497	1.0057733394052475
AHCYP2	SRR10318498	4.003778150851877
AHCYP2	SRR10318499	5.006079648613892
AHCYP2	SRR10318500	1.0058289797049942
AHCYP2	SRR10318501	1.0049305007724685
AHCYP2	SRR10318502	1.0005398398063463
AHCYP2	SRR10318503	3.0057180847904186
AHCYP2	SRR10318504	1.0068217006633478
AHCYP2	SRR10318505	2.0014397023245074
AHCYP2	SRR10318506	1.012140088058167
AHCYP2	SRR10318507	1.0122808125437386
AHCYP2	SRR10318508	1.031213724706472
AHCYP2	SRR10318509	1.0070546102125433
AHCYP2	SRR10318510	2.01625062716957
AHCYP2	SRR10318511	4.005040318291648
AHCYP2	SRR10318512	1.0077519822290972
AHCYP2	SRR10318513	3.0101389976868056
AHCYP2	SRR10318514	1.0046534867814323
AHCYP2	SRR10318515	1.012185016083506
AHCYP2	SRR10318516	1.0060465501543596
AHCYP2	SRR10318517	2.0054042297511216
AHCYP2	SRR10318518	2.014681542087307
AHCYP2	SRR10318519	1.0048247538699455
AHCYP2	SRR10318520	1.0020114680017955
AHCYP2	SRR10318521	2.0073505508584337
AHCYP2	SRR10318522	2.0027921254337664
AHCYP2	SRR10318523	1.0022972139313746
AHCYP2	SRR10318524	2.0158665823041253
AHCYP2	SRR10318525	1.006333446777656
AHCYP2	SRR10318526	1.0066340409403034
AHCYP2	SRR10318527	2.000719721662436
AHCYP2	SRR10318528	3.0077394267260837
AHCYP2	SRR10318529	2.004533149999212
AHCYP2	SRR10318530	2.0137920162207337
AHCYP2	SRR10318531	1.0090633661821524
AHCYP2	SRR10318532	1.0085041203949443
AHCYP2	SRR10318533	1.0236532940435767
AHCYP2	SRR10318534	1.0178798129350086
AHCYP2	SRR10318535	1.0158026224654026
AHCYP2	SRR10318536	1.0041462270270287
AHCYP2	SRR10318537	2.0221647050451375
AHCYP2	SRR10318538	1.0019060282634729
AHCYP2	SRR10318539	1.007502905048184
AHCYP2	SRR10318540	1.0055480781368802
AHCYP2	SRR10318541	1.0074001354264437
AHCYP2	SRR10318542	1.0082966874658166
AHCYP2	SRR10318543	1.0102315119348009
AHCYP2	SRR10318544	2.0050352987003524
AHCYP2	SRR10318545	3.0267060177174403
AHCYP2	SRR10318546	1.0014402205102033
AHCYP2	SRR10318547	1.004071255814061
AHCYP2	SRR10318548	1.0049305007724685
AHCYP2	SRR10318549	1.0071774620660263
AHCYP2	SRR10318568	1.0032098048981044
AHCYP2	SRR10318569	1.0008998949047658
AHCYP2	SRR10318570	1.010993574886179
AHCYP2	SRR10318571	1.0008998949047658
AHCYP2	SRR10318572	1.0048247538699455
AHCYP2	SRR10318573	2.003091222454628
AHCYP2	SRR10318574	2.004974007359963
AHCYP2	SRR10318575	1.0048247538699455
AHCYP2	SRR10318576	1.0043850537320074
AHCYP2	SRR10318577	1.0029986843325787
AHCYP2	SRR10318578	1.0008998949047658
AHCYP2	SRR10318579	1.0031685095836653
AHCYP2	SRR10318580	1.0014402205102033
AHCYP2	SRR10318581	2
AHCYP2	SRR10875803	9.793104976813703
AHCYP2	SRR10875804	4.989546786313983
AHCYP2	SRR10875805	5.719173899217907
AHCYP2	SRR10875806	6.069530182031173
AHCYP2	SRR10875807	8.722456942342347
AHCYP2	SRR10875808	7.306634364926701
AHCYP2	SRR10875809	5.712680034551735
AHCYP2	SRR10875810	5.458423505039982
AHCYP2	SRR10875812	7
AHCYP2	SRR10875813	4.071374088869607
AHCYP2	SRR10875814	2.008142511628122
AHCYP2	SRR10875815	9
AHCYP2	SRR10875816	3
AHCYP2	SRR10875817	6.176368308829614
AHCYP2	SRR10875818	12.356129291485127
AHCYP2	SRR10875819	6
AHCYP2	SRR10875820	8.091497487368237
AHCYP2	SRR10875821	7.625253296606084
AHCYP2	SRR10875822	6.63502001061985
AHCYP2	SRR10875823	2
AHCYP2	SRR10875824	3.0272371734395676
AHCYP2	SRR10875825	9.016481018766946
AHCYP2	SRR10875826	5.911912152951284
AHCYP2	SRR10875827	3.8439998422825448
AHCYP2	SRR10875829	12.069141870977548
AHCYP2	SRR10875830	5
AHCYP2	SRR10875831	9.032716091066423
AHCYP2	SRR10875832	11
AHCYP2	SRR10875834	6.020543466950089
AHCYP2	SRR10875835	3
AHCYP2	SRR10875836	0.9427069927825823
AHCYP2	SRR10875837	10.453768459579841
AHCYP2	SRR10875838	11
AHCYP2	SRR10875839	5.190284776105818
AHCYP2	SRR10875840	3.2682673667631135
AHCYP2	SRR10875841	9.03486443735601
AHCYP2	SRR10875842	2.7805107181198077
AHCYP2	SRR10875843	2.7598766836517026
AHCYP2	SRR10875844	7.2342325904592455
AHCYP2	SRR10875845	4.530998772632309
AHCYP2	SRR10875846	2.1389210353426313
AHCYP2	SRR10875847	2.509607848115287
AHCYP2	SRR10875848	7
AHCYP2	SRR10875849	9.657723126899237
AHCYP2	SRR10875850	4.000719656924175
AHCYP2	SRR10875851	9.627555784018533
AHCYP2	SRR10875852	8.094141607297324
AHCYP2	SRR10875853	4.009066299998424
AHCYP2	SRR10875854	8.413842400708484
AHCYP2	SRR10875855	5.122655271639989
AHCYP2	SRR10875856	10.131711633228155
AHCYP2	SRR10875857	10.440474467817698
AHCYP2	SRR10875858	6.564516707208974
AHCYP2	SRR10875859	9
AHCYP2	SRR10875860	11.126969394795065
AHCYP2	SRR10875861	4.141088509513228
AHCYP2	SRR10875862	4.068797137485102
AHCYP2	SRR10875863	5.027365011296985
AHCYP2	SRR10875864	5
AHCYP2	SRR10875865	6.780828652550677
AHCYP2	SRR10875866	9.672640590454726
AHCYP2	SRR10875867	4.802976900286406
AHCYP2	SRR10875868	4.921257786746027
AHCYP2	SRR10875869	7
AHCYP2	SRR10875870	6.082463574581288
AHCYP2	SRR10875871	2.0003598284620874
AHCYP2	SRR10875872	4.678674422860287
AHCYP2	SRR10875873	3.228690292633185
AHCYP2	SRR10875874	4.104837678304277
AHCYP2	SRR10875875	4.945019927467703
AHCYP2	SRR10875876	4
AHCYP2	SRR10875877	6.474146684169097
AHCYP2	SRR10875878	4.031831595880946
AHCYP2	SRR10875879	23
AHCYP2	SRR10875880	6.024326625362561
AHCYP2	SRR10875881	3.1259667187832774
AHCYP2	SRR10875882	7
AHCYP2	SRR10875883	5.032471981237926
AHCYP2	SRR10875884	7.79742128733392
AHCYP2	SRR10875885	6.011436169580837
AHCYP2	SRR10875886	5.0378225199936
AHCYP2	SRR10875887	6
AHCYP2	SRR10875888	2.0565338724658404
AHCYP2	SRR10875889	2.004533149999212
AHCYP2	SRR10875890	6.013599449997636
AHCYP2	SRR10875891	5
AHCYP2	SRR10875892	9.980256347565621
AHCYP2	SRR10875893	3
AHCYP2	SRR10875894	4.15091138942497
AHCYP2	SRR10875895	4
AHCYP2	SRR10875896	2.02022308854242
AHCYP2	SRR10875897	2.005220914831824
AHCYP2	SRR10875898	5.718194690522825
AHCYP2	SRR10875899	8.104103384899915
AHCYP2	SRR10875900	5.019078447353435
AHCYP2	SRR10875901	4.008850255993735
AHCYP2	SRR10875902	5.023220020582362
AHCYP2	SRR12430469	4
AHCYP2	SRR12430470	0.8522624702009965
AHCYP2	SRR12430471	0.973304284575122
AHCYP2	SRR12430472	7.712087134663846
AHCYP2	SRR12430473	3
AHCYP2	SRR12430474	5.439492823507428
AHCYP2	SRR12430475	2.611055878944555
AHCYP2	SRR12430476	1
AHCYP2	SRR12765534	1
AHCYP2	SRR12765535	2.005315802879815
AHCYP2	SRR12765536	1.0046291005525438
AHCYP2	SRR12765537	5.021191595091865
AHCYP2	SRR12765538	1.0342968559958656
AHCYP2	SRR12765539	1.0314128115051437
AHCYP2	SRR12765540	3.0093968609455715
AHCYP2	SRR12765541	1.009703651326794
AHCYP2	SRR12765542	3
AHCYP2	SRR12765543	1.0164158147198445
AHCYP2	SRR12765544	2.0232100067982928
AHCYP2	SRR12765545	1.0094671701338622
AHCYP2	SRR12765546	1.0302580085326847
AHCYP2	SRR12765547	1.0081057978341976
AHCYP2	SRR12765548	1.0204595735015827
AHCYP2	SRR12765549	1.0076734929427573
AHCYP2	SRR12765550	2.080234848018568
AHCYP2	SRR12765551	1.0138517058671774
AHCYP2	SRR12765552	1.0415854347971876
AHCYP2	SRR12765553	1.044787541309448
AHCYP2	SRR12765554	1.0319374576290212
AHCYP2	SRR12765555	1.0207802232545309
AHCYP2	SRR12765556	1.0154992904437379
AHCYP2	SRR12765557	1.0105307135967785
AHCYP2	SRR12765558	1.0516646996103904
AHCYP2	SRR12765559	1.0019060282634729
AHCYP2	SRR12765560	2.0386295745611105
AHCYP2	SRR12765561	4.01135317546098
AHCYP2	SRR12765562	1.015740519865274
AHCYP2	SRR12765563	1.0073112962020905
AHCYP2	SRR12765564	2.004233837673013
AHCYP2	SRR12765565	1.0042664582321659
AHCYP2	SRR12765566	1.0072082511218612
AHCYP2	SRR12765567	4.053160412232982
AHCYP2	SRR12765568	1.0104061753780302
AHCYP2	SRR12765569	1.0115080415029285
AHCYP2	SRR12765570	1.0071774620660263
AHCYP2	SRR12765571	2.022377515938904
AHCYP2	SRR12765572	1.0066284645369288
AHCYP2	SRR12765573	1.0345835410136228
AHCYP2	SRR12765574	1.006959603260677
AHCYP2	SRR12765575	2.0484462470874036
AHCYP2	SRR12765576	3.0748279772629057
AHCYP2	SRR12765577	1.0460059726823405
AHCYP2	SRR12765578	1.0151849958585093
AHCYP2	SRR12765579	1.008549757583579
AHCYP2	SRR12765580	1.0114233604687528
AHCYP2	SRR12765581	1.0162640458244836
AHCYP2	SRR12765582	3.003015686275408
AHCYP2	SRR12765583	1.008894629432837
AHCYP2	SRR12765584	2.0250563261035786
AHCYP2	SRR12765585	1.011157847234662
AHCYP2	SRR12765586	2.0106218487473067
AHCYP2	SRR12765587	2.0236661075205538
AHCYP2	SRR12765588	1.0069962891030084
AHCYP2	SRR12765589	5.091876689104512
AHCYP2	SRR12765590	1.0294216534098712
AHCYP2	SRR12765591	1.0281334706568328
AHCYP2	SRR12765592	1.0165367644372587
AHCYP2	SRR12765593	1.0084329455714278
AHCYP2	SRR12765594	1.023275089062988
AHCYP2	SRR12765595	3.036054663518931
AHCYP2	SRR12765596	1.0044632868766021
AHCYP2	SRR12765597	3.02425068091063
AHCYP2	SRR12765598	1.0072316768045089
AHCYP2	SRR12765599	1.003093611368694
AHCYP2	SRR12765600	2.0861870827233204
AHCYP2	SRR12765601	1.0221622395262338
AHCYP2	SRR12765602	1.008672496399683
AHCYP2	SRR12765603	1.0100331670398786
AHCYP2	SRR12765604	1.0081630176909429
AHCYP2	SRR12765605	4.031262961622918
AHCYP2	SRR12765606	2.026607116912874
AHCYP2	SRR12765607	1.008783747817285
AHCYP2	SRR12765608	1.0088818539791797
AHCYP2	SRR12765609	2.009704462477354
AHCYP2	SRR12765610	1.008763978794329
AHCYP2	SRR12765611	1.0055619738776487
AHCYP2	SRR12765612	1.0045616509459838
AHCYP2	SRR12765613	2.012073391852546
AHCYP2	SRR12765614	1.0046747157254012
AHCYP2	SRR12765615	2.01836641871408
AHCYP2	SRR12765616	1.0061831833585213
AHCYP2	SRR12765617	1.0085055016400712
AHCYP2	SRR12765618	1.0235720872907181
AHCYP2	SRR12765619	1.0218888958464731
AHCYP2	SRR12765620	1.0081810702952163
AHCYP2	SRR12765621	1.0026231534549817
AHCYP2	SRR12765622	1.0220255670364495
AHCYP2	SRR12765623	2
AHCYP2	SRR12765624	2.007958946401224
AHCYP2	SRR12765625	3.0250729629149564
AHCYP2	SRR12765626	1.004961221139498
AHCYP2	SRR12765627	1.0005398398063463
AHCYP2	SRR12765628	1.0416404899160054
AHCYP2	SRR12765629	3.0974508496970627
AHCYP2	SRR12765630	1.001725803535813
AHCYP2	SRR12765631	1.006060158116402
AHCYP2	SRR12765632	2.013170362593027
AHCYP2	SRR12765633	1.0195633163121216
AHCYP2	SRR12765634	1.005465650857193
AHCYP2	SRR12765635	1.0232142122054655
AHCYP2	SRR12765636	1.0122197343296355
AHCYP2	SRR12765637	1.0356758705836402
AHCYP2	SRR12765638	3
AHCYP2	SRR12765639	1.0312383739753317
AHCYP2	SRR12765640	4.020322308463831
AHCYP2	SRR12765641	1.0191101951053518
AHCYP2	SRR12765642	1.002446897019748
AHCYP2	SRR12765643	2.0283400598437025
AHCYP2	SRR12765644	1.0035876309652703
AHCYP2	SRR12765645	1.0289926005960395
AHCYP2	SRR12765646	1.0068290619802291
AHCYP2	SRR12765647	1.0292969953121303
AHCYP2	SRR12765648	1.0119067516462763
AHCYP2	SRR12765649	1.0495385478573618
AHCYP2	SRR12765650	1.0183845609590005
AHCYP2	SRR12765651	1.0282802169943726
AHCYP2	SRR12765652	1.0107837488840228
AHCYP2	SRR12774664	1.0053155170153698
AHCYP2	SRR12774665	1.0135566637804032
AHCYP2	SRR12774666	2.0213832501432396
AHCYP2	SRR12774667	1.015112987886643
AHCYP2	SRR12774668	1.0534151748540257
AHCYP2	SRR12774669	3.0558678320858177
AHCYP2	SRR12774670	2.098226039847755
AHCYP2	SRR12774671	1.0484655565231629
AHCYP2	SRR12774672	3.018581531354038
AHCYP2	SRR12774673	2.02871218270448
AHCYP2	SRR12774674	1.0244413045784626
AHCYP2	SRR12774675	3.1039562777417156
AHCYP2	SRR12774676	1.0065547698859227
AHCYP2	SRR12774677	1.0109759582725257
AHCYP2	SRR12774678	1.0438847092278365
AHCYP2	SRR12774679	1.023414658310555
AHCYP2	SRR12774680	1.0142412524286228
AHCYP2	SRR12774681	3.026190131613477
AHCYP2	SRR12774682	1.0106527118449917
AHCYP2	SRR12774683	1.0071464844271232
AHCYP2	SRR12774684	2.0105777894485675
AHCYP2	SRR12774685	4.02955784887945
AHCYP2	SRR12774686	5.0908416690702865
AHCYP2	SRR12774687	1.0294604238537992
AHCYP2	SRR1609360	1.0496124788462589
AHCYP2	SRR1609361	1.0264423184229399
AHCYP2	SRR1609362	2.1370002626826157
AHCYP2	SRR1609363	1.0074338842995187
AHCYP2	SRR1609364	1.0087481066288493
AHCYP2	SRR1609365	1.0146339829764384
AHCYP2	SRR1609366	1.0057564926416112
AHCYP2	SRR1609367	1.0027327671216282
AHCYP2	SRR1609368	2.011305939298907
AHCYP2	SRR1609369	1.0008998949047658
AHCYP2	SRR1609370	2.0041725708322518
AHCYP2	SRR1609371	1.0304964007766504
AHCYP2	SRR1609372	1.000825166068307
AHCYP2	SRR1609373	1.0075612554988438
AHCYP2	SRR1609374	1.0026272514823873
AHCYP2	SRR1609375	1.0066648133839482
AHCYP2	SRR1609376	2.03252705311018
AHCYP2	SRR1609377	1.0053810915116634
AHCYP2	SRR1609378	1.0177728662012375
AHCYP2	SRR1609379	1.0018312243074385
AHCYP2	SRR1609380	2.032004795828189
AHCYP2	SRR1609381	1.0007198511622537
AHCYP2	SRR1609382	1.0145549576818973
AHCYP2	SRR1609383	3.031580778925743
AHCYP2	SRR1609384	2.019758190428129
AHCYP2	SRR1609385	1.007487455393186
AHCYP2	SRR1609386	1.0067982845157166
AHCYP2	SRR1609387	1.0076068991803102
AHCYP2	SRR1609388	1.0130372052474508
AHCYP2	SRR1609389	1.0025356008660358
AHCYP2	SRR1609390	1.0131607869251968
AHCYP2	SRR1609391	1.0643168557255298
AHCYP2	SRR1609392	1.0157951352724675
AHCYP2	SRR1609393	1.0451601529901198
AHCYP2	SRR1609394	1.028409336119194
AHCYP2	SRR1609395	2.011246319240141
AHCYP2	SRR1609396	3.0034138485008444
AHCYP2	SRR1609397	1.0149403288090864
AHCYP2	SRR1609398	1.0047190180949654
AHCYP2	SRR1609399	1.0038679712350747
AHCYP2	SRR1609400	2.0044382989849914
AHCYP2	SRR1609401	1.0108006798559126
AHCYP2	SRR1609402	2.008987985922139
AHCYP2	SRR1609403	1.00325727728352
AHCYP2	SRR1609404	2.0244311952056044
AHCYP2	SRR1609405	1.0068279191230753
AHCYP2	SRR1609406	2.0081956917187083
AHCYP2	SRR1609407	1.0024242592569674
AHCYP2	SRR1609408	1.0078797189691773
AHCYP2	SRR1609409	1.0192836281435407
AHCYP2	SRR1609410	2
AHCYP2	SRR1609411	1.0534817444447622
AHCYP2	SRR1609412	2
AHCYP2	SRR1609413	0.9620760097549236
AHCYP2	SRR1609414	1.001651013035654
AHCYP2	SRR1609415	1.0001799142310437
AHCYP2	SRR1609416	1.002719204165851
AHCYP2	SRR1609417	2.0136859508460097
AHCYP2	SRR1609418	1.0014540594841934
AHCYP2	SRR1609419	1.004906320813734
AHCYP2	SRR1609420	1.0047772073142707
AHCYP2	SRR1609421	1.0064932326669793
AHCYP2	SRR1609422	1.0170007457993464
AHCYP2	SRR1609423	1.0543133661346646
AHCYP2	SRR1609424	1.0793326783308919
AHCYP2	SRR1609425	2.003302026071308
AHCYP2	SRR1609426	2.0095523586449935
AHCYP2	SRR1609427	1.005322867319879
AHCYP2	SRR1609428	1.0087253265689666
AHCYP2	SRR1609429	1.0012906877364744
AHCYP2	SRR1609430	5.020884617095447
AHCYP2	SRR1609431	2.0151692592238515
AHCYP2	SRR1609432	1.001545611227314
AHCYP2	SRR1609433	1.0084913498862338
AHCYP2	SRR1609434	1.0152841125038419
AHCYP2	SRR1609435	1.0046132934463576
AHCYP2	SRR1609436	4.0130963287377925
AHCYP2	SRR1609437	1.0221628286585938
AHCYP2	SRR1609438	1.0325930752618184
AHCYP2	SRR1609439	1.0150438676413862
AHCYP2	SRR1609440	1.0025798089086946
AHCYP2	SRR1609441	3.006799724998818
AHCYP2	SRR1609442	2.0148192882121223
AHCYP2	SRR1609443	1.008915652491251
AHCYP2	SRR1609444	1.0005398398063463
AHCYP2	SRR1609445	1.0035295106373756
AHCYP2	SRR1609446	1.011429259673962
AHCYP2	SRR1609447	1.2343308859580486
AHCYP2	SRR1609448	2.017770213473652
AHCYP2	SRR1609449	1.0025049546470863
AHCYP2	SRR1609450	2.0041725708322518
AHCYP2	SRR1609451	1.013157817128191
AHCYP2	SRR1609452	1.2640053263343127
AHCYP2	SRR1609453	1.0018418386249568
AHCYP2	SRR1609454	1.0163997734607435
AHCYP2	SRR1609455	1.252344349611058
AHCYP2	SRR1609456	1.004895674028629
AHCYP2	SRR1609457	2.0133911735365912
AHCYP2	SRR1609458	1.240929610314354
AHCYP2	SRR1609459	1.0039139901228018
AHCYP2	SRR1609460	1.0098989712686044
AHCYP2	SRR1609461	3.0051270737059346
AHCYP2	SRR1609462	2.0074814858723964
AHCYP2	SRR1609463	1.0066043693551068
AHCYP2	SRR1609464	1.011490802424949
AHCYP2	SRR1609465	1.0122774846884037
AHCYP2	SRR1609466	1.1216427607845454
AHCYP2	SRR1609467	1.0121540748943918
AHCYP2	SRR1609468	2.003451607071626
AHCYP2	SRR1609469	1.0001799142310437
AHCYP2	SRR1609470	1.004852231238677
AHCYP2	SRR1609471	1.0021443221583142
AHCYP2	SRR1609472	1.0873653005292128
AHCYP2	SRR1609473	1.0580975264984585
AHCYP2	SRR1609474	2.0051850091193257
AHCYP2	SRR1609475	1.0221791170213061
AHCYP2	SRR1609476	2.857331013738209
AHCYP2	SRR1609477	1.0057289905461357
AHCYP2	SRR1609478	1.0232796925205707
AHCYP2	SRR1609479	1.0106476593347347
AHCYP2	SRR1609480	1
AHCYP2	SRR1609481	1.0106218174964396
AHCYP2	SRR1609482	1.0037100598776116
AHCYP2	SRR1609483	1.0046132934463576
AHCYP2	SRR1609484	1.0080701805983117
AHCYP2	SRR1609485	3.0026996847142975
AHCYP2	SRR1609486	2.0065481643688963
AHCYP2	SRR1609487	2.0079925803971355
AHCYP2	SRR1609488	1.0014402205102033
AHCYP2	SRR1609489	1.0022191494924957
AHCYP2	SRR1609490	2.0336880940726507
AHCYP2	SRR1609491	2.0071752619305405
AHCYP2	SRR1609492	1
AHCYP2	SRR1609493	3.013706987215939
AHCYP2	SRR1609494	1.005980932254509
AHCYP2	SRR1609495	1.002266574999606
AHCYP2	SRR1609496	3.0026996847142975
AHCYP2	SRR1609497	1.0008998949047658
AHCYP2	SRR1609498	2.000719721662436
AHCYP2	SRR1609499	1.0021169188365064
AHCYP2	SRR1609500	2.003451607071626
AHCYP2	SRR1609501	1.0012906877364744
AHCYP2	SRR1609502	1.0131235797683193
AHCYP2	SRR1609503	1.2577312251671255
AHCYP2	SRR1609504	1
AHCYP2	SRR1609505	1
AHCYP2	SRR1609506	1.019996986701897
AHCYP2	SRR1609507	1.0061660350318171
AHCYP2	SRR1609508	2.0010796796126926
AHCYP2	SRR1609509	2.0128443995223138
AHCYP2	SRR1609510	1.0056982467093867
AHCYP2	SRR1609511	1.0375190831321666
AHCYP2	SRR1609512	1.003393745919232
AHCYP2	SRR1609513	1.0032605119068476
AHCYP2	SRR1609514	2.09961043719785
AHCYP2	SRR1609515	1.001980837804911
AHCYP2	SRR1609516	2.0084087661452323
AHCYP2	SRR1609517	1.0230255913150224
AHCYP2	SRR1609518	1.0016203938574126
AHCYP2	SRR1609519	2.003451607071626
AHCYP2	SRR1609520	1.0793712363413515
AHCYP2	SRR1609521	2.0033568072341312
AHCYP2	SRR1609522	2.0489442940089795
AHCYP2	SRR1609523	1.0047940376745443
AHCYP2	SRR1609524	1.0169007391409333
AHCYP2	SRR1609525	1.0055480781368802
AHCYP2	SRR1609526	1.020687225978975
AHCYP2	SRR1609527	1
AHCYP2	SRR1609528	1.0089020059058134
AHCYP2	SRR1609529	2.052323536575328
AHCYP2	SRR1609530	3.014678698339007
AHCYP2	SRR1609531	2.0076845454960273
AHCYP2	SRR1609532	1.0073820968056781
AHCYP2	SRR1609533	2.0776421017853592
AHCYP2	SRR1609534	2.0026361369292687
AHCYP2	SRR1609535	1.0447999386373616
AHCYP2	SRR1609536	1.0111854977845782
AHCYP2	SRR1609537	1.003877062984047
AHCYP2	SRR1609538	2
AHCYP2	SRR1609539	1.0062411626561332
AHCYP2	SRR1609540	1
AHCYP2	SRR1609541	1.1005986779971142
AHCYP2	SRR1609542	2.004744105363121
AHCYP2	SRR1609543	1.0020862854161259
AHCYP2	SRR1609544	1.005937378799828
AHCYP2	SRR1609545	0.842475569847972
AHCYP2	SRR1609546	2
AHCYP2	SRR1609547	1.0052170791293795
AHCYP2	SRR1609548	1.0184861532197387
AHCYP2	SRR1609549	1.0108592213002114
AHCYP2	SRR1609550	2
AHCYP2	SRR1609551	1.0117435272800281
AHCYP2	SRR1609552	1.0045689957386463
AHCYP2	SRR1609553	2.005315802879815
AHCYP2	SRR1609554	1.0092141688423883
AHCYP2	SRR1609555	1.0035601881766363
AHCYP2	SRR1609556	1.0226028348590848
AHCYP2	SRR1609557	2.0126886473483316
AHCYP2	SRR1609558	1.0043407660883636
AHCYP2	SRR1609559	1.0429313075146665
AHCYP2	SRR1609560	2.014840515512933
AHCYP2	SRR1609561	1.002610457415912
AHCYP2	SRR1609562	1.0010052287584692
AHCYP2	SRR1609563	1.0044771676265627
AHCYP2	SRR1609564	1.0009578629360643
AHCYP2	SRR1609565	1.0254977843458928
AHCYP2	SRR1609566	1.0033796658956018
AHCYP2	SRR1609567	1.258890072207468
AHCYP2	SRR1609568	1
AHCYP2	SRR1609569	3
AHCYP2	SRR1609570	1.0181071207811365
AHCYP2	SRR1609571	1.0245516446814755
AHCYP2	SRR1609572	1.0135334782752279
AHCYP2	SRR1609573	2.040350292061208
AHCYP2	SRR1609574	1.0052445672264152
AHCYP2	SRR1609575	1.0736998596975067
AHCYP2	SRR1609576	1.004026982007113
AHCYP2	SRR1609577	4.016940324969946
AHCYP2	SRR1609578	1.0017838194003639
AHCYP2	SRR1609579	1.0068290619802291
AHCYP2	SRR1609580	1.0077765856207708
AHCYP2	SRR1609581	1.0421710305067429
AHCYP2	SRR1609582	1.008446585812273
AHCYP2	SRR1609583	1.0362453520104524
AHCYP2	SRR1609584	2.0041390008217292
AHCYP2	SRR1609585	1.0008998949047658
AHCYP2	SRR1609586	2.1572497533725854
AHCYP2	SRR1609587	1.012248840177597
AHCYP2	SRR1609588	1.0140245410109685
AHCYP2	SRR1609589	2.005315802879815
AHCYP2	SRR1609590	1.000359860831218
AHCYP2	SRR1609591	2.0065481643688963
AHCYP2	SRR1609592	1.0069291468220734
AHCYP2	SRR1609593	1.0055894714059808
AHCYP2	SRR1609594	1.0256481719610884
AHCYP2	SRR1609595	1.0250719923527887
AHCYP2	SRR1609596	2.0052545029647746
AHCYP2	SRR1609597	1.0042350812424865
AHCYP2	SRR1609598	1.027952820823441
AHCYP2	SRR1609599	1.0215262413064172
AHCYP2	SRR1609600	1.031286113324528
AHCYP2	SRR1609601	2.0567471607067103
AHCYP2	SRR1609602	2.3267904494222718
AHCYP2	SRR1609603	1
AHCYP2	SRR1609604	1.0071022645360526
AHCYP2	SRR1609605	1.0077519822290972
AHCYP2	SRR1609606	1.016340160710226
AHCYP2	SRR1609607	1.0050669824037204
AHCYP2	SRR1609608	1.0206596050691408
AHCYP2	SRR1609609	2.0664129998227456
AHCYP2	SRR1609610	2
AHCYP2	SRR1609611	1.0173971986878916
AHCYP2	SRR1609612	1.002341411462068
AHCYP2	SRR1609613	1.0008998949047658
AHCYP2	SRR1609614	1.0118849169807895
AHCYP2	SRR1609615	2.006398352174505
AHCYP2	SRR1609616	1
AHCYP2	SRR1609617	1
AHCYP2	SRR1609618	1.0032298435283036
AHCYP2	SRR1609619	4.014650264269253
AHCYP2	SRR1609620	2.025675432378269
AHCYP2	SRR1609621	1.00876204659104
AHCYP2	SRR1609622	1.0397207257794516
AHCYP2	SRR1609623	1.0194149042912743
AHCYP2	SRR1609624	1.2336696420287332
AHCYP2	SRR1609625	1.0016203938574126
AHCYP2	SRR1609626	1.0079578989702365
AHCYP2	SRR1609627	1.0055788173830293
AHCYP2	SRR1609628	2.0038397473489877
AHCYP2	SRR1609629	1.016628015095451
AHCYP2	SRR1609630	1.002838293865245
AHCYP2	SRR1609631	1
AHCYP2	SRR1609632	1
AHCYP2	SRR1609633	2.0073316039946825
AHCYP2	SRR1609634	2.0168042381565296
AHCYP2	SRR1609635	1.0252958338928058
AHCYP2	SRR1609636	1.0340317261405663
AHCYP2	SRR1609637	1.004139785441317
AHCYP2	SRR1609638	1.0249950491217468
AHCYP2	SRR1609639	1.0055894714059808
AHCYP2	SRR1609640	2.0003598284620874
AHCYP2	SRR1609641	2.000570344629187
AHCYP2	SRR1609642	1
AHCYP2	SRR1609643	1.0122774846884037
AHCYP2	SRR1609644	1.0010799710397094
AHCYP2	SRR1609645	1.0032298435283036
AHCYP2	SRR1609646	2.0047989259602277
AHCYP2	SRR1609647	1.0212982971415507
AHCYP2	SRR1609648	1.0036559710886879
AHCYP2	SRR1609649	2.0166940615573257
AHCYP2	SRR1609650	1.0075230294309803
AHCYP2	SRR1609651	1.0034545854694705
AHCYP2	SRR1609652	2.0072088827994703
AHCYP2	SRR1609653	1.0511387444381015
AHCYP2	SRR1609654	1.0351447830852243
AHCYP2	SRR1609655	1.0068800116614336
AHCYP2	SRR1609656	1.0146617285827944
AHCYP2	SRR1609657	1.0132706137894723
AHCYP2	SRR1609658	1.0203628410233592
AHCYP2	SRR1609659	1.0080669304680778
AHCYP2	SRR1609660	1.0039487828443494
AHCYP2	SRR1609661	1.0014848874183715
AHCYP2	SRR1609662	1.0047190180949654
AHCYP2	SRR1609663	1.002668524516
AHCYP2	SRR1609664	1.00735571483492
AHCYP2	SRR1609665	1
AHCYP2	SRR1609666	2.0337860441339437
AHCYP2	SRR1609667	1.0029880577585075
AHCYP2	SRR1609668	1.126374524616663
AHCYP2	SRR1609669	1.0197584865298666
AHCYP2	SRR1746771	0.5818757355634473
AHCYP2	SRR1746772	1.768546687827825
AHCYP2	SRR1746773	2.293327837565484
AHCYP2	SRR1746774	2.146195363239798
AHCYP2	SRR1746775	2.829758648823748
AHCYP2	SRR1746776	1.6463393066128473
AHCYP2	SRR1746777	1.440853581772989
AHCYP2	SRR1746778	0.5400933262493899
AHCYP2	SRR1746779	1.7929721025165746
AHCYP2	SRR1746780	3.177277325269983
AHCYP2	SRR1746781	0.7373202383438621
AHCYP2	SRR1746782	2.0091379914772927
AHCYP2	SRR1746783	4
AHCYP2	SRR1746784	1
AHCYP2	SRR1782685	1.0163701315430376
AHCYP2	SRR1782686	2.0490370135679346
AHCYP2	SRR1782687	1.0124456809155273
AHCYP2	SRR1782688	1.0169436235163218
AHCYP2	SRR1782689	1.0182289169689787
AHCYP2	SRR1782690	1.0209481971593921
AHCYP2	SRR1782691	2.0036011992407423
AHCYP2	SRR1782692	2.0167930657607016
AHCYP2	SRR1782693	1.009155613559072
AHCYP2	SRR1782694	2.032569279459179
AHCYP2	SRR1782695	1.0007198511622537
AHCYP2	SRR1782696	1.0034071037477756
AHCYP2	SRR1782697	2.017789258865674
AHCYP2	SRR1782698	2.004233837673013
AHCYP2	SRR1782699	1.0249781804088034
AHCYP2	SRR1782700	1.0077600305872203
AHCYP2	SRR1782701	1.00637782229101
AHCYP2	SRR1782702	1.0108389703070961
AHCYP2	SRR1782703	1.0039487828443494
AHCYP2	SRR1782704	2.0319994477640853
AHCYP2	SRR1782705	1.024627921670523
AHCYP2	SRR1782706	2.005159617817389
AHCYP2	SRR1782707	2.0077973182419098
AHCYP2	SRR1782708	1.0538021486811544
AHCYP2	SRR1782709	1.0501361936915201
AHCYP2	SRR1782710	2
AHCYP2	SRR1782711	1.0116484418278766
AHCYP2	SRR1782712	2.0242544147356214
AHCYP2	SRR1782713	1.0221907801445005
AHCYP2	SRR1782714	1.0873263978153305
AHCYP2	SRR1782715	1.0025049546470863
AHCYP2	SRR1782716	1.015162755673933
AHCYP2	SRR1782717	1.000825166068307
AHCYP2	SRR1782718	1.0146894749478659
AHCYP2	SRR1782719	1.0074140567609242
AHCYP2	SRR1782720	1.017778610915434
AHCYP2	SRR1782721	1.1217593509927906
AHCYP2	SRR1782722	1.0008998949047658
AHCYP2	SRR1782723	2.004533149999212
AHCYP2	SRR1782724	1.011574079940271
AHCYP2	SRR1782725	2.1381985443167246
AHCYP2	SRR1782726	1.00768154067403
AHCYP2	SRR1782727	1
AHCYP2	SRR1782728	1.0306785213210727
AHCYP2	SRR1782729	0.9547105140749295
AHCYP2	SRR1782730	2.0028804410204066
AHCYP2	SRR1782731	2.065800769360774
AHCYP2	SRR1782732	1.0797441103980587
AHCYP2	SRR1782733	1.0099265873940113
AHCYP2	SRR1782734	2.0126858077224936
AHCYP2	SRR1782735	1.0047021889912742
AHCYP2	SRR1782736	1.01871989576969
AHCYP2	SRR1782737	1.0016784036170656
AHCYP2	SRR1782738	1.049900494318433
AHCYP2	SRR1782739	3.0315652449181596
AHCYP2	SRR1782740	1.01204669428906
AHCYP2	SRR1782741	1.0546801002769515
AHCYP2	SRR1782742	2
AHCYP2	SRR1782743	2.004084198270068
AHCYP2	SRR1782744	1.0050596339700848
AHCYP2	SRR1782745	1.0123427036165962
AHCYP2	SRR1782746	2.0406081421297304
AHCYP2	SRR1782747	2.0152404593845517
AHCYP2	SRR1782748	1.015029947158002
AHCYP2	SRR1782749	1.013076264249149
AHCYP2	SRR1782750	1.0014089067169103
AHCYP2	SRR1782751	1.0158954859371438
AHCYP2	SRR1782752	1.0068598403855975
AHCYP2	SRR1782753	1.001063202890274
AHCYP2	SRR1782754	1.0085680787439217
AHCYP2	SRR1782755	1.0027601872840743
AHCYP2	SRR1782756	1.0456381683839602
AHCYP2	SRR1782757	1.0014708341806098
AHCYP2	SRR1782758	1.0018005996203712
AHCYP2	SRR1782759	1.0044740376826409
AHCYP2	SRR1782760	1.0145475398780028
AHCYP2	SRR1782761	1.1238501762695376
AHCYP2	SRR1782762	1.0649255307900556
AHCYP2	SRR1782763	2.0110624702927673
AHCYP2	SRR1782764	3.0036477891683355
AHCYP2	SRR1782765	1.003304751915352
AHCYP2	SRR1782766	1.0108493839910517
AHCYP2	SRR1782767	2.019872831445535
AHCYP2	SRR1782768	1.0066666566644284
AHCYP2	SRR1782769	1.0087205227286287
AHCYP2	SRR1782770	1.0047423858829498
AHCYP2	SRR1782771	1.0068292462162547
AHCYP2	SRR1782772	1.005465650857193
AHCYP2	SRR1782773	2.0088315148498306
AHCYP2	SRR1782774	1.0025523936786382
AHCYP2	SRR1782775	1.0203057202994605
AHCYP2	SRR1782776	2.0304661902988608
AHCYP2	SRR1782777	1.0001799142310437
AHCYP2	SRR1782778	2.003717239633611
AHCYP2	SRR1782779	2.0568581033138913
AHCYP2	SRR1782780	1.0131470187154437
AHCYP2	SRR1782781	1.0353590447332954
AHCYP2	SRR1782782	1.0208564420797066
AHCYP2	SRR1782783	1.0064352388451732
AHCYP2	SRR1782784	1.0034239111583483
AHCYP2	SRR1782785	1.0010799710397094
AHCYP2	SRR1782786	1.0254091193769634
AHCYP2	SRR1782787	1
AHCYP2	SRR1782788	2.0075977509956084
AHCYP2	SRR1782789	1.0173768425012382
AHCYP2	SRR1782790	1.0056784533302756
AHCYP2	SRR1782791	1.0060164756728647
AHCYP2	SRR1782792	1.0069216150206068
AHCYP2	SRR1782793	1.0375153886962647
AHCYP2	SRR1782794	1.0069211050997067
AHCYP2	SRR1782795	1.0214531830775024
AHCYP2	SRR1782796	1.0800775530816074
AHCYP2	SRR1782797	1.0257043393761212
AHCYP2	SRR1782798	1.0196936687232063
AHCYP2	SRR1782799	1.0016203938574126
AHCYP2	SRR1782800	1.0018005996203712
AHCYP2	SRR1782801	1.0056231596200704
AHCYP2	SRR1782802	1.00746468119409
AHCYP2	SRR1782803	1.0037100598776116
AHCYP2	SRR1782804	1.0027523440034467
AHCYP2	SRR1782805	1.0018005996203712
AHCYP2	SRR1782806	2.005438408331702
AHCYP2	SRR1782807	1.0356994706753837
AHCYP2	SRR1782808	1.026827020828528
AHCYP2	SRR1782809	1.013752729059885
AHCYP2	SRR1782810	1.0169339604032894
AHCYP2	SRR1782811	1.0031517064510844
AHCYP2	SRR1782812	1.012847572848198
AHCYP2	SRR1782813	1.0063165906321876
AHCYP2	SRR1782814	1.0131760192829955
AHCYP2	SRR1782815	1.062495840870562
AHCYP2	SRR1782816	1.0005398398063463
AHCYP2	SRR1782817	1.0035908666536983
AHCYP2	SRR1782818	1.0140695526855483
AHCYP2	SRR1782819	1.0280666097863669
AHCYP2	SRR1782820	1.0360618097617436
AHCYP2	SRR1782821	1.0027327671216282
AHCYP2	SRR1782822	1.008031995028529
AHCYP2	SRR1782823	1.003877062984047
AHCYP2	SRR1782824	1.0057597353227128
AHCYP2	SRR1782825	1.0058487323132066
AHCYP2	SRR1782826	2.013903772637601
AHCYP2	SRR1782827	1.013565933704922
AHCYP2	SRR1782828	2
AHCYP2	SRR1782829	1
AHCYP2	SRR1782830	1.0394926725314855
AHCYP2	SRR1782831	1.0739194225513655
AHCYP2	SRR1782832	1.0329184392097017
AHCYP2	SRR1782833	1.0233328160231223
AHCYP2	SRR1782834	1.0001799142310437
AHCYP2	SRR1782835	1.115615765911128
AHCYP2	SRR1782836	3.3394178130361416
AHCYP2	SRR1782837	1.0281334706568328
AHCYP2	SRR1782838	1.0134017576581857
AHCYP2	SRR1782839	2.028484970282542
AHCYP2	SRR1782840	1.0085859860123885
AHCYP2	SRR1782841	1.0152682801580397
AHCYP2	SRR1782842	1
AHCYP2	SRR1782843	1.0248893103783814
AHCYP2	SRR1782844	2.000570344629187
AHCYP2	SRR1782845	1.0191934424402136
AHCYP2	SRR1782846	1.0056007446618231
AHCYP2	SRR1782847	1.2341754014728283
AHCYP2	SRR1782848	1.2339624247168026
AHCYP2	SRR1782849	1.2407817669595906
AHCYP2	SRR1782850	1.2523904174212142
AHCYP2	SRR1782851	1.2640085575608608
AHCYP2	SRR1782852	1.264344673893091
AHCYP2	SRR1782853	1.2591344565382891
AHCYP2	SRR1782854	1.0032740821844481
AHCYP2	SRR1782855	1.0024121563473647
AHCYP2	SRR1782856	1.005344170055093
AHCYP2	SRR1782857	2.014450834422603
AHCYP2	SRR1782858	1.0010799710397094
AHCYP2	SRR1782859	2.0032407877148253
AHCYP2	SRR1782860	3.006799724998818
AHCYP2	SRR1782861	1.0018713063353686
AHCYP2	SRR1782862	1.0047190180949654
AHCYP2	SRR1782863	1.0026579014399075
AHCYP2	SRR1782864	1.0132164950882474
AHCYP2	SRR1782865	5.021413010722434
AHCYP2	SRR1782866	1.0035295106373756
AHCYP2	SRR1782867	1.0170545049080533
AHCYP2	SRR1782868	4.014663207989365
AHCYP2	SRR1782869	4.014050805832023
AHCYP2	SRR1782870	1.0025049546470863
AHCYP2	SRR1782871	1.0053810915116634
AHCYP2	SRR1782872	1.002779198304047
AHCYP2	SRR1782873	2.009342953085046
AHCYP2	SRR1782874	1.0065024345620641
AHCYP2	SRR1782875	1.0051863509411016
AHCYP2	SRR1782876	1.003982710152387
AHCYP2	SRR1782877	1.0034239111583483
AHCYP2	SRR1782878	1.0080565454487205
AHCYP2	SRR1782879	1.014806463283347
AHCYP2	SRR1782880	2.0084766380367456
AHCYP2	SRR1782881	4.0167076936763575
AHCYP2	SRR1782882	1.0035295106373756
AHCYP2	SRR1782883	2.003662448614877
AHCYP2	SRR1782884	1.0007198511622537
AHCYP2	SRR1782885	1
AHCYP2	SRR1782886	1.0055714652071701
AHCYP2	SRR1782887	1.0009304920576112
AHCYP2	SRR1782888	1.003284711788924
AHCYP2	SRR1782889	1.0043575891380983
AHCYP2	SRR1782890	1.001545611227314
AHCYP2	SRR1782891	1.0007198511622537
AHCYP2	SRR1782892	2.003717239633611
AHCYP2	SRR1782893	1.0039213301801309
AHCYP2	SRR1782894	1.0115931161663667
AHCYP2	SRR1782895	2.0074201197552233
AHCYP2	SRR1782896	1.0021611084168651
AHCYP2	SRR1782897	2.0056152767867226
AHCYP2	SRR1782898	2.004533149999212
AHCYP2	SRR1782899	1.003793020797143
AHCYP2	SRR1782900	3.0032399131191276
AHCYP2	SRR1782901	3.003015686275408
AHCYP2	SRR1782902	2
AHCYP2	SRR1782903	2.0051047873572765
AHCYP2	SRR1782904	1
AHCYP2	SRR1782905	1.0021169188365064
AHCYP2	SRR1782906	2.0128443995223138
AHCYP2	SRR1782907	1.004907806923692
AHCYP2	SRR1782908	1.003093611368694
AHCYP2	SRR1782909	1.0034545854694705
AHCYP2	SRR1782910	1
AHCYP2	SRR1782911	1.0070406938452114
AHCYP2	SRR1782912	2.8605601494747623
AHCYP2	SRR1782913	1
AHCYP2	SRR1782914	1.0028076383933613
AHCYP2	SRR1782915	3
AHCYP2	SRR1782916	1.010869575218145
AHCYP2	SRR1782917	1.0032393128452408
AHCYP2	SRR1782918	1.0010799710397094
AHCYP2	SRR1782919	4
AHCYP2	SRR1782920	1.0010799710397094
AHCYP2	SRR1782921	1.0020862854161259
AHCYP2	SRR1782922	1.1868611598736958
AHCYP2	SRR1782923	2.0112777955939474
AHCYP2	SRR1782924	1.0051863509411016
AHCYP2	SRR1782925	2.0071057015195124
AHCYP2	SRR1782926	1.007434179369019
AHCYP2	SRR1782927	1.002913173016367
AHCYP2	SRR1782928	1.0072973762876458
AHCYP2	SRR1782929	1.0087717835221508
AHCYP2	SRR1782930	2.005881196224182
AHCYP2	SRR1782931	1.0027327671216282
AHCYP2	SRR1782932	1.0037513774849056
AHCYP2	SRR1782933	1.0653997108487636
AHCYP2	SRR1782934	3.0178220574363244
AHCYP2	SRR1782935	2.009104338295677
AHCYP2	SRR1782936	2.0519444997976137
AHCYP2	SRR1782937	1.0079641033133233
AHCYP2	SRR1782938	1.258100037900621
AHCYP2	SRR1782939	1.00479109240232
AHCYP2	SRR1782940	2.0053439426706143
AHCYP2	SRR1782941	1.0079259217617345
AHCYP2	SRR1782942	2.008053964014226
AHCYP2	SRR1782943	1.0047190180949654
AHCYP2	SRR1782944	1.0013180684646343
AHCYP2	SRR1782945	1.0053810915116634
AHCYP2	SRR1782946	1.0021611084168651
AHCYP2	SRR1782947	2.0042886443166283
AHCYP2	SRR1782948	2
AHCYP2	SRR1782949	2.0050434938927086
AHCYP2	SRR1782950	1
AHCYP2	SRR1782951	1.00336285922614
AHCYP2	SRR1782952	0.8484933909708836
AHCYP2	SRR1782953	1.0019060282634729
AHCYP2	SRR1782954	1.1264165338665522
AHCYP2	SRR1782955	1.0342541231867062
AHCYP2	SRR1782956	1.0152841125038419
AHCYP2	SRR1782957	1.0197859199459323
AHCYP2	SRR1782958	1.0055480781368802
AHCYP2	SRR1782959	1.058591539507089
AHCYP2	SRR1782960	1
AHCYP2	SRR1782961	1.0036559710886879
AHCYP2	SRR1782962	1.0074338842995187
AHCYP2	SRR1782963	1.0069794218548913
AHCYP2	SRR1782964	1.00041779758595
AHCYP2	SRR1782965	1.0031517064510844
AHCYP2	SRR1782966	2
AHCYP2	SRR1782967	1.0041326449528036
AHCYP2	SRR1782968	3.0032399131191276
AHCYP2	SRR1782969	1.0124368080984334
AHCYP2	SRR1782970	2.0256545640431005
AHCYP2	SRR1782971	2.0342608910883686
AHCYP2	SRR1782972	2.0114585702325716
AHCYP2	SRR1782973	1.0517459917633214
AHCYP2	SRR1782974	3
AHCYP2	SRR1782975	1.0401318016702708
AHCYP2	SRR1782976	1.009948283487657
AHCYP2	SRR1782977	2.000719721662436
AHCYP2	SRR1782978	1.0169714322808001
AHCYP2	SRR1782979	1.0085358205549844
AHCYP2	SRR1782980	2.0035676388007277
AHCYP2	SRR1782981	2.0250086352631294
AHCYP2	SRR1782982	2.011731161243777
AHCYP2	SRR1782983	1.0010052287584692
AHCYP2	SRR1782984	1.000359860831218
AHCYP2	SRR1782985	1.0068675867150407
AHCYP2	SRR1782986	2.0061258961841677
AHCYP2	SRR1782987	1.0012906877364744
AHCYP2	SRR1782988	1
AHCYP2	SRR1782989	1.0436400210748342
AHCYP2	SRR1782990	1.0139756387641055
AHCYP2	SRR1782991	1.004207620749528
AHCYP2	SRR1782992	1.002446897019748
AHCYP2	SRR1782993	1.021449196840116
AHCYP2	SRR1782994	1
AHCYP2	SRR1782995	2.0169826997724676
AHCYP2	SRR1782996	1
AHCYP2	SRR1782997	1.0045214612850002
AHCYP2	SRR1782998	2.0074201197552233
AHCYP2	SRR1782999	1.022088986019526
AHCYP2	SRR1783000	1.00395855299875
AHCYP2	SRR1783001	1.0169288929732232
AHCYP2	SRR1783002	1.0573070730118106
AHCYP2	SRR1783003	2
AHCYP2	SRR1783004	1.0046291005525438
AHCYP2	SRR1783005	1.016291836005615
AHCYP2	SRR1783006	1.0243516724527386
AHCYP2	SRR1813867	1.0510786620096826
AHCYP2	SRR1813868	1.0200170572585177
AHCYP2	SRR1813869	1.0105861980877333
AHCYP2	SRR1813870	0.6304292463259884
AHCYP2	SRR1813871	1.6933478270657671
AHCYP2	SRR1813872	0.838985280713538
AHCYP2	SRR1813873	1.702724437555383
AHCYP2	SRR1813874	3.0327113891495094
AHCYP2	SRR1813875	1
AHCYP2	SRR1813876	1.0053946904725954
AHCYP2	SRR1813877	0.8153571734269515
AHCYP2	SRR1813878	1.0007198511622537
AHCYP2	SRR1813879	1
AHCYP2	SRR1813880	1
AHCYP2	SRR1813881	1.021262493620424
AHCYP2	SRR1813882	5.892231936799281
AHCYP2	SRR1813883	2.001766259543233
AHCYP2	SRR1813884	2.0274160567105386
AHCYP2	SRR1813885	1
AHCYP2	SRR1813886	1.001260079572912
AHCYP2	SRR1813887	1.0111685603669651
AHCYP2	SRR1928188	1.008175814381133
AHCYP2	SRR1928189	1.0072973762876458
AHCYP2	SRR1928190	1.0087587942301535
AHCYP2	SRR1928191	5.0562322450020005
AHCYP2	SRR1928192	1.0128070516909926
AHCYP2	SRR1928193	3.045645640857917
AHCYP2	SRR2046996	5.042695360984885
AHCYP2	SRR2046997	4.043956225417941
AHCYP2	SRR2046998	1.0200140719986568
AHCYP2	SRR2046999	6.045609041984871
AHCYP2	SRR2047000	6.063302959303171
AHCYP2	SRR2047001	2.018606724764562
AHCYP2	SRR2047002	4.074591233131431
AHCYP2	SRR2047003	1.023518185444259
AHCYP2	SRR2047004	6.046952994131658
AHCYP2	SRR2047005	4.032144460654096
AHCYP2	SRR2047006	2.0300541646562906
AHCYP2	SRR2047007	2.0521624361557538
AHCYP2	SRR2047008	3.037245084859731
AHCYP2	SRR2047009	2.0367344894402626
AHCYP2	SRR2313973	1.0129896589757252
AHCYP2	SRR2313974	1.0076249418264847
AHCYP2	SRR2313975	1.0104444508848685
AHCYP2	SRR2313976	1.0149132606524793
AHCYP2	SRR2313977	1.0087617511326181
AHCYP2	SRR2313978	1.0271359063427055
AHCYP2	SRR2313979	1.0105196019933347
AHCYP2	SRR2313980	1.0058930864524789
AHCYP2	SRR2313981	2.007200678756544
AHCYP2	SRR2313982	2.0267398091053517
AHCYP2	SRR2313983	1.0170847179728304
AHCYP2	SRR2313984	1.0054730022593972
AHCYP2	SRR2313985	2.039112145510946
AHCYP2	SRR2313986	2.0125101359493724
AHCYP2	SRR2313987	2.006751129585722
AHCYP2	SRR2313988	2.0182839274558457
AHCYP2	SRR2313989	1.010807774207177
AHCYP2	SRR2313990	1.0158151880323143
AHCYP2	SRR2313991	1.0168515419605484
AHCYP2	SRR2313992	1.015373075829736
AHCYP2	SRR2313993	1.0105059337128883
AHCYP2	SRR2313994	1.0221592337096574
AHCYP2	SRR2313995	1.0042826021444868
AHCYP2	SRR2313996	2.009076574722882
AHCYP2	SRR2313997	1.0122808125437386
AHCYP2	SRR2313998	1.0248492994103025
AHCYP2	SRR2313999	1.0094294474234875
AHCYP2	SRR2314000	1.0087270870616352
AHCYP2	SRR2314001	1.0141174746934551
AHCYP2	SRR2314002	1.010893086055989
AHCYP2	SRR2314003	1.022034789012044
AHCYP2	SRR2314004	1.0080013221818138
AHCYP2	SRR2314005	1.0095719427644396
AHCYP2	SRR2314006	1.0192358061432685
AHCYP2	SRR2314007	1.0060605124728728
AHCYP2	SRR2314008	2.0026361369292687
AHCYP2	SRR2314009	1.008292756005706
AHCYP2	SRR2314010	1.0066364307385607
AHCYP2	SRR2314011	1.0071913803233676
AHCYP2	SRR2314012	2.0148257842342483
AHCYP2	SRR2314013	1.0120065015814301
AHCYP2	SRR2314014	1.0116520854708597
AHCYP2	SRR2314015	1.0078272282716871
AHCYP2	SRR2314016	1.0032667468593996
AHCYP2	SRR2314017	1.0198405146740634
AHCYP2	SRR2314018	1.03782980758221
AHCYP2	SRR2314019	1.0033796658956018
AHCYP2	SRR2314020	3.050117898466352
AHCYP2	SRR2314021	1.0050805771159577
AHCYP2	SRR2314022	1.012335005482347
AHCYP2	SRR2314023	1.009930139320552
AHCYP2	SRR2314024	2.026607116912874
AHCYP2	SRR2314025	1.0050014283947293
AHCYP2	SRR2314026	1.022744558399226
AHCYP2	SRR2314027	1.007581381047162
AHCYP2	SRR2314028	1.0028825152555245
AHCYP2	SRR2314029	1.002341411462068
AHCYP2	SRR2314030	1.0047772073142707
AHCYP2	SRR2314031	1.0176657679213166
AHCYP2	SRR2314032	1.0178177461498867
AHCYP2	SRR2314033	1.024669135723135
AHCYP2	SRR2314034	1.0297963295780983
AHCYP2	SRR2314035	1.0473841672111144
AHCYP2	SRR2314036	1.0175308560885339
AHCYP2	SRR2314037	1.0139178371600932
AHCYP2	SRR2314038	1.0058040855375532
AHCYP2	SRR2314039	1.0112464490004
AHCYP2	SRR2314040	1.0396160750498236
AHCYP2	SRR2314041	1.0076429847957384
AHCYP2	SRR2314042	1.0040818938645244
AHCYP2	SRR2314043	1.0092407859660601
AHCYP2	SRR2314044	1.004255818226279
AHCYP2	SRR2314045	1.0076154311147274
AHCYP2	SRR3493774	2
AHCYP2	SRR3493775	1
AHCYP2	SRR3493776	0.9287806936800772
AHCYP2	SRR3493777	1.0007198511622537
AHCYP2	SRR3493778	2
AHCYP2	SRR3493779	1.0035740564466114
AHCYP2	SRR3493780	3.149683790499719
AHCYP2	SRR3493781	1
AHCYP2	SRR3493782	1.008534950006251
AHCYP2	SRR3493783	1.0027540149727638
AHCYP2	SRR3493784	1.0208098579484606
AHCYP2	SRR3493785	1.0008998949047658
AHCYP2	SRR3493786	1.0407280627260045
AHCYP2	SRR3493787	1
AHCYP2	SRR3493788	1
AHCYP2	SRR3493789	1.0182789000798176
AHCYP2	SRR3493790	1
AHCYP2	SRR3493791	2.0029416683612196
AHCYP2	SRR3493792	1.0007198511622537
AHCYP2	SRR3493793	1.0098194431054244
AHCYP2	SRR3493794	1.003132286981857
AHCYP2	SRR3493795	2.00743615191027
AHCYP2	SRR3493796	1.0083843578636666
AHCYP2	SRR3493797	1
AHCYP2	SRR3493798	1.011188757969452
AHCYP2	SRR3493799	2
AHCYP2	SRR3493800	2.0145053304215814
AHCYP2	SRR3493801	1.0092141688423883
AHCYP2	SRR3493802	2
AHCYP2	SRR3493803	1
AHCYP2	SRR3493804	1.0007198511622537
AHCYP2	SRR3493805	1.0023994629801138
AHCYP2	SRR3493806	1
AHCYP2	SRR3493807	1
AHCYP2	SRR3493808	2.0041725708322518
AHCYP2	SRR3493809	1.0033796658956018
AHCYP2	SRR3493810	1
AHCYP2	SRR3493811	1
AHCYP2	SRR3493812	1.0007198511622537
AHCYP2	SRR3493813	2.0038120565269457
AHCYP2	SRR3493814	1
AHCYP2	SRR3493815	0.7441838640516195
AHCYP2	SRR3493816	1
AHCYP2	SRR3493817	1.002913173016367
AHCYP2	SRR3493818	1.0035876309652703
AHCYP2	SRR3493819	1
AHCYP2	SRR3493820	1.1220654621967874
AHCYP2	SRR3493821	1.0117037104910989
AHCYP2	SRR3493822	2
AHCYP2	SRR3493823	0.7882931259154423
AHCYP2	SRR3493824	1.5618869191490685
AHCYP2	SRR3493825	1.0013180684646343
AHCYP2	SRR3493826	1.0007198511622537
AHCYP2	SRR3493827	1
AHCYP2	SRR3493828	1
AHCYP2	SRR3493829	1.0023994629801138
AHCYP2	SRR3493830	0.6212413459385535
AHCYP2	SRR3493831	1.0045489303600643
AHCYP2	SRR3493832	2.0003598284620874
AHCYP2	SRR3493833	0.6422050488464214
AHCYP2	SRR3493834	1
AHCYP2	SRR3493835	1.005268691618604
AHCYP2	SRR3493836	1
AHCYP2	SRR3493837	3.0023334262984633
AHCYP2	SRR3493838	1
AHCYP2	SRR3493839	1.0083404689188882
AHCYP2	SRR3493840	1.019584221832653
AHCYP2	SRR3493841	1.0021917441245578
AHCYP2	SRR3493846	1.0228419618819704
AHCYP2	SRR3493847	1.0367010057374855
AHCYP2	SRR3493848	2.000719721662436
AHCYP2	SRR3493849	1.8606990072671408
AHCYP2	SRR3493850	2
AHCYP2	SRR3714631	1
AHCYP2	SRR3714632	1.0056231596200704
AHCYP2	SRR3714633	1.0116050033991464
AHCYP2	SRR3714634	1.0066712106965126
AHCYP2	SRR3714635	5
AHCYP2	SRR3714636	4
AHCYP2	SRR3714637	4
AHCYP2	SRR3714638	2
AHCYP2	SRR3714639	4.640526683374965
AHCYP2	SRR3714640	0.749230236287223
AHCYP2	SRR3714641	1.9102492082066689
AHCYP2	SRR3714642	1.7683255758881007
AHCYP2	SRR3714643	5.264234240487768
AHCYP2	SRR3714644	1.4925422583176005
AHCYP2	SRR3714645	1.0065515246415413
AHCYP2	SRR3714646	1.000359860831218
AHCYP2	SRR3714648	0.6910659535574368
AHCYP2	SRR3714649	3.878942930158227
AHCYP2	SRR3714650	1.0068862093697364
AHCYP2	SRR3714651	0.8175575727335103
AHCYP2	SRR3714652	1.793896336644827
AHCYP2	SRR3714653	4
AHCYP2	SRR3714654	7
AHCYP2	SRR3714655	1.0007504428112262
AHCYP2	SRR3714656	0.9075284805650076
AHCYP2	SRR3714657	4.497940656769841
AHCYP2	SRR3714658	0.7840928298789845
AHCYP2	SRR3714659	1.571605071095599
AHCYP2	SRR3714660	1
AHCYP2	SRR3714661	1
AHCYP2	SRR3714662	1.0110175749796777
AHCYP2	SRR3714663	4.003001771244905
AHCYP2	SRR3714664	2.7057789735525137
AHCYP2	SRR3714665	1
AHCYP2	SRR3714666	1
AHCYP2	SRR3714667	0.777154225707934
AHCYP2	SRR3714668	1
AHCYP2	SRR3714669	0.7957681428246756
AHCYP2	SRR3714670	1.0134780454274392
AHCYP2	SRR3714671	1.001260079572912
AHCYP2	SRR3714672	5.013733119787061
AHCYP2	SRR3714673	3.0773493112994403
AHCYP2	SRR3714674	2.6991400089275825
AHCYP2	SRR3714675	2.2616839684346073
AHCYP2	SRR3714676	3
AHCYP2	SRR3714677	2.004744105363121
AHCYP2	SRR3714678	2.255075488695906
AHCYP2	SRR3714679	1.0016203938574126
AHCYP2	SRR3714680	1.001725803535813
AHCYP2	SRR3714681	1.0035601881766363
AHCYP2	SRR3714682	0.9387120568491252
AHCYP2	SRR3714683	1.0020862854161259
AHCYP2	SRR3714684	4.11438104075515
AHCYP2	SRR3714685	7.012294981554736
AHCYP2	SRR3714686	2.7566996853969865
AHCYP2	SRR3714688	1.00746468119409
AHCYP2	SRR3714689	3.8671095647370324
AHCYP2	SRR3714690	0.7979962816778584
AHCYP2	SRR3714691	1
AHCYP2	SRR3714692	0.7369246939681072
AHCYP2	SRR3714693	0.6795208754944931
AHCYP2	SRR3714694	1.67490027460239
AHCYP2	SRR3714695	0.9184450997625621
AHCYP2	SRR3714696	9
AHCYP2	SRR3714697	1.0092099347782595
AHCYP2	SRR3714698	1.0132132716489703
AHCYP2	SRR3714699	0.8327998664799309
AHCYP2	SRR3714700	1.637058657397487
AHCYP2	SRR3714701	0.7501771916273272
AHCYP2	SRR3714702	0.9766164431244753
AHCYP2	SRR3714703	1.001063202890274
AHCYP2	SRR3714704	1.4661013129123488
AHCYP2	SRR3714705	2.749940521894582
AHCYP2	SRR3714706	1.0350850727752356
AHCYP2	SRR3714707	1.0007198511622537
AHCYP2	SRR3714708	3.069799305614046
AHCYP2	SRR3714709	1.8021922662706895
AHCYP2	SRR3714710	2.646478125736882
AHCYP2	SRR3714711	2.7110308763604998
AHCYP2	SRR3714712	3
AHCYP2	SRR3714713	1
AHCYP2	SRR3714714	1
AHCYP2	SRR3714715	1.0048247538699455
AHCYP2	SRR3714716	1
AHCYP2	SRR3714717	4
AHCYP2	SRR3714718	1
AHCYP2	SRR3714719	3.7196815127728637
AHCYP2	SRR3714720	0.8227377704886294
AHCYP2	SRR3714721	0.5949913278116434
AHCYP2	SRR3714723	2.4571677499215245
AHCYP2	SRR3714724	1.0029438317144064
AHCYP2	SRR3714725	1.0124287223897714
AHCYP2	SRR3714726	0.6076262721528954
AHCYP2	SRR3714727	1.914235380058778
AHCYP2	SRR3714728	1.0082791178455617
AHCYP2	SRR3714729	2.0524533304012684
AHCYP2	SRR3714730	1.6201607447069124
AHCYP2	SRR3714731	1.0001799142310437
AHCYP2	SRR3714732	0.5454900206636712
AHCYP2	SRR3714734	3.760865586729733
AHCYP2	SRR3714735	2.0508776713702077
AHCYP2	SRR3714736	2.5468970614218764
AHCYP2	SRR3714737	4
AHCYP2	SRR3714738	6.408284482587272
AHCYP2	SRR3714739	1.3659115805597695
AHCYP2	SRR3714740	7.846218544273182
AHCYP2	SRR3714741	2.0021599420794187
AHCYP2	SRR3714744	0.9585661977406312
AHCYP2	SRR3714745	1.0406785331708646
AHCYP2	SRR3714746	1.008549757583579
AHCYP2	SRR3714747	0.5559101115001341
AHCYP2	SRR3714748	1.916019536485885
AHCYP2	SRR3714749	1.020881906329865
AHCYP2	SRR3714750	2.0975153516295233
AHCYP2	SRR3714751	1.0010799710397094
AHCYP2	SRR3714752	1
AHCYP2	SRR3714753	2.0158128197421306
AHCYP2	SRR3714754	1
AHCYP2	SRR3714755	1.3946849806639925
AHCYP2	SRR3714756	4.086720715379134
AHCYP2	SRR3714757	0.7325663974490594
AHCYP2	SRR3714758	0.9479045656307946
AHCYP2	SRR3714759	4.716294169785708
AHCYP2	SRR3714760	2.0017997898095317
AHCYP2	SRR3714761	1.000359860831218
AHCYP2	SRR3714762	1.888788725455601
AHCYP2	SRR3714764	1
AHCYP2	SRR3714765	0.8712334028283818
AHCYP2	SRR3714766	1
AHCYP2	SRR3714767	0.6858809503915723
AHCYP2	SRR3714768	2
AHCYP2	SRR5176628	1.0069362436470586
AHCYP2	SRR5176629	2.011538457037742
AHCYP2	SRR5176630	1.002266574999606
AHCYP2	SRR5176631	2.0195854030869866
AHCYP2	SRR5176632	4.011408608637243
AHCYP2	SRR5176633	1.006528114777527
AHCYP2	SRR5176634	1.0398318552023067
AHCYP2	SRR5176635	1.006192680551534
AHCYP2	SRR5176636	1.0262757511402583
AHCYP2	SRR5176637	2.0593280362653013
AHCYP2	SRR5176638	1.1227010298695481
AHCYP2	SRR5176639	3
AHCYP2	SRR5176640	1.0441979418626173
AHCYP2	SRR5176641	1.014864487377184
AHCYP2	SRR5176642	1.0019060282634729
AHCYP2	SRR5176643	1.001725803535813
AHCYP2	SRR5176644	1.0001799142310437
AHCYP2	SRR5176645	1.0388038372764734
AHCYP2	SRR5176646	2.0373427867184892
AHCYP2	SRR5176647	1.00586233759953
AHCYP2	SRR5176648	1.002821496263797
AHCYP2	SRR5176649	1.0068001280405927
AHCYP2	SRR5176650	1.0241014943392315
AHCYP2	SRR5176651	1.0158990588563879
AHCYP2	SRR5176652	1.0055747072917207
AHCYP2	SRR5176653	1.0027021148755608
AHCYP2	SRR5176654	1.0081630176909429
AHCYP2	SRR5176655	1.001260079572912
AHCYP2	SRR5176656	2.1402205814622537
AHCYP2	SRR5176657	2.160672398262396
AHCYP2	SRR5176658	1.001651013035654
AHCYP2	SRR5176659	2.0043222168337302
AHCYP2	SRR5176660	1.0011506268930086
AHCYP2	SRR5176661	1.0055480781368802
AHCYP2	SRR5176662	0.9707101240681442
AHCYP2	SRR5176663	2.0128704776903463
AHCYP2	SRR5176664	2
AHCYP2	SRR5176665	2.0178723209246607
AHCYP2	SRR5176666	1.003877062984047
AHCYP2	SRR5176667	2.157422865304927
AHCYP2	SRR5176668	1.0043407660883636
AHCYP2	SRR5176669	1.0095837463480462
AHCYP2	SRR5176670	1.0065240008061656
AHCYP2	SRR5176671	2.0036011992407423
AHCYP2	SRR5176672	1.0055747072917207
AHCYP2	SRR5176673	1.0047899307908572
AHCYP2	SRR5176674	2.004682822924136
AHCYP2	SRR5176675	1.0042383190183728
AHCYP2	SRR5176676	1.0184049631193235
AHCYP2	SRR5176677	2.0028804410204066
AHCYP2	SRR5176678	1.0223467302979135
AHCYP2	SRR5176679	1.0090464643103707
AHCYP2	SRR5176680	2.00567658773049
AHCYP2	SRR5176681	1.001110573697418
AHCYP2	SRR5176682	1.0099470559941912
AHCYP2	SRR5176683	1.0045737798081236
AHCYP2	SRR5176684	2.005315802879815
AHCYP2	SRR5176685	1.0029880577585075
AHCYP2	SRR5176686	2.0087151782761965
AHCYP2	SRR5176687	5.022623499921054
AHCYP2	SRR5176688	1.0132814135195316
AHCYP2	SRR5176689	2.0150064002757997
AHCYP2	SRR5176690	1.0255405228516121
AHCYP2	SRR5176691	1.0009304920576112
AHCYP2	SRR5176692	2.0195695880829865
AHCYP2	SRR5176693	1.0073894622198625
AHCYP2	SRR5176694	1
AHCYP2	SRR5176695	1.0143554668418076
AHCYP2	SRR5176696	1.1278931940525754
AHCYP2	SRR5176697	1.027578940269744
AHCYP2	SRR5176698	2.3296475672887755
AHCYP2	SRR5176699	1.025015012327192
AHCYP2	SRR5176700	1.0890144202015308
AHCYP2	SRR5176701	1.034206476188313
AHCYP2	SRR5176702	2
AHCYP2	SRR5176703	1.0225806547035183
AHCYP2	SRR5176704	1.0043682302222392
AHCYP2	SRR5176705	2.0042886443166283
AHCYP2	SRR5176706	1.0272678906633284
AHCYP2	SRR5176707	1.0196549551650262
AHCYP2	SRR5176708	1.0098820554003876
AHCYP2	SRR5176709	2.0096158459903477
AHCYP2	SRR5176710	1
AHCYP2	SRR5176711	2.0038120565269457
AHCYP2	SRR5176712	1.0128135825274416
AHCYP2	SRR5176713	1.0088204699660321
AHCYP2	SRR5176714	1.0602647654091784
AHCYP2	SRR5176715	1.001260079572912
AHCYP2	SRR5176716	2.003961675609822
AHCYP2	SRR5176717	1.0065588839830468
AHCYP2	SRR5176718	2.017613058392991
AHCYP2	SRR5176719	2.004682822924136
AHCYP2	SRR5176720	1
AHCYP2	SRR5176721	1
AHCYP2	SRR5176722	1.019834176721331
AHCYP2	SRR5176723	2.019222707706982
AHCYP2	SRR5176724	3.016317957226665
AHCYP2	SRR5176725	1.0122963584203841
AHCYP2	SRR5176726	2
AHCYP2	SRR5176727	2.0012902715363152
AHCYP2	SRR5176728	1.024749980600489
AHCYP2	SRR5176729	1.0019366561734564
AHCYP2	SRR5176730	2.013084048122984
AHCYP2	SRR5176731	2.0092880082329447
AHCYP2	SRR5176732	1
AHCYP2	SRR5176733	1.002266574999606
AHCYP2	SRR5176734	1.0810259196769214
AHCYP2	SRR5176735	3.0070242343862037
AHCYP2	SRR5176736	1.0019640545659034
AHCYP2	SRR5176737	2.0058475975940815
AHCYP2	SRR5176738	1.011060405450449
AHCYP2	SRR5176739	1.0079439701204655
AHCYP2	SRR5176740	2.0083266818593306
AHCYP2	SRR5176741	1.040984015064751
AHCYP2	SRR5176742	1.010571034419265
AHCYP2	SRR5176743	1.0118484876942846
AHCYP2	SRR5176744	1.013419199000111
AHCYP2	SRR5176745	1.0091725172591408
AHCYP2	SRR5176746	2.004533149999212
AHCYP2	SRR5176747	1
AHCYP2	SRR5176748	1.001260079572912
AHCYP2	SRR5176749	1.016368017381527
AHCYP2	SRR5176750	1.0162250306224079
AHCYP2	SRR5176751	2.007270242459205
AHCYP2	SRR5176752	1.004538287361441
AHCYP2	SRR5176753	1.0026272514823873
AHCYP2	SRR5176754	1.0052614054151265
AHCYP2	SRR5176755	1.0005398398063463
AHCYP2	SRR5176756	1.0288547421808496
AHCYP2	SRR5176757	1.0557664435713157
AHCYP2	SRR5176758	1.0113534484802584
AHCYP2	SRR5176759	1.0274065280258
AHCYP2	SRR5176760	1.0058081328268176
AHCYP2	SRR5176761	1.0058487323132066
AHCYP2	SRR5176762	1.074382806129656
AHCYP2	SRR5176763	1.0076459384275107
AHCYP2	SRR5176764	2.0014397023245074
AHCYP2	SRR5176765	1.001725803535813
AHCYP2	SRR5176766	2.00567658773049
AHCYP2	SRR5176767	3.003015686275408
AHCYP2	SRR5176768	1.0151957516581134
AHCYP2	SRR5176769	1.0029532983317264
AHCYP2	SRR5176770	1.002341411462068
AHCYP2	SRR5176771	1.002446897019748
AHCYP2	SRR5176772	1.0062719230896289
AHCYP2	SRR5176773	1.007502905048184
AHCYP2	SRR5176774	1.0061935490784637
AHCYP2	SRR5176775	1.0095941471006586
AHCYP2	SRR5176776	1.008275867041691
AHCYP2	SRR5176777	1.010005252177451
AHCYP2	SRR5176778	1.0057597353227128
AHCYP2	SRR5176779	1.0051727547981684
AHCYP2	SRR5176780	1.0030800435321403
AHCYP2	SRR5176781	1.00637782229101
AHCYP2	SRR5176782	1.0082247828353217
AHCYP2	SRR5176783	1.0093021955543062
AHCYP2	SRR5176784	1.0040544375604268
AHCYP2	SRR5176785	1.0017658813459887
AHCYP2	SRR5176786	1
AHCYP2	SRR5176787	2.0153534836090015
AHCYP2	SRR5176788	2.0535189835813257
AHCYP2	SRR5176789	2.028285909956478
AHCYP2	SRR5176790	1.0094264885638582
AHCYP2	SRR5176791	1.0087925886196047
AHCYP2	SRR5176792	1
AHCYP2	SRR5176793	2.0184008182123256
AHCYP2	SRR5176794	2.009015159845902
AHCYP2	SRR5176795	2.008415241499056
AHCYP2	SRR5176796	1.022646112438415
AHCYP2	SRR5176797	1.0069962891030084
AHCYP2	SRR5176798	1.005275297194344
AHCYP2	SRR5176799	1
AHCYP2	SRR5176800	1.0079916665289268
AHCYP2	SRR5176801	1.017440760992837
AHCYP2	SRR5176802	1.0141792452851672
AHCYP2	SRR5176803	1.0041019499142785
AHCYP2	SRR5176804	1.0213406344461267
AHCYP2	SRR5176805	1.00387382637289
AHCYP2	SRR5176806	2.0595507951926035
AHCYP2	SRR5176807	1.0007198511622537
AHCYP2	SRR5176808	1.000359860831218
AHCYP2	SRR5176809	1.0014402205102033
AHCYP2	SRR5176810	1
AHCYP2	SRR5176811	3
AHCYP2	SRR5176812	1.0010799710397094
AHCYP2	SRR5176813	3.0035559715334164
AHCYP2	SRR5176814	1
AHCYP2	SRR5176815	1.0141154422371776
AHCYP2	SRR5176816	1.0144195826206277
AHCYP2	SRR5176817	2.010505191118401
AHCYP2	SRR5176818	1.0025523936786382
AHCYP2	SRR5176819	1.0529734771881787
AHCYP2	SRR5176820	2.044681473721294
AHCYP2	SRR5176821	2.018674222104138
AHCYP2	SRR5176822	1.0294661769651816
AHCYP2	SRR5176823	1.0037681906621803
AHCYP2	SRR5176824	1.0056539011614338
AHCYP2	SRR5176825	1.001110573697418
AHCYP2	SRR5176826	1.0083066896753743
AHCYP2	SRR5176827	1.0037809013616064
AHCYP2	SRR5176828	1.0039655993282313
AHCYP2	SRR5176829	2.0054655342432564
AHCYP2	SRR5176830	2.0010796796126926
AHCYP2	SRR5176831	1.005151515330551
AHCYP2	SRR5176832	1.0101074156533363
AHCYP2	SRR5176833	2.0115809620782934
AHCYP2	SRR5176834	1.0039213301801309
AHCYP2	SRR5176835	1.003600339378272
AHCYP2	SRR5176836	1.0008998949047658
AHCYP2	SRR5176837	2.1020205145072848
AHCYP2	SRR5176838	1.0249700253664653
AHCYP2	SRR5176839	2.0815326309786046
AHCYP2	SRR5176840	2.0010796796126926
AHCYP2	SRR5176841	1.0140964075080325
AHCYP2	SRR5176842	1.0062663486922618
AHCYP2	SRR5176843	1.0077600305872203
AHCYP2	SRR5176844	1.002913173016367
AHCYP2	SRR5176845	1.0146823533528966
AHCYP2	SRR5176846	4.017895716322407
AHCYP2	SRR5176847	1.0205338177583079
AHCYP2	SRR5176848	1.0086151837092123
AHCYP2	SRR5176849	1.0195152534582197
AHCYP2	SRR5176850	2.0274434798956182
AHCYP2	SRR5176851	1.0010799710397094
AHCYP2	SRR5176852	1.0222701007904502
AHCYP2	SRR5176853	2.0050099092941727
AHCYP2	SRR5176854	1.0469188326970755
AHCYP2	SRR5176855	1.002277193929628
AHCYP2	SRR5176856	1.016171446291091
AHCYP2	SRR5176857	1.0035601881766363
AHCYP2	SRR5176858	2.013808478221853
AHCYP2	SRR5176859	3.005351458201092
AHCYP2	SRR5176860	1
AHCYP2	SRR5176861	1.001980837804911
AHCYP2	SRR5176862	1.005937378799828
AHCYP2	SRR5176863	1.0025049546470863
AHCYP2	SRR5176864	1.004896835762339
AHCYP2	SRR5176865	2.0038120565269457
AHCYP2	SRR5176866	1
AHCYP2	SRR5176867	1.0042477978541398
AHCYP2	SRR5176868	1.0352438239475827
AHCYP2	SRR5176869	1.002446897019748
AHCYP2	SRR5176870	1.0045214612850002
AHCYP2	SRR5176871	2.0068755550902027
AHCYP2	SRR5176872	1.0195776936091434
AHCYP2	SRR5861974	2.0265002840838533
AHCYP2	SRR5861975	1.009323227105467
AHCYP2	SRR5861976	1.0402473656965066
AHCYP2	SRR5861977	1
AHCYP2	SRR5861978	2.009732234726975
AHCYP2	SRR5861979	1.0095941471006586
AHCYP2	SRR5861980	1
AHCYP2	SRR5861981	1.0201142576930606
AHCYP2	SRR5861982	1.2340601766014685
AHCYP2	SRR5861983	1.0016650688017934
AHCYP2	SRR5861984	1.0082636562876501
AHCYP2	SRR5861985	1.0173478207376618
AHCYP2	SRR5861986	2.003993206981352
AHCYP2	SRR5861987	1.0129478689088995
AHCYP2	SRR5861988	1.017778610915434
AHCYP2	SRR5861989	1.0125385340641762
AHCYP2	SRR5861990	1.0030461467276643
AHCYP2	SRR5861991	1
AHCYP2	SRR5861992	1
AHCYP2	SRR5861993	2.007586041594286
AHCYP2	SRR5861994	2
AHCYP2	SRR5861995	2.0176474450515376
AHCYP2	SRR5861996	1.0042247356985123
AHCYP2	SRR5861997	1.0258881975510754
AHCYP2	SRR5861998	1.005769228518871
AHCYP2	SRR5861999	2.054090952907011
AHCYP2	SRR5862000	2.000719721662436
AHCYP2	SRR5862001	1
AHCYP2	SRR5862002	1.0010799710397094
AHCYP2	SRR5862003	2.004974007359963
AHCYP2	SRR5862004	1.005631190976464
AHCYP2	SRR5862005	1.0052945032282008
AHCYP2	SRR5862006	1.0037809013616064
AHCYP2	SRR5862007	2.017167189681303
AHCYP2	SRR5862008	1.0040237449126006
AHCYP2	SRR5862009	1.0035696606116409
AHCYP2	SRR5862010	1.0516407925623883
AHCYP2	SRR5862011	1.03612780768291
AHCYP2	SRR5862012	1.0070578570789335
AHCYP2	SRR5862013	1.0209741074575287
AHCYP2	SRR5862014	1.00491366812643
AHCYP2	SRR5862015	1
AHCYP2	SRR5862016	1.0041875625890924
AHCYP2	SRR5862017	1.008292756005706
AHCYP2	SRR5862018	1.0040171475607007
AHCYP2	SRR5862019	1.0081590867520256
AHCYP2	SRR5862020	2.0071752619305405
AHCYP2	SRR5862021	1.0060794449423391
AHCYP2	SRR5862022	1.0048481241171359
AHCYP2	SRR5862023	1.00761513599214
AHCYP2	SRR5862024	1.0027327671216282
AHCYP2	SRR5862025	1
AHCYP2	SRR5862026	2.0158151501708166
AHCYP2	SRR5862027	1.0005398398063463
AHCYP2	SRR5862028	1.12681213123101
AHCYP2	SRR5862029	1.0207645470908255
AHCYP2	SRR5862030	1.0028076383933613
AHCYP2	SRR5862031	2.0141429574401815
AHCYP2	SRR5862032	1.073785027109896
AHCYP2	SRR5862033	1.001545611227314
AHCYP2	SRR5862034	1.2459835850410172
AHCYP2	SRR5862035	1.0066340409403034
AHCYP2	SRR5862036	1.0178626280775729
AHCYP2	SRR5862037	1.0547484296428424
AHCYP2	SRR5862038	1.079664344311491
AHCYP2	SRR5862039	2.003451607071626
AHCYP2	SRR5862040	1.0065588839830468
AHCYP2	SRR5862041	1.00551733983039
AHCYP2	SRR5862042	1.008906065660905
AHCYP2	SRR5862043	2
AHCYP2	SRR5862044	1.0014055147250733
AHCYP2	SRR5862045	5.021239420152665
AHCYP2	SRR5862046	2.016173222983174
AHCYP2	SRR5862047	1.0089159479947496
AHCYP2	SRR5862048	1.2476565419699956
AHCYP2	SRR5862049	1.0156069730173327
AHCYP2	SRR5862050	4.013518663582407
AHCYP2	SRR5862051	1.0048247538699455
AHCYP2	SRR5862052	1.0034545854694705
AHCYP2	SRR5862053	1.0026719713353072
AHCYP2	SRR5862054	1.0267561214855105
AHCYP2	SRR5862055	1.0232532546254731
AHCYP2	SRR5862056	1.0330179193485718
AHCYP2	SRR5862057	2.0156758122327254
AHCYP2	SRR5862058	3.006891641794124
AHCYP2	SRR5862059	1.0282460709376438
AHCYP2	SRR5862060	1.0094602413506888
AHCYP2	SRR5862061	1.0035740564466114
AHCYP2	SRR5862062	1.0005398398063463
AHCYP2	SRR5862063	1.0124290189222205
AHCYP2	SRR5862064	1.0019366561734564
AHCYP2	SRR5862065	1.0025217469463543
AHCYP2	SRR5862066	2.0182383495475205
AHCYP2	SRR5862067	1.2346054739520673
AHCYP2	SRR5862068	1.0047804468380375
AHCYP2	SRR5862069	2.0043222168337302
AHCYP2	SRR5862070	1.0135179735318556
AHCYP2	SRR5862071	1.2526030228986182
AHCYP2	SRR5862072	1.2641489791098965
AHCYP2	SRR5862073	1.0018713063353686
AHCYP2	SRR5862074	1.0050886041390446
AHCYP2	SRR5862075	2.0137724187394728
AHCYP2	SRR5862076	1.2411031446573944
AHCYP2	SRR5862077	1.003935203440753
AHCYP2	SRR5862078	2.1557714752265578
AHCYP2	SRR5862079	1.0104091371093453
AHCYP2	SRR5862080	1.0186454033243084
AHCYP2	SRR5862081	3.0051774106074394
AHCYP2	SRR5862082	2.007631378941374
AHCYP2	SRR5862083	3
AHCYP2	SRR5862084	1.0069962891030084
AHCYP2	SRR5862085	3
AHCYP2	SRR5862086	1.0250917577235414
AHCYP2	SRR5862087	1.012188279490948
AHCYP2	SRR5862088	1.1217892178413114
AHCYP2	SRR5862089	1.0124189758199451
AHCYP2	SRR5862090	2.003451607071626
AHCYP2	SRR5862091	1.0141279864194517
AHCYP2	SRR5862092	2.0417652061494467
AHCYP2	SRR5862093	1.0001799142310437
AHCYP2	SRR5862094	1.0050055361428718
AHCYP2	SRR5862095	1.087669059175563
AHCYP2	SRR5862096	1.0021917441245578
AHCYP2	SRR5862097	1.005397931987203
AHCYP2	SRR5862098	2.8604314134411934
AHCYP2	SRR5862099	1.0228039476891262
AHCYP2	SRR5862100	2.005315802879815
AHCYP2	SRR5862101	1.0587548081059646
AHCYP2	SRR5862102	1.0058963295739756
AHCYP2	SRR5862103	1.023617822582202
AHCYP2	SRR5862104	1.0041728190577268
AHCYP2	SRR5862105	1.0112580359699288
AHCYP2	SRR5862106	4.017130408577947
AHCYP2	SRR5862107	1
AHCYP2	SRR5862108	1.0069518863188005
AHCYP2	SRR5862109	1.0018005996203712
AHCYP2	SRR5862110	1.0080438404145668
AHCYP2	SRR5862111	1.0151647184346997
AHCYP2	SRR5862112	1.0038042473308406
AHCYP2	SRR5862113	1.00885426642168
AHCYP2	SRR5862114	1.0047190180949654
AHCYP2	SRR5862115	1.006845926709767
AHCYP2	SRR5862116	1.0258116030467397
AHCYP2	SRR5862117	1.003304751915352
AHCYP2	SRR5862118	1.008416269579962
AHCYP2	SRR5862119	2.008320206791033
AHCYP2	SRR5862120	3.0028336131389075
AHCYP2	SRR5862121	1.0014708341806098
AHCYP2	SRR5862122	2.0041725708322518
AHCYP2	SRR5862123	1.0022972139313746
AHCYP2	SRR5862124	1.0031991760872525
AHCYP2	SRR5862125	1
AHCYP2	SRR5862126	1.0008998949047658
AHCYP2	SRR5862127	2.0075977509956084
AHCYP2	SRR5862128	2.0074201197552233
AHCYP2	SRR5862129	2.1576586027716758
AHCYP2	SRR5862130	1.0062062904901619
AHCYP2	SRR5862131	1.002266574999606
AHCYP2	SRR5862132	3.0026996847142975
AHCYP2	SRR5862133	1.0009578629360643
AHCYP2	SRR5862134	2.000570344629187
AHCYP2	SRR5862135	1.0128135825274416
AHCYP2	SRR5862136	2.000719721662436
AHCYP2	SRR5862137	1.0021611084168651
AHCYP2	SRR5862138	2.0035676388007277
AHCYP2	SRR5862139	1.0013654513321437
AHCYP2	SRR5862140	1.003304751915352
AHCYP2	SRR5862141	1.0044325817307802
AHCYP2	SRR5862142	2.0054042297511216
AHCYP2	SRR5862143	1.000359860831218
AHCYP2	SRR5862144	2.011546678810495
AHCYP2	SRR5862145	2.006609503830704
AHCYP2	SRR5862146	1.0136106281436992
AHCYP2	SRR5862147	1.0073417943066594
AHCYP2	SRR5862148	1
AHCYP2	SRR5862149	1.0057597353227128
AHCYP2	SRR5862150	2.004893794039496
AHCYP2	SRR5862151	1.0124906225058696
AHCYP2	SRR5862152	1.0247021665376759
AHCYP2	SRR5862153	1.0207507402373297
AHCYP2	SRR5862154	1
AHCYP2	SRR5862155	1.00632433278211
AHCYP2	SRR5862156	1.0258531825432229
AHCYP2	SRR5862157	1.0260812180778769
AHCYP2	SRR5862158	2.0010796796126926
AHCYP2	SRR5862159	1.0059333309904885
AHCYP2	SRR5862160	1.0382660511696764
AHCYP2	SRR5862161	2.0054655342432564
AHCYP2	SRR5862162	1.0033354225838187
AHCYP2	SRR5862163	1.0035295106373756
AHCYP2	SRR5862164	2.1003247688193354
AHCYP2	SRR5862165	1.0043278241973694
AHCYP2	SRR5862166	2.0085652042889737
AHCYP2	SRR5862167	1.0020862854161259
AHCYP2	SRR5862168	1.001651013035654
AHCYP2	SRR5862169	2.0074201197552233
AHCYP2	SRR5862170	1.0111269374447733
AHCYP2	SRR5862171	2.003451607071626
AHCYP2	SRR5862172	2.003512851872782
AHCYP2	SRR5862173	2.050440754363536
AHCYP2	SRR5862174	1.028424995391858
AHCYP2	SRR5862175	1.0048829492130347
AHCYP2	SRR5862176	1.0173137397493108
AHCYP2	SRR5862177	1.0322718092842704
AHCYP2	SRR5862178	2.0576193607952975
AHCYP2	SRR5862179	1.0056231596200704
AHCYP2	SRR5862180	2.327482634872731
AHCYP2	SRR5862181	1.021192246321851
AHCYP2	SRR5862182	1.0094112128915342
AHCYP2	SRR5862183	3.015016608428615
AHCYP2	SRR5862184	2.0548794051767576
AHCYP2	SRR5862185	1
AHCYP2	SRR5862186	1.0073417943066594
AHCYP2	SRR5862187	1.0075707059203194
AHCYP2	SRR5862188	2.078579927562468
AHCYP2	SRR5862189	1.0083712935274278
AHCYP2	SRR5862190	2.0027309026642874
AHCYP2	SRR5862191	1.0119991177693053
AHCYP2	SRR5862192	1.0452267290247683
AHCYP2	SRR5862193	1.0035876309652703
AHCYP2	SRR5862194	1.0053155170153698
AHCYP2	SRR5862195	1.0063470586203123
AHCYP2	SRR5862196	1
AHCYP2	SRR5862197	2
AHCYP2	SRR5862198	1.1010895492315216
AHCYP2	SRR5862199	2.0049550829277925
AHCYP2	SRR5862200	1.0021917441245578
AHCYP2	SRR5862201	0.8479466883950459
AHCYP2	SRR5862202	1.0218991464798453
AHCYP2	SRR5862203	2.06871914188325
AHCYP2	SRR5862204	2
AHCYP2	SRR5862205	2
AHCYP2	SRR5862206	1.0181176093417283
AHCYP2	SRR5862207	1.005322867319879
AHCYP2	SRR5862208	1.019485887646539
AHCYP2	SRR5862209	1.0112951746143541
AHCYP2	SRR5862210	2
AHCYP2	SRR5862211	1.032816631560076
AHCYP2	SRR5862212	1.0088809831317571
AHCYP2	SRR5862213	1.0047021889912742
AHCYP2	SRR5862214	2.005526840609447
AHCYP2	SRR5862215	1.0023720526815605
AHCYP2	SRR5862216	1.0036559710886879
AHCYP2	SRR5862217	2.0130027931829657
AHCYP2	SRR5862218	1.0009826235521704
AHCYP2	SRR5862219	1.023350981956458
AHCYP2	SRR5862220	1.0044939929610694
AHCYP2	SRR5862221	1
AHCYP2	SRR5862222	2.00651455456704
AHCYP2	SRR5862223	1.0433348417292698
AHCYP2	SRR5862224	2.0158665823041253
AHCYP2	SRR5862225	1.0026812212903726
AHCYP2	SRR5862226	1.0010799710397094
AHCYP2	SRR5862227	1
AHCYP2	SRR5862228	1.0090714250135744
AHCYP2	SRR5862229	1.0059099355041081
AHCYP2	SRR5862230	2.010605573766756
AHCYP2	SRR5862231	1.0020862854161259
AHCYP2	SRR5862232	1.0151340437122982
AHCYP2	SRR5862233	1.0027634203047235
AHCYP2	SRR5862234	2.0117942681997545
AHCYP2	SRR5862235	1.0008998949047658
AHCYP2	SRR5862236	2.0042886443166283
AHCYP2	SRR5862237	1.031015477815649
AHCYP2	SRR5862238	1.0008998949047658
AHCYP2	SRR5862239	1.0077170577043544
AHCYP2	SRR5862240	1.0027327671216282
AHCYP2	SRR5862241	3.0185903795060653
AHCYP2	SRR5862242	1.0069518863188005
AHCYP2	SRR5862243	1.0056231596200704
AHCYP2	SRR5862244	1.0144792093359367
AHCYP2	SRR5862245	1.01827642435426
AHCYP2	SRR5862246	1.0019060282634729
AHCYP2	SRR5862247	1.005646548436608
AHCYP2	SRR5862248	1.0007198511622537
AHCYP2	SRR5862249	1.0151672362957598
AHCYP2	SRR5862250	3.0317585942632
AHCYP2	SRR5862251	2.0206638096080827
AHCYP2	SRR5862252	4.010209574714553
AHCYP2	SRR5862253	1.0077827888478086
AHCYP2	SRR5862254	1.0071605917832513
AHCYP2	SRR5862255	1.0080393651944055
AHCYP2	SRR5862256	1.0154992904437379
AHCYP2	SRR5862257	1.0137597798867521
AHCYP2	SRR5862258	1.0025523936786382
AHCYP2	SRR5862259	1.013717596574022
AHCYP2	SRR5862260	1.0647831768924885
AHCYP2	SRR5862261	1.0166686288059708
AHCYP2	SRR5862262	3.029974772562289
AHCYP2	SRR5862263	1.0455054067543619
AHCYP2	SRR5862264	2.011669665219515
AHCYP2	SRR5862265	3.0037802387187362
AHCYP2	SRR5862266	1.0054836551612463
AHCYP2	SRR5862267	1.0552428781134908
AHCYP2	SRR5862268	1.0049748144211899
AHCYP2	SRR5862269	1.0039487828443494
AHCYP2	SRR5862270	2.004533149999212
AHCYP2	SRR5862271	1.005967325364075
AHCYP2	SRR5862272	1.0112732108438143
AHCYP2	SRR5862273	1.0034545854694705
AHCYP2	SRR5862274	2.0091929322271214
AHCYP2	SRR5862275	2.0259850721866957
AHCYP2	SRR5862276	2.034793301066807
AHCYP2	SRR5862277	2.0253721928409307
AHCYP2	SRR5949109	1.1498283651018633
AHCYP2	SRR5949110	1.148171272003916
AHCYP2	SRR5949111	1.1498283651018633
AHCYP2	SRR5949112	1.1499000124654937
AHCYP2	SRR5949113	1.1493287860193127
AHCYP2	SRR5949114	1.1499000124654937
AHCYP2	SRR5949115	1.1498283651018633
AHCYP2	SRR5949116	1.149801355279094
AHCYP2	SRR5949117	1.1499000124654937
AHCYP2	SRR5949118	1.149757132515299
AHCYP2	SRR5949119	1.1498700492655702
AHCYP2	SRR5949120	1.149752993629983
AHCYP2	SRR5949121	1.149727479151349
AHCYP2	SRR5949122	1.149659680044542
AHCYP2	SRR5949123	1.1495224477062624
AHCYP2	SRR5949124	1.1489713533334538
AHCYP2	SRR5949125	1.1493657120956842
AHCYP2	SRR5949126	1.1496653216499102
AHCYP2	SRR5949127	1.149752993629983
AHCYP2	SRR5949128	1.149752993629983
AHCYP2	SRR5949129	1.1498758641415114
AHCYP2	SRR5949130	1.1498041981068907
AHCYP2	SRR5949131	1.1496516232140812
AHCYP2	SRR5949132	1.1498283651018633
AHCYP2	SRR5949133	1.1496993836519698
AHCYP2	SRR5949134	1.1499000124654937
AHCYP2	SRR5949135	1.149801355279094
AHCYP2	SRR5949136	1.1498700492655702
AHCYP2	SRR5949137	1.1489979896611313
AHCYP2	SRR5949138	1.1496058907069004
AHCYP2	SRR5949139	1.1496653216499102
AHCYP2	SRR5949140	1.1498283651018633
AHCYP2	SRR5949141	1.1498758641415114
AHCYP2	SRR5949142	1.1498041981068907
AHCYP2	SRR5949143	1.1499000124654937
AHCYP2	SRR5949144	1.149757132515299
AHCYP2	SRR5949145	1.1497815594090803
AHCYP2	SRR5949146	1.149752993629983
AHCYP2	SRR5949147	1.149752993629983
AHCYP2	SRR5949148	1.1489471817569916
AHCYP2	SRR5949149	1.149757132515299
AHCYP2	SRR5949150	1.1498758641415114
AHCYP2	SRR5949151	1.1494823274298185
AHCYP2	SRR5949152	1.1476551316063306
AHCYP2	SRR5949153	1.149659680044542
AHCYP2	SRR5949154	1.1487635500794011
AHCYP2	SRR5949155	1.1497815594090803
AHCYP2	SRR5949156	1.1498758641415114
AHCYP2	SRR5949157	1.1498700492655702
AHCYP2	SRR5949158	1.1499000124654937
AHCYP2	SRR5949159	1.1489204896371397
AHCYP2	SRR5949160	1.1498283651018633
AHCYP2	SRR5949161	1.1498283651018633
AHCYP2	SRR5949162	1.1498283651018633
AHCYP2	SRR5949163	1.1498758641415114
AHCYP2	SRR5949164	1.1499000124654937
AHCYP2	SRR5949165	1.149801355279094
AHCYP2	SRR5949166	1.1498758641415114
AHCYP2	SRR5949167	1.149757132515299
AHCYP2	SRR5949168	1.1497815594090803
AHCYP2	SRR5949169	1.1447151303318799
AHCYP2	SRR5949170	1.1499000124654937
AHCYP2	SRR5949171	1.1496516232140812
AHCYP2	SRR5949172	1.1496058907069004
AHCYP2	SRR5949173	1.1498283651018633
AHCYP2	SRR5949174	1.1497815594090803
AHCYP2	SRR5949175	1.1499000124654937
AHCYP2	SRR5949176	1.149727479151349
AHCYP2	SRR5949177	1.1489132956948793
AHCYP2	SRR5949178	1.1496653216499102
AHCYP2	SRR5949179	1.1497815594090803
AHCYP2	SRR5949180	1.1499000124654937
AHCYP2	SRR5949181	1.1498700492655702
AHCYP2	SRR5949182	1.149727479151349
AHCYP2	SRR5949183	1.1498758641415114
AHCYP2	SRR5949184	1.149801355279094
AHCYP2	SRR5949185	1.1495611354981103
AHCYP2	SRR5949186	1.1492630102128836
AHCYP2	SRR5949187	1.1498041981068907
AHCYP2	SRR5949188	1.149801355279094
AHCYP2	SRR5949189	1.149752993629983
AHCYP2	SRR5949190	1.149757132515299
AHCYP2	SRR5949191	1.1496058907069004
AHCYP2	SRR5949192	1.1498700492655702
AHCYP2	SRR5949193	1.1498758641415114
AHCYP2	SRR5949194	1.1498283651018633
AHCYP2	SRR5949195	1.149801355279094
AHCYP2	SRR5949196	1.149639556483191
AHCYP2	SRR5949197	1.1494508753827517
AHCYP2	SRR5949198	1.1489684643066176
AHCYP2	SRR5949199	1.1496653216499102
AHCYP2	SRR5949200	1.1498758641415114
AHCYP2	SRR5949201	1.1497815594090803
AHCYP2	SRR5949202	1.1498041981068907
AHCYP2	SRR5949203	1.1498700492655702
AHCYP2	SRR5949204	1.1499000124654937
AHCYP2	SRR5949205	1.1499000124654937
AHCYP2	SRR5949206	1.149801355279094
AHCYP2	SRR5949207	1.1498283651018633
AHCYP2	SRR5949208	1.149757132515299
AHCYP2	SRR5949209	1.1498283651018633
AHCYP2	SRR5949210	1.1497815594090803
AHCYP2	SRR5949211	1.1494508753827517
AHCYP2	SRR5949212	1.149757132515299
AHCYP2	SRR5949213	1.1496993836519698
AHCYP2	SRR5949214	1.1495224477062624
AHCYP2	SRR5949215	1.149752993629983
AHCYP2	SRR5949216	1.1498041981068907
AHCYP2	SRR5949217	1.1498041981068907
AHCYP2	SRR5949218	1.1496993836519698
AHCYP2	SRR5949219	1.149727479151349
AHCYP2	SRR5949220	1.1495611354981103
AHCYP2	SRR5949221	1.149515806070026
AHCYP2	SRR5949222	1.149752993629983
AHCYP2	SRR5949223	1.1489094288850477
AHCYP2	SRR5949224	1.1497815594090803
AHCYP2	SRR5949225	1.1498700492655702
AHCYP2	SRR5949226	1.1495611354981103
AHCYP2	SRR5949227	1.1498700492655702
AHCYP2	SRR5949228	1.1496058907069004
AHCYP2	SRR5949229	1.149639556483191
AHCYP2	SRR5949230	1.1498700492655702
AHCYP2	SRR5949231	1.1494707522857042
AHCYP2	SRR5949232	1.1487635500794011
AHCYP2	SRR5949233	1.1489229708372037
AHCYP2	SRR5949234	1.149752993629983
AHCYP2	SRR5949235	1.1496058907069004
AHCYP2	SRR5949236	1.1478430081697302
AHCYP2	SRR5949237	1.1494610034998385
AHCYP2	SRR5949238	1.1492438683694057
AHCYP2	SRR5949239	1.147930185304594
AHCYP2	SRR5949240	1.1498758641415114
AHCYP2	SRR5949241	1.149757132515299
AHCYP2	SRR5949242	1.1497815594090803
AHCYP2	SRR5949243	1.1496516232140812
AHCYP2	SRR5949244	1.1496653216499102
AHCYP2	SRR5949245	1.1496653216499102
AHCYP2	SRR5949246	1.149801355279094
AHCYP2	SRR5949247	1.149752993629983
AHCYP2	SRR5949248	1.149801355279094
AHCYP2	SRR5949249	1.1497815594090803
AHCYP2	SRR5949250	1.1499000124654937
AHCYP2	SRR5949251	1.1496058907069004
AHCYP2	SRR5949252	1.1498283651018633
AHCYP2	SRR5949253	1.1494121443044876
AHCYP2	SRR5949254	1.1495510677538354
AHCYP2	SRR5949255	1.1497815594090803
AHCYP2	SRR5949256	1.149659680044542
AHCYP2	SRR5949257	1.1498758641415114
AHCYP2	SRR5949258	1.1498758641415114
AHCYP2	SRR5949259	1.149727479151349
AHCYP2	SRR5949260	1.1499000124654937
AHCYP2	SRR5949261	1.1499000124654937
AHCYP2	SRR5949262	1.149659680044542
AHCYP2	SRR5949263	1.1498041981068907
AHCYP2	SRR5949264	1.149727479151349
AHCYP2	SRR5949265	1.1498700492655702
AHCYP2	SRR5949266	1.1490859664004887
AHCYP2	SRR5949267	1.1491016556665985
AHCYP2	SRR5949268	1.1498700492655702
AHCYP2	SRR5949269	1.149752993629983
AHCYP2	SRR5949270	1.1497815594090803
AHCYP2	SRR5949271	1.1495224477062624
AHCYP2	SRR5949272	1.1499000124654937
AHCYP2	SRR5949273	1.1499000124654937
AHCYP2	SRR5949274	1.149801355279094
AHCYP2	SRR5949275	1.1495012298161975
AHCYP2	SRR5949276	1.149801355279094
AHCYP2	SRR5949277	1.1491016556665985
AHCYP2	SRR5949278	1.1498041981068907
AHCYP2	SRR5949279	1.1498041981068907
AHCYP2	SRR5949280	1.1493806150832857
AHCYP2	SRR5949281	1.149801355279094
AHCYP2	SRR5949282	1.1499000124654937
AHCYP2	SRR5949283	1.1494610034998385
AHCYP2	SRR5949284	1.1499000124654937
AHCYP2	SRR5949285	1.1485352709618715
AHCYP2	SRR5949286	1.1490061236504394
AHCYP2	SRR5949287	1.1499000124654937
AHCYP2	SRR5949288	1.1498041981068907
AHCYP2	SRR5949289	1.1496653216499102
AHCYP2	SRR5949290	1.1499000124654937
AHCYP2	SRR5949291	1.1497815594090803
AHCYP2	SRR5949292	1.149752993629983
AHCYP2	SRR5949293	1.1499000124654937
AHCYP2	SRR5949294	1.1498758641415114
AHCYP2	SRR5949295	1.1498041981068907
AHCYP2	SRR5949296	1.1498041981068907
AHCYP2	SRR5949297	1.1498283651018633
AHCYP2	SRR5949298	1.149614382860247
AHCYP2	SRR5949299	1.149757132515299
AHCYP2	SRR5949300	1.1498758641415114
AHCYP2	SRR5949301	1.1498758641415114
AHCYP2	SRR5949302	1.1496653216499102
AHCYP2	SRR5949303	1.1496516232140812
AHCYP2	SRR5949304	1.1498283651018633
AHCYP2	SRR5949305	1.1490061236504394
AHCYP2	SRR5949306	1.1498700492655702
AHCYP2	SRR5949307	1.149757132515299
AHCYP2	SRR5949308	1.149801355279094
AHCYP2	SRR5949309	1.1495565511841175
AHCYP2	SRR5949310	1.1495565511841175
AHCYP2	SRR5949311	1.1497815594090803
AHCYP2	SRR5949312	1.149461221160821
AHCYP2	SRR5949313	1.1497815594090803
AHCYP2	SRR5949314	1.1498758641415114
AHCYP2	SRR5949315	1.1497815594090803
AHCYP2	SRR5949316	1.1498041981068907
AHCYP2	SRR5949317	1.1492438683694057
AHCYP2	SRR5949318	1.1491016556665985
AHCYP2	SRR5949319	1.1498283651018633
AHCYP2	SRR5949320	1.1499000124654937
AHCYP2	SRR5949321	1.149801355279094
AHCYP2	SRR5949322	1.149614382860247
AHCYP2	SRR5949323	1.1497815594090803
AHCYP2	SRR5949324	1.1499000124654937
AHCYP2	SRR5949325	1.1498041981068907
AHCYP2	SRR5949326	1.1497815594090803
AHCYP2	SRR5949327	1.1490004023259148
AHCYP2	SRR5949328	1.1498283651018633
AHCYP2	SRR5949329	1.1498283651018633
AHCYP2	SRR5949330	1.1498041981068907
AHCYP2	SRR5949331	1.1498700492655702
AHCYP2	SRR5949332	1.1499000124654937
AHCYP2	SRR5949333	1.1496993836519698
AHCYP2	SRR5949334	1.1494508753827517
AHCYP2	SRR5949335	1.1498758641415114
AHCYP2	SRR5949336	1.149801355279094
AHCYP2	SRR5949337	1.1498700492655702
AHCYP2	SRR5949338	1.1498041981068907
AHCYP2	SRR5949339	1.1498041981068907
AHCYP2	SRR5949340	1.149614382860247
AHCYP2	SRR5949341	1.149727479151349
AHCYP2	SRR5949342	1.1498700492655702
AHCYP2	SRR5949343	1.149727479151349
AHCYP2	SRR5949344	1.1498283651018633
AHCYP2	SRR5949345	1.1498700492655702
AHCYP2	SRR5949346	1.1489824166943214
AHCYP2	SRR5949347	1.1494257243385793
AHCYP2	SRR5949348	1.1487709425734813
AHCYP2	SRR5949349	1.1498041981068907
AHCYP2	SRR5949350	1.149757132515299
AHCYP2	SRR5949351	1.1497815594090803
AHCYP2	SRR5949352	1.149801355279094
AHCYP2	SRR5949353	1.1498041981068907
AHCYP2	SRR5949354	1.1495224477062624
AHCYP2	SRR5949355	1.149727479151349
AHCYP2	SRR5949356	1.1467122388088349
AHCYP2	SRR5949357	1.149752993629983
AHCYP2	SRR5949358	1.1497815594090803
AHCYP2	SRR5949359	1.1498041981068907
AHCYP2	SRR5949360	1.149727479151349
AHCYP2	SRR5949361	1.1496653216499102
AHCYP2	SRR5949362	1.1478188840514512
AHCYP2	SRR5949363	1.1498758641415114
AHCYP2	SRR5949364	1.1496058907069004
AHCYP2	SRR5949365	1.1494121443044876
AHCYP2	SRR5949366	1.1474377159067004
AHCYP2	SRR5949367	1.1499000124654937
AHCYP2	SRR5949368	1.148804618132568
AHCYP2	SRR5949369	1.1498758641415114
AHCYP2	SRR5949370	1.1498283651018633
AHCYP2	SRR5949371	1.1495565511841175
AHCYP2	SRR5949372	1.149801355279094
AHCYP2	SRR5949373	1.1498758641415114
AHCYP2	SRR5949374	1.1496516232140812
AHCYP2	SRR5949375	1.1498758641415114
AHCYP2	SRR5949376	1.1499000124654937
AHCYP2	SRR5949377	1.1498041981068907
AHCYP2	SRR5949378	1.1499000124654937
AHCYP2	SRR5949379	1.1498041981068907
AHCYP2	SRR5949380	1.1489471817569916
AHCYP2	SRR5949381	1.1495012298161975
AHCYP2	SRR5949382	1.1498283651018633
AHCYP2	SRR5949383	1.1496993836519698
AHCYP2	SRR5949384	1.1498758641415114
AHCYP2	SRR5949385	1.149659680044542
AHCYP2	SRR5949386	1.1499000124654937
AHCYP2	SRR5949387	1.147930185304594
AHCYP2	SRR5949388	1.1495224477062624
AHCYP2	SRR5949389	1.1499000124654937
AHCYP2	SRR5949390	1.1497815594090803
AHCYP2	SRR5949391	1.1495565511841175
AHCYP2	SRR5949392	1.1499000124654937
AHCYP2	SRR5949393	1.1495565511841175
AHCYP2	SRR5949394	1.1495012298161975
AHCYP2	SRR5949395	1.1497815594090803
AHCYP2	SRR5949396	1.1489204896371397
AHCYP2	SRR5949397	1.1498758641415114
AHCYP2	SRR5949398	1.1498700492655702
AHCYP2	SRR5949399	1.1497815594090803
AHCYP2	SRR5949400	1.1442239823514004
AHCYP2	SRR5949401	1.1499000124654937
AHCYP2	SRR5949402	1.149801355279094
AHCYP2	SRR5949403	1.149757132515299
AHCYP2	SRR5949404	1.1495611354981103
AHCYP2	SRR5949405	1.1498041981068907
AHCYP2	SRR5949406	1.1498758641415114
AHCYP2	SRR5949407	1.1498041981068907
AHCYP2	SRR5949408	1.1498041981068907
AHCYP2	SRR5949409	1.149801355279094
AHCYP2	SRR5949410	1.149801355279094
AHCYP2	SRR5949411	1.1499000124654937
AHCYP2	SRR5949412	1.1496653216499102
AHCYP2	SRR5949413	1.1498041981068907
AHCYP2	SRR5949414	1.1498283651018633
AHCYP2	SRR5949415	1.1498700492655702
AHCYP2	SRR5949416	1.149752993629983
AHCYP2	SRR5949417	1.1496993836519698
AHCYP2	SRR5949418	1.1498041981068907
AHCYP2	SRR5949419	1.1498283651018633
AHCYP2	SRR5949420	1.149727479151349
AHCYP2	SRR5949421	1.1496993836519698
AHCYP2	SRR5949422	1.149752993629983
AHCYP2	SRR5949423	1.149752993629983
AHCYP2	SRR5949424	1.1499000124654937
AHCYP2	SRR5949425	1.149752993629983
AHCYP2	SRR5949426	1.1498700492655702
AHCYP2	SRR5949427	1.149752993629983
AHCYP2	SRR5949428	1.1499000124654937
AHCYP2	SRR5949429	1.149461221160821
AHCYP2	SRR5949430	1.1497815594090803
AHCYP2	SRR5949431	1.1497815594090803
AHCYP2	SRR5949432	1.149801355279094
AHCYP2	SRR5949433	1.149757132515299
AHCYP2	SRR5949434	1.149757132515299
AHCYP2	SRR5949435	1.1495510677538354
AHCYP2	SRR5949436	1.1498283651018633
AHCYP2	SRR5949437	1.149461221160821
AHCYP2	SRR5949438	1.1493806150832857
AHCYP2	SRR5949439	1.1498758641415114
AHCYP2	SRR5949440	1.1498700492655702
AHCYP2	SRR5949441	1.1498700492655702
AHCYP2	SRR5949442	1.1496516232140812
AHCYP2	SRR5949443	1.1495611354981103
AHCYP2	SRR5949444	1.1495012298161975
AHCYP2	SRR5949445	1.1499000124654937
AHCYP2	SRR5949446	1.1498700492655702
AHCYP2	SRR5949447	1.149757132515299
AHCYP2	SRR5949448	1.1499000124654937
AHCYP2	SRR5949449	1.1499000124654937
AHCYP2	SRR5949450	1.1497815594090803
AHCYP2	SRR5949451	1.1496993836519698
AHCYP2	SRR5949452	1.1498041981068907
AHCYP2	SRR5949453	1.1497815594090803
AHCYP2	SRR5949454	1.1498041981068907
AHCYP2	SRR5949455	1.149757132515299
AHCYP2	SRR5949456	1.1498758641415114
AHCYP2	SRR5949457	1.1498700492655702
AHCYP2	SRR5949458	1.1498758641415114
AHCYP2	SRR5949459	1.149801355279094
AHCYP2	SRR5949460	1.1495611354981103
AHCYP2	SRR5949461	1.1490004023259148
AHCYP2	SRR5949462	1.1498283651018633
AHCYP2	SRR5949463	1.1495510677538354
AHCYP2	SRR5949464	1.1494610034998385
AHCYP2	SRR5949465	1.1489587806071277
AHCYP2	SRR5949466	1.1497815594090803
AHCYP2	SRR5949467	1.1489471817569916
AHCYP2	SRR5949468	1.1498283651018633
AHCYP2	SRR5949469	1.1498700492655702
AHCYP2	SRR5949470	1.1498041981068907
AHCYP2	SRR5949471	1.149727479151349
AHCYP2	SRR5949472	1.149801355279094
AHCYP2	SRR5949473	1.149801355279094
AHCYP2	SRR5949474	1.149757132515299
AHCYP2	SRR5949475	1.1499000124654937
AHCYP2	SRR5949476	1.1498041981068907
AHCYP2	SRR5949477	1.1498700492655702
AHCYP2	SRR5949478	1.149801355279094
AHCYP2	SRR5949479	1.149283393549715
AHCYP2	SRR5949480	1.149752993629983
AHCYP2	SRR5949481	1.1498700492655702
AHCYP2	SRR5949482	1.1496653216499102
AHCYP2	SRR5949483	1.1492630102128836
AHCYP2	SRR5949484	1.1498283651018633
AHCYP2	SRR5949485	1.1495012298161975
AHCYP2	SRR5949486	1.149757132515299
AHCYP2	SRR5949487	1.149752993629983
AHCYP2	SRR5949488	1.149461221160821
AHCYP2	SRR5949489	1.1496058907069004
AHCYP2	SRR5949490	1.1496058907069004
AHCYP2	SRR5949491	1.149757132515299
AHCYP2	SRR5949492	1.1496058907069004
AHCYP2	SRR5949493	1.149727479151349
AHCYP2	SRR5949494	1.1499000124654937
AHCYP2	SRR5949495	1.1494707522857042
AHCYP2	SRR5949496	1.149727479151349
AHCYP2	SRR5949497	1.149727479151349
AHCYP2	SRR5949498	1.1497815594090803
AHCYP2	SRR5949499	1.1498283651018633
AHCYP2	SRR5949500	1.1494121443044876
AHCYP2	SRR5949501	1.149515806070026
AHCYP2	SRR5949502	1.1492573238148507
AHCYP2	SRR5949503	1.149639556483191
AHCYP2	SRR5949504	1.1498041981068907
AHCYP2	SRR5949505	1.1498041981068907
AHCYP2	SRR5949506	1.1498041981068907
AHCYP2	SRR5949507	1.1498700492655702
AHCYP2	SRR5949508	1.149752993629983
AHCYP2	SRR5949509	1.1498283651018633
AHCYP2	SRR5949510	1.1498041981068907
AHCYP2	SRR5949511	1.1489592829745587
AHCYP2	SRR5949512	1.149801355279094
AHCYP2	SRR5949513	1.1499000124654937
AHCYP2	SRR5949514	1.149659680044542
AHCYP2	SRR5949515	1.1498283651018633
AHCYP2	SRR5949516	1.149757132515299
AHCYP2	SRR5949517	1.1498041981068907
AHCYP2	SRR5949518	1.149283393549715
AHCYP2	SRR5949519	1.1496058907069004
AHCYP2	SRR5949520	1.1498700492655702
AHCYP2	SRR5949521	1.1490859664004887
AHCYP2	SRR5949522	1.149801355279094
AHCYP2	SRR5949523	1.1498700492655702
AHCYP2	SRR5949524	1.149757132515299
AHCYP2	SRR5949525	1.149659680044542
AHCYP2	SRR5949526	1.1489944018824365
AHCYP2	SRR5949527	1.149639556483191
AHCYP2	SRR5949528	1.1483720675437479
AHCYP2	SRR5949529	1.1495224477062624
AHCYP2	SRR5949530	1.149727479151349
AHCYP2	SRR5949531	1.1496653216499102
AHCYP2	SRR5949532	1.1498700492655702
AHCYP2	SRR5949533	1.1499000124654937
AHCYP2	SRR5949534	1.149659680044542
AHCYP2	SRR5949535	1.1498283651018633
AHCYP2	SRR5949536	1.1497815594090803
AHCYP2	SRR5949537	1.1498700492655702
AHCYP2	SRR5949538	1.1499000124654937
AHCYP2	SRR5949539	1.149727479151349
AHCYP2	SRR5949540	1.1495611354981103
AHCYP2	SRR5949541	1.149727479151349
AHCYP2	SRR5949542	1.1495224477062624
AHCYP2	SRR5949543	1.149752993629983
AHCYP2	SRR5949544	1.1495611354981103
AHCYP2	SRR5949545	1.149283393549715
AHCYP2	SRR5949546	1.149639556483191
AHCYP2	SRR5949547	1.1499000124654937
AHCYP2	SRR5949548	1.149757132515299
AHCYP2	SRR5949549	1.1494121443044876
AHCYP2	SRR5949550	1.1489471817569916
AHCYP2	SRR5949551	1.149801355279094
AHCYP2	SRR5949552	1.1494823274298185
AHCYP2	SRR5949553	1.1498758641415114
AHCYP2	SRR5949554	1.1498041981068907
AHCYP2	SRR5949555	1.1409427054301
AHCYP2	SRR5949556	1.149515806070026
AHCYP2	SRR5949557	1.1497815594090803
AHCYP2	SRR5949558	1.1494707522857042
AHCYP2	SRR5949559	1.1498283651018633
AHCYP2	SRR5949560	1.1498283651018633
AHCYP2	SRR5949561	1.1490061236504394
AHCYP2	SRR5949562	1.1495012298161975
AHCYP2	SRR5949563	1.1497815594090803
AHCYP2	SRR5949564	1.149801355279094
AHCYP2	SRR5949565	1.1498758641415114
AHCYP2	SRR5949566	1.1498283651018633
AHCYP2	SRR5949567	1.1479342052496542
AHCYP2	SRR5949568	1.1495565511841175
AHCYP2	SRR5949569	1.149614382860247
AHCYP2	SRR5949570	1.149727479151349
AHCYP2	SRR5949571	1.1493287860193127
AHCYP2	SRR5949572	1.1496993836519698
AHCYP2	SRR5949573	1.1495565511841175
AHCYP2	SRR5949574	1.1497815594090803
AHCYP2	SRR5949575	1.149752993629983
AHCYP2	SRR5949576	1.1496993836519698
AHCYP2	SRR5949577	1.1498758641415114
AHCYP2	SRR5949578	1.1497815594090803
AHCYP2	SRR5949579	1.1498283651018633
AHCYP2	SRR5949580	1.1498283651018633
AHCYP2	SRR5949581	1.1499000124654937
AHCYP2	SRR5949582	1.149614382860247
AHCYP2	SRR5949583	1.1498758641415114
AHCYP2	SRR5949584	1.1489713533334538
AHCYP2	SRR5949585	1.149801355279094
AHCYP2	SRR5949586	1.1498041981068907
AHCYP2	SRR5949587	1.149757132515299
AHCYP2	SRR5949588	1.14823324140182
AHCYP2	SRR5949589	1.1499000124654937
AHCYP2	SRR5949590	1.149639556483191
AHCYP2	SRR5949591	1.1498283651018633
AHCYP2	SRR5949592	1.1496653216499102
AHCYP2	SRR5949593	1.1499000124654937
AHCYP2	SRR5949594	1.1496993836519698
AHCYP2	SRR5949595	1.1498041981068907
AHCYP2	SRR5949596	1.149757132515299
AHCYP2	SRR5949597	1.1492327898220787
AHCYP2	SRR5949598	1.149727479151349
AHCYP2	SRR5949599	1.149639556483191
AHCYP2	SRR5949600	1.1497815594090803
AHCYP2	SRR5949601	1.1496993836519698
AHCYP2	SRR5949602	1.1499000124654937
AHCYP2	SRR5949603	1.149801355279094
AHCYP2	SRR5949604	1.1498041981068907
AHCYP2	SRR5949605	1.1496993836519698
AHCYP2	SRR5949606	1.1494707522857042
AHCYP2	SRR5949607	1.1498700492655702
AHCYP2	SRR5949608	1.1490004023259148
AHCYP2	SRR5950246	1.1489592829745587
AHCYP2	SRR5950247	1.1494707522857042
AHCYP2	SRR5950248	1.1497815594090803
AHCYP2	SRR5950249	1.1499000124654937
AHCYP2	SRR5950250	1.1495611354981103
AHCYP2	SRR5950251	1.1497815594090803
AHCYP2	SRR5950252	1.1498758641415114
AHCYP2	SRR5950253	1.1498041981068907
AHCYP2	SRR5950254	1.1494707522857042
AHCYP2	SRR5950255	1.1492327898220787
AHCYP2	SRR5950256	1.14882817140177
AHCYP2	SRR5950257	1.1487945702274995
AHCYP2	SRR5950258	1.149801355279094
AHCYP2	SRR5950259	1.1498283651018633
AHCYP2	SRR5950260	1.1497815594090803
AHCYP2	SRR5950261	1.149801355279094
AHCYP2	SRR5950262	1.149659680044542
AHCYP2	SRR5950263	1.1492573238148507
AHCYP2	SRR5950264	1.1498700492655702
AHCYP2	SRR5950265	1.1495611354981103
AHCYP2	SRR5950266	1.1489684643066176
AHCYP2	SRR5950267	1.149801355279094
AHCYP2	SRR5950268	1.1496993836519698
AHCYP2	SRR5950269	1.149727479151349
AHCYP2	SRR5950270	1.1494610034998385
AHCYP2	SRR5950271	1.1499000124654937
AHCYP2	SRR5950272	1.1499000124654937
AHCYP2	SRR5950273	1.1497815594090803
AHCYP2	SRR5950274	1.1496516232140812
AHCYP2	SRR5950275	1.1496993836519698
AHCYP2	SRR5950276	1.149801355279094
AHCYP2	SRR5950277	1.149515806070026
AHCYP2	SRR5950278	1.1492438683694057
AHCYP2	SRR5950279	1.149757132515299
AHCYP2	SRR5950280	1.1498041981068907
AHCYP2	SRR5950281	1.1496993836519698
AHCYP2	SRR5950282	1.1493287860193127
AHCYP2	SRR5950283	1.149801355279094
AHCYP2	SRR5950284	1.1466271340242074
AHCYP2	SRR5950285	1.1494823274298185
AHCYP2	SRR5950286	1.1497815594090803
AHCYP2	SRR5950287	1.1491016556665985
AHCYP2	SRR5950288	1.1495510677538354
AHCYP2	SRR5950289	1.1490061236504394
AHCYP2	SRR5950290	1.1498283651018633
AHCYP2	SRR5950291	1.149801355279094
AHCYP2	SRR5950292	1.1496653216499102
AHCYP2	SRR5950293	1.1494610034998385
AHCYP2	SRR5950294	1.1499000124654937
AHCYP2	SRR5950295	1.1498758641415114
AHCYP2	SRR5950296	1.149752993629983
AHCYP2	SRR5950297	1.1494508753827517
AHCYP2	SRR5950298	1.1498283651018633
AHCYP2	SRR5950299	1.149614382860247
AHCYP2	SRR5950300	1.149757132515299
AHCYP2	SRR5950301	1.149801355279094
AHCYP2	SRR5950302	1.149752993629983
AHCYP2	SRR5950303	1.149614382860247
AHCYP2	SRR5950304	1.149461221160821
AHCYP2	SRR5950305	1.149752993629983
AHCYP2	SRR5950306	1.149752993629983
AHCYP2	SRR5950307	1.1496058907069004
AHCYP2	SRR5950308	1.1496653216499102
AHCYP2	SRR5950309	1.1496993836519698
AHCYP2	SRR5950310	1.1497815594090803
AHCYP2	SRR5950311	1.1498700492655702
AHCYP2	SRR5950312	1.149801355279094
AHCYP2	SRR5950313	1.1496653216499102
AHCYP2	SRR5950314	1.1498283651018633
AHCYP2	SRR5950315	1.149801355279094
AHCYP2	SRR5950316	1.1498700492655702
AHCYP2	SRR5950317	1.149614382860247
AHCYP2	SRR5950318	1.1494610034998385
AHCYP2	SRR5950319	1.149639556483191
AHCYP2	SRR5950320	1.149614382860247
AHCYP2	SRR5950321	1.148836459359721
AHCYP2	SRR5950322	1.1495224477062624
AHCYP2	SRR5950323	1.1496516232140812
AHCYP2	SRR5950324	1.1498283651018633
AHCYP2	SRR5950325	1.149659680044542
AHCYP2	SRR5950326	1.149515806070026
AHCYP2	SRR5950327	1.149801355279094
AHCYP2	SRR5950328	1.149801355279094
AHCYP2	SRR5950329	1.149752993629983
AHCYP2	SRR5950330	1.149639556483191
AHCYP2	SRR5950331	1.1493287860193127
AHCYP2	SRR5950332	1.1494707522857042
AHCYP2	SRR5950333	1.1498283651018633
AHCYP2	SRR5950334	1.1498283651018633
AHCYP2	SRR5950335	1.1498283651018633
AHCYP2	SRR5950336	1.1477909267796054
AHCYP2	SRR5950337	1.1490522198255662
AHCYP2	SRR5950338	1.1484554126990747
AHCYP2	SRR5950339	1.1499000124654937
AHCYP2	SRR5950340	1.1496058907069004
AHCYP2	SRR5950341	1.1496653216499102
AHCYP2	SRR5950342	1.1498700492655702
AHCYP2	SRR5950343	1.1496653216499102
AHCYP2	SRR5950344	1.1495224477062624
AHCYP2	SRR5950345	1.1496516232140812
AHCYP2	SRR5950346	1.149801355279094
AHCYP2	SRR5950347	1.149752993629983
AHCYP2	SRR5950348	1.1496058907069004
AHCYP2	SRR5950349	1.1498758641415114
AHCYP2	SRR5950350	1.1497815594090803
AHCYP2	SRR5950351	1.1491016556665985
AHCYP2	SRR5950352	1.1498700492655702
AHCYP2	SRR5950353	1.149752993629983
AHCYP2	SRR5950354	1.1498700492655702
AHCYP2	SRR5950355	1.1498700492655702
AHCYP2	SRR5950356	1.1489979896611313
AHCYP2	SRR5950357	1.1498700492655702
AHCYP2	SRR5950358	1.149614382860247
AHCYP2	SRR5950359	1.149727479151349
AHCYP2	SRR5950360	1.1498700492655702
AHCYP2	SRR5950361	1.1498700492655702
AHCYP2	SRR5950362	1.1495224477062624
AHCYP2	SRR5950363	1.1494508753827517
AHCYP2	SRR5950364	1.149639556483191
AHCYP2	SRR5950365	1.1498041981068907
AHCYP2	SRR5950366	1.1498283651018633
AHCYP2	SRR5950367	1.1489024179979748
AHCYP2	SRR5950368	1.149752993629983
AHCYP2	SRR5950369	1.1499000124654937
AHCYP2	SRR5950370	1.1499000124654937
AHCYP2	SRR5950371	1.149801355279094
AHCYP2	SRR5950372	1.1498041981068907
AHCYP2	SRR5950373	1.149757132515299
AHCYP2	SRR5950374	1.149757132515299
AHCYP2	SRR5950375	1.1498700492655702
AHCYP2	SRR5950376	1.1499000124654937
AHCYP2	SRR5950377	1.1494121443044876
AHCYP2	SRR5950378	1.149757132515299
AHCYP2	SRR5950379	1.149752993629983
AHCYP2	SRR5950380	1.1496653216499102
AHCYP2	SRR5950381	1.149659680044542
AHCYP2	SRR5950382	1.1491016556665985
AHCYP2	SRR5950383	1.1498758641415114
AHCYP2	SRR5950384	1.1498283651018633
AHCYP2	SRR5950385	1.1490859664004887
AHCYP2	SRR5950386	1.1498700492655702
AHCYP2	SRR5950387	1.1498758641415114
AHCYP2	SRR5950388	1.1495611354981103
AHCYP2	SRR5950389	1.1485352709618715
AHCYP2	SRR5950390	1.1496993836519698
AHCYP2	SRR5950391	1.1499000124654937
AHCYP2	SRR5950392	1.1491016556665985
AHCYP2	SRR5950393	1.1495565511841175
AHCYP2	SRR5950394	1.149727479151349
AHCYP2	SRR5950395	1.149752993629983
AHCYP2	SRR5950396	1.1499000124654937
AHCYP2	SRR5950397	1.1498758641415114
AHCYP2	SRR5950398	1.1498758641415114
AHCYP2	SRR5950399	1.149659680044542
AHCYP2	SRR5950400	1.1496993836519698
AHCYP2	SRR5950401	1.1498700492655702
AHCYP2	SRR5950402	1.1498700492655702
AHCYP2	SRR5950403	1.1497815594090803
AHCYP2	SRR5950404	1.1498041981068907
AHCYP2	SRR5950405	1.14823324140182
AHCYP2	SRR5950406	1.1493806150832857
AHCYP2	SRR5950407	1.149801355279094
AHCYP2	SRR5950408	1.149461221160821
AHCYP2	SRR5950409	1.1495565511841175
AHCYP2	SRR5950410	1.1499000124654937
AHCYP2	SRR5950411	1.1498283651018633
AHCYP2	SRR5950412	1.1498700492655702
AHCYP2	SRR5950413	1.1493657120956842
AHCYP2	SRR5950414	1.149801355279094
AHCYP2	SRR5950415	1.149614382860247
AHCYP2	SRR5950416	1.1496653216499102
AHCYP2	SRR5950417	1.1496993836519698
AHCYP2	SRR5950418	1.1495510677538354
AHCYP2	SRR5950419	1.1498700492655702
AHCYP2	SRR5950420	1.149752993629983
AHCYP2	SRR5950421	1.1495611354981103
AHCYP2	SRR5950422	1.1494707522857042
AHCYP2	SRR5950423	1.149757132515299
AHCYP2	SRR5950424	1.1498283651018633
AHCYP2	SRR5950425	1.1498700492655702
AHCYP2	SRR5950426	1.1496058907069004
AHCYP2	SRR5950427	1.1498283651018633
AHCYP2	SRR5950428	1.149757132515299
AHCYP2	SRR5950429	1.1498700492655702
AHCYP2	SRR5950430	1.149727479151349
AHCYP2	SRR5950431	1.149727479151349
AHCYP2	SRR5950432	1.1498041981068907
AHCYP2	SRR5950433	1.149801355279094
AHCYP2	SRR5950434	1.1495611354981103
AHCYP2	SRR5950435	1.149757132515299
AHCYP2	SRR5950436	1.1498700492655702
AHCYP2	SRR5950437	1.149727479151349
AHCYP2	SRR5950438	1.1498283651018633
AHCYP2	SRR5950439	1.1498758641415114
AHCYP2	SRR5950440	1.145365413736815
AHCYP2	SRR5950441	1.1494707522857042
AHCYP2	SRR5950442	1.1497815594090803
AHCYP2	SRR5950443	1.149659680044542
AHCYP2	SRR5950444	1.149801355279094
AHCYP2	SRR5950445	1.1498041981068907
AHCYP2	SRR5950446	1.1496516232140812
AHCYP2	SRR5950447	1.1494257243385793
AHCYP2	SRR5950448	1.149801355279094
AHCYP2	SRR5950449	1.1498041981068907
AHCYP2	SRR5950450	1.1498700492655702
AHCYP2	SRR5950451	1.1499000124654937
AHCYP2	SRR5950452	1.1494823274298185
AHCYP2	SRR5950453	1.1498283651018633
AHCYP2	SRR5950454	1.1494823274298185
AHCYP2	SRR5950455	1.1498283651018633
AHCYP2	SRR5950456	1.149757132515299
AHCYP2	SRR5950457	1.149659680044542
AHCYP2	SRR5950458	1.1499000124654937
AHCYP2	SRR5950459	1.149752993629983
AHCYP2	SRR5950460	1.149752993629983
AHCYP2	SRR5950461	1.1497815594090803
AHCYP2	SRR5950462	1.1492630102128836
AHCYP2	SRR5950463	1.149614382860247
AHCYP2	SRR5950464	1.149515806070026
AHCYP2	SRR5950465	1.1449587156171235
AHCYP2	SRR5950466	1.149801355279094
AHCYP2	SRR5950467	1.149752993629983
AHCYP2	SRR5950468	1.149801355279094
AHCYP2	SRR5950469	1.149639556483191
AHCYP2	SRR5950470	1.1498700492655702
AHCYP2	SRR5963912	1.1499000124654937
AHCYP2	SRR5963913	1.1495224477062624
AHCYP2	SRR5963914	1.1499000124654937
AHCYP2	SRR5963915	1.1495611354981103
AHCYP2	SRR5963916	1.1494121443044876
AHCYP2	SRR5963917	1.1496993836519698
AHCYP2	SRR5963918	1.149727479151349
AHCYP2	SRR5963919	1.1498041981068907
AHCYP2	SRR5963920	1.149757132515299
AHCYP2	SRR5963921	1.1498283651018633
AHCYP2	SRR5963922	1.1496653216499102
AHCYP2	SRR5963923	1.149727479151349
AHCYP2	SRR5963924	1.1498041981068907
AHCYP2	SRR5963925	1.1495224477062624
AHCYP2	SRR5963926	1.149515806070026
AHCYP2	SRR5963927	1.1498758641415114
AHCYP2	SRR5963928	1.1494823274298185
AHCYP2	SRR5963929	1.149801355279094
AHCYP2	SRR5963930	1.1493287860193127
AHCYP2	SRR5963931	1.1499000124654937
AHCYP2	SRR5963932	1.149757132515299
AHCYP2	SRR5963933	1.149659680044542
AHCYP2	SRR5963934	1.1494257243385793
AHCYP2	SRR5963935	1.1499000124654937
AHCYP2	SRR5963936	1.1495510677538354
AHCYP2	SRR5963937	1.1492573238148507
AHCYP2	SRR5963938	1.149801355279094
AHCYP2	SRR5963939	1.1498041981068907
AHCYP2	SRR5963940	1.1498700492655702
AHCYP2	SRR5963941	1.1499000124654937
AHCYP2	SRR5963942	1.1499000124654937
AHCYP2	SRR5963943	1.1498283651018633
AHCYP2	SRR5963944	1.1499000124654937
AHCYP2	SRR5963945	1.1498758641415114
AHCYP2	SRR5963946	1.149801355279094
AHCYP2	SRR5963947	1.149801355279094
AHCYP2	SRR5963948	1.149801355279094
AHCYP2	SRR6467548	3.0294183705722038
AHCYP2	SRR6467549	1.0166333952670563
AHCYP2	SRR6467550	1.0094573463716312
AHCYP2	SRR6467551	2.0329016381270315
AHCYP2	SRR6467552	1.0165227814557534
AHCYP2	SRR6467553	1.031917753407997
AHCYP2	SRR6467554	1.0225494456218691
AHCYP2	SRR6467555	1.0144151620441488
AHCYP2	SRR6467556	2.0236558775271267
AHCYP2	SRR6467557	1.011419518838626
AHCYP2	SRR6467558	1.0202167779550353
AHCYP2	SRR6467559	3.006524872058571
AHCYP2	SRR6467560	1.0102148863804552
AHCYP2	SRR6467561	2.0149022280126148
AHCYP2	SRR6467562	1.003793020797143
AHCYP2	SRR6467563	1.0061967931686884
AHCYP2	SRR6467564	3.0219330035057457
AHCYP2	SRR6467565	2.0193990487521933
AHCYP2	SRR6467566	1.0275298262095158
AHCYP2	SRR6467567	1.0110728691639104
AHCYP2	SRR6467568	1.0041019499142785
AHCYP2	SRR6467569	2.0292794199470636
AHCYP2	SRR6467570	3.684948113190285
AHCYP2	SRR6467571	2.0014397023245074
AHCYP2	SRR6467572	1.0061524256376846
AHCYP2	SRR6467573	1.0067982845157166
AHCYP2	SRR6467574	3
AHCYP2	SRR6467575	1.1431939132154336
AHCYP2	SRR6467576	1.0046747157254012
AHCYP2	SRR6467577	1.0014402205102033
AHCYP2	SRR6467578	1.0098738000574858
AHCYP2	SRR6467579	2.0211676625259702
AHCYP2	SRR6467580	3.8087701986329563
AHCYP2	SRR6467581	0.8602069894559086
AHCYP2	SRR6467582	0.9412318359018896
AHCYP2	SRR6467583	3
AHCYP2	SRR6467584	1.0036310190827418
AHCYP2	SRR6467585	1.451955409059606
AHCYP2	SRR6467586	2.101754729963013
AHCYP2	SRR6467587	1.5822158153165915
AHCYP2	SRR6467588	0.556671230961435
AHCYP2	SRR6467589	3
AHCYP2	SRR6467590	1.0027634203047235
AHCYP2	SRR6467591	2.0210392039866694
AHCYP2	SRR6467592	1.0077795396441576
AHCYP2	SRR6467593	3.0136148620843226
AHCYP2	SRR6467594	0.7354317039376504
AHCYP2	SRR6467595	1.0021917441245578
AHCYP2	SRR6467596	1
AHCYP2	SRR6467597	1.6988329080291436
AHCYP2	SRR6467598	7.1225273608629145
AHCYP2	SRR6467599	1.0037407429361982
AHCYP2	SRR6467600	2.009637137701128
AHCYP2	SRR6467601	3.0167364521490883
AHCYP2	SRR6467602	1.909638020477521
AHCYP2	SRR6467603	3
AHCYP2	SRR6467604	1.0042247356985123
AHCYP2	SRR6467605	2.007147823194564
AHCYP2	SRR6467606	4
AHCYP2	SRR6467607	1
AHCYP2	SRR6467608	3.0078817544471623
AHCYP2	SRR6467609	1.0001799142310437
AHCYP2	SRR6467610	2.0199633959686554
AHCYP2	SRR6467611	2.459768152009432
AHCYP2	SRR6467612	1.0058040855375532
AHCYP2	SRR6467613	2
AHCYP2	SRR6467614	1
AHCYP2	SRR6467615	1.012703741023523
AHCYP2	SRR6467616	1.0098927550157835
AHCYP2	SRR6467617	1.0066688641367247
AHCYP2	SRR6467618	2
AHCYP2	SRR6467619	1.939940628945777
AHCYP2	SRR6467620	1.0025925045596629
AHCYP2	SRR6467621	1.005107193890329
AHCYP2	SRR6467622	1.0150608699717154
AHCYP2	SRR6467623	0.7184073978994172
AHCYP2	SRR6467624	1.0001799142310437
AHCYP2	SRR6467625	2
AHCYP2	SRR6467626	2
AHCYP2	SRR6467627	2.0201274951076593
AHCYP2	SRR6467628	1
AHCYP2	SRR6467629	1.7503877364812452
AHCYP2	SRR6467630	1.0007198511622537
AHCYP2	SRR6467631	1.0008998949047658
AHCYP2	SRR6467632	1.0071774620660263
AHCYP2	SRR6467633	2
AHCYP2	SRR6467634	1.0039962901985677
AHCYP2	SRR6467635	0.589783091897133
AHCYP2	SRR6467636	1.0100809623101739
AHCYP2	SRR6467637	2
AHCYP2	SRR6467638	2
AHCYP2	SRR6467639	4.012674038334661
AHCYP2	SRR6467640	1.0209184673656215
AHCYP2	SRR6467641	1.0092827829875564
AHCYP2	SRR6467642	0.8521559038609048
AHCYP2	SRR6467643	1.0125130005061824
AHCYP2	SRR6467644	1
AHCYP2	SRR6467645	4.339955901008034
AHCYP2	SRR6467646	2
AHCYP2	SRR6467647	2.277655806939753
AHCYP2	SRR6467648	1.005773633988387
AHCYP2	SRR6467649	1.0052921358977929
AHCYP2	SRR6467650	2.0109460045187943
AHCYP2	SRR6467651	1.002913173016367
AHCYP2	SRR6467652	1.0001799142310437
AHCYP2	SRR6467653	1.00992245953211
AHCYP2	SRR6467654	1.0037407429361982
AHCYP2	SRR6467655	2
AHCYP2	SRR6467656	3.7836422065689743
AHCYP2	SRR6467657	1
AHCYP2	SRR6467658	3
AHCYP2	SRR6467659	3.166522961166287
AHCYP2	SRR6467660	1.0068426805266635
AHCYP2	SRR6467661	1.4059035510088327
AHCYP2	SRR6467662	1.789269069067543
AHCYP2	SRR6467663	2.005581682610789
AHCYP2	SRR6467664	1.2889146650799082
AHCYP2	SRR6467665	1
AHCYP2	SRR6467666	1
AHCYP2	SRR6467667	1.8189690767192026
AHCYP2	SRR6467668	3.6268328097647777
AHCYP2	SRR6467669	1
AHCYP2	SRR6467670	1
AHCYP2	SRR6467671	1.8682588207780801
AHCYP2	SRR6467672	1.0088498474584395
AHCYP2	SRR6467673	1.0095900205975368
AHCYP2	SRR6467674	2.0125101359493724
AHCYP2	SRR6467675	3.0259258740210275
AHCYP2	SRR6467676	1.1614958995966649
AHCYP2	SRR6467677	2
AHCYP2	SRR6467678	1
AHCYP2	SRR6467679	2
AHCYP2	SRR6467680	1.01072934295352
AHCYP2	SRR6467681	1
AHCYP2	SRR6467682	2.0119700880123665
AHCYP2	SRR6467683	1.0111962112098367
AHCYP2	SRR6467684	1.0025925045596629
AHCYP2	SRR6467685	1.014095870178947
AHCYP2	SRR6467686	1.0014402205102033
AHCYP2	SRR6467687	0.6661969090000487
AHCYP2	SRR6467688	1
AHCYP2	SRR6467689	3.02970872697465
AHCYP2	SRR6467690	1.0054674322877741
AHCYP2	SRR6467691	1.0055480781368802
AHCYP2	SRR6467692	1.0010052287584692
AHCYP2	SRR6467693	1.9817503956026317
AHCYP2	SRR6467694	2.0151414118406388
AHCYP2	SRR6467695	1.0045689957386463
AHCYP2	SRR6467696	1.350400618251858
AHCYP2	SRR6467697	2
AHCYP2	SRR6467698	1.0047021889912742
AHCYP2	SRR6467699	2
AHCYP2	SRR6467700	0.7259029320158285
AHCYP2	SRR6467701	2
AHCYP2	SRR6467702	3.043011911034273
AHCYP2	SRR6467703	2.024670010964694
AHCYP2	SRR6467704	4.011163365221578
AHCYP2	SRR6467705	1.006530550845122
AHCYP2	SRR6467706	1.0184705122861608
AHCYP2	SRR6467707	1
AHCYP2	SRR6467708	1.001725803535813
AHCYP2	SRR6467709	1
AHCYP2	SRR6467710	2.0017997898095317
AHCYP2	SRR6467711	1.0013654513321437
AHCYP2	SRR6467712	2.0224946437792983
AHCYP2	SRR6467713	2.4130662170510555
AHCYP2	SRR6467714	2.011942874120268
AHCYP2	SRR6467715	2
AHCYP2	SRR6467716	1
AHCYP2	SRR6467717	1.0122808125437386
AHCYP2	SRR6467718	3.046227426513955
AHCYP2	SRR6467719	2.0072088827994703
AHCYP2	SRR6467720	3
AHCYP2	SRR6467721	3.004861181572238
AHCYP2	SRR6467722	0.9984279500806916
AHCYP2	SRR6467723	1
AHCYP2	SRR6467724	1
AHCYP2	SRR6467725	1
AHCYP2	SRR6467726	0.7953832785102136
AHCYP2	SRR6467727	4.009159542994352
AHCYP2	SRR6467728	1
AHCYP2	SRR6467729	3.0206709744646654
AHCYP2	SRR6467730	1.0021263776487355
AHCYP2	SRR6467731	3.02964355106883
AHCYP2	SRR6467732	0.7076585865016629
AHCYP2	SRR6467733	2.003451607071626
AHCYP2	SRR6467734	0.993009289870723
AHCYP2	SRR6467735	1.0082651845569055
AHCYP2	SRR6467736	3.0186065335025676
AHCYP2	SRR6467737	1.0062062904901619
AHCYP2	SRR6467738	1.000359860831218
AHCYP2	SRR6467739	2
AHCYP2	SRR6467740	1.005343007804232
AHCYP2	SRR6467741	1.0020388684400043
AHCYP2	SRR6467742	1
AHCYP2	SRR6467743	1
AHCYP2	SRR6467744	3
AHCYP2	SRR6467745	1.000359860831218
AHCYP2	SRR6467746	1.0079332911520626
AHCYP2	SRR6467747	0.7037986777892322
AHCYP2	SRR6467748	1.9014965890929907
AHCYP2	SRR6467749	1
AHCYP2	SRR6467750	3.0071161580446812
AHCYP2	SRR6467751	3.045353749159729
AHCYP2	SRR6467752	1.0082145198989758
AHCYP2	SRR6467753	2.6624538108508014
AHCYP2	SRR6467754	1.6740890340705772
AHCYP2	SRR6467755	1.7900279187059536
AHCYP2	SRR6467756	2.002520159145824
AHCYP2	SRR6467757	1
AHCYP2	SRR6467758	1
AHCYP2	SRR6467759	3.0169901800759242
AHCYP2	SRR6467760	1.0077342324655063
AHCYP2	SRR6467761	1.0036658019973412
AHCYP2	SRR6467762	2.0100110722857436
AHCYP2	SRR6467763	0.9571110894244277
AHCYP2	SRR6467764	0.5656004696610398
AHCYP2	SRR6467765	1.001243308406648
AHCYP2	SRR6467766	2.029667057183248
AHCYP2	SRR6467767	1.0068063252571833
AHCYP2	SRR6467768	1.0124766310189337
AHCYP2	SRR6467769	2.0359609714998177
AHCYP2	SRR6467770	1
AHCYP2	SRR6467771	1.2539639549338788
AHCYP2	SRR6467772	1.0071129346997982
AHCYP2	SRR6467773	4.015685320720523
AHCYP2	SRR6868540	1.014833528591624
AHCYP2	SRR6868541	1.0278088358193622
AHCYP2	SRR6868542	2.0959805446519355
AHCYP2	SRR6868543	1.0152962713927551
AHCYP2	SRR6868544	2.015701336701052
AHCYP2	SRR6868545	1.0249330155513252
AHCYP2	SRR6868546	2.031816700408605
AHCYP2	SRR6868557	1.0593600439616915
AHCYP2	SRR6868558	3.1479902873747276
AHCYP2	SRR6868559	1.0328318116514645
AHCYP2	SRR6868560	2.0199766690580447
AHCYP2	SRR6868569	1.0619340218072668
AHCYP2	SRR6868570	1.021819771575531
AHCYP2	SRR6868571	1.0447440906857468
AHCYP2	SRR6868572	1.0118502062800996
AHCYP2	SRR6868573	1.0412832207034761
AHCYP2	SRR6868574	1.012246901299347
AHCYP2	SRR6868575	1.0259969817544445
AHCYP2	SRR6868576	2.0320024466830966
AHCYP2	SRR6868577	1.0327907588593586
AHCYP2	SRR6868578	2.0311541204190013
AHCYP2	SRR6868579	1.0440699430515605
AHCYP2	SRR6868580	2.02155434233441
AHCYP2	SRR6868581	2.06840601002594
AHCYP2	SRR6868582	1.0329389684351513
AHCYP2	SRR6868585	1.0223918119367361
AHCYP2	SRR6868586	2.119487806421635
AHCYP2	SRR6868587	2.120122820971492
AHCYP2	SRR6868588	3.021588530644364
AHCYP2	SRR6868589	1.011034509868234
AHCYP2	SRR6868590	6.1941530122772805
AHCYP2	SRR6868591	2.0262519433803727
AHCYP2	SRR6868604	1.0759055098033201
AHCYP2	SRR6868605	2.064195996821014
AHCYP2	SRR6868606	2.082119350185238
AHCYP2	SRR6868607	1.034652621245776
AHCYP2	SRR6868608	2.048929313384373
AHCYP2	SRR6868609	2.0883830509912658
AHCYP2	SRR6868610	1.0393379767471147
AHCYP2	SRR6868620	1.0113983415873453
AHCYP2	SRR6868621	1.0220565106412052
AHCYP2	SRR6868622	1.024234840404088
AHCYP2	SRR6868623	1.0549853092368588
AHCYP2	SRR6868636	1.0440226673600839
AHCYP2	SRR6868637	1.0261125159944735
AHCYP2	SRR6868638	1.0463813724818791
AHCYP2	SRR6868639	4.043339594754437
AHCYP2	SRR6868650	2.0796637104046134
AHCYP2	SRR6868651	4.116566472691839
AHCYP2	SRR6868652	1.0307116122012634
AHCYP2	SRR6868653	2.037909477314792
AHCYP2	SRR6868654	1.0151196581488149
AHCYP2	SRR6868655	1.0354304322438237
AHCYP2	SRR6868665	2.028936922255916
AHCYP2	SRR6868666	2.0205253804995995
AHCYP2	SRR6868667	1.0115422842820772
AHCYP2	SRR6868668	4.029914413682132
AHCYP2	SRR6868669	3.0229254596618422
AHCYP2	SRR6868670	1.0180906480316751
AHCYP2	SRR6868671	8.117045693470212
AHCYP2	SRR6868683	1.012819876849361
AHCYP2	SRR6868684	2.0315601306333413
AHCYP2	SRR6868685	1.0216590406873807
AHCYP2	SRR6868686	8.082593296145392
AHCYP2	SRR6868687	2.056312653743823
AHCYP2	SRR6868688	1.0273883935521193
AHCYP2	SRR6868689	2.029750608190414
AHCYP2	SRR6868698	2.0367625551481177
AHCYP2	SRR6868699	2.014115714157867
AHCYP2	SRR6868700	1.0161535101018604
AHCYP2	SRR6868701	2.021218040343413
AHCYP2	SRR6868702	1.007687418054785
AHCYP2	SRR6868713	1.010478873419224
AHCYP2	SRR6868714	3.0560862295138302
AHCYP2	SRR6868715	3.025021406756665
AHCYP2	SRR6868716	3.0201570015821373
AHCYP2	SRR6868717	1.0103010202621463
AHCYP2	SRR6868718	3.011701233569434
AHCYP2	SRR6868719	3.004861181572238
AHCYP2	SRR6868720	5.025334912018602
AHCYP2	SRR6868721	3.033896133267403
AHCYP2	SRR6868722	3.0507007055591036
AHCYP2	SRR6868723	3.058962043567928
AHCYP2	SRR6868724	2.0194886881338387
AHCYP2	SRR6868725	1.0041769234190894
AHCYP2	SRR6868726	3.007236469042094
AHCYP2	SRR6868741	1.0145442086713796
AHCYP2	SRR7632756	1.0082581080507984
AHCYP2	SRR7632757	1.0277332860513113
AHCYP2	SRR7632758	1.01063282095591
AHCYP2	SRR7632759	1.0297749607877074
AHCYP2	SRR7632760	1.020266900924434
AHCYP2	SRR7632761	1.0071506009427655
AHCYP2	SRR7632762	1.0486325447319236
AHCYP2	SRR7632763	1.0163814821934867
AHCYP2	SRR7632764	1.0369890422143389
AHCYP2	SRR7632765	2.0052545029647746
AHCYP2	SRR7632766	1.0311142484945626
AHCYP2	SRR7632767	1.0023720526815605
AHCYP2	SRR7632768	1.0161881698751842
AHCYP2	SRR7632769	1.011477121008053
AHCYP2	SRR7632770	1.0082791178455617
AHCYP2	SRR7632771	1.0259548134634506
AHCYP2	SRR7632772	1.0191645376419036
AHCYP2	SRR7632773	1.005428666643438
AHCYP2	SRR7632774	1.0063470586203123
AHCYP2	SRR7632775	1.0224681510947642
AHCYP2	SRR7632776	1.0378886530168419
AHCYP2	SRR7632777	1.0240596389952048
AHCYP2	SRR7632778	1.0041769234190894
AHCYP2	SRR7632779	1.0261166053511217
AHCYP2	SRR7632780	1.003693247674031
AHCYP2	SRR7632781	1.061425531429259
AHCYP2	SRR7632782	1.013677337507708
AHCYP2	SRR7632783	1.0073390566571232
AHCYP2	SRR7632784	1.0087008852489117
AHCYP2	SRR7632785	2.0143549241320526
AHCYP2	SRR7632786	1.0414066016427272
AHCYP2	SRR7632787	2.0078279802456036
AHCYP2	SRR7632788	1.002266574999606
AHCYP2	SRR7632789	1.0181424053950652
AHCYP2	SRR7632790	2.0196477326313738
AHCYP2	SRR7632791	1.0447424486975612
AHCYP2	SRR7632792	1.0072973762876458
AHCYP2	SRR7632793	2.02421317478652
AHCYP2	SRR7632794	1.0069477706153624
AHCYP2	SRR7632795	1.0032266090038542
AHCYP2	SRR7632796	1.0171842304100507
AHCYP2	SRR7632797	1.1507956722511705
AHCYP2	SRR7632798	1.0057289905461357
AHCYP2	SRR7632799	1.0307842771739868
AHCYP2	SRR7632800	1.0149717126681794
AHCYP2	SRR7632801	3.0157842162453794
AHCYP2	SRR7632802	1.0349955306780252
AHCYP2	SRR7632803	1.0239958477751991
AHCYP2	SRR7632804	1.0404738790189818
AHCYP2	SRR7632805	1.003093611368694
AHCYP2	SRR7632806	1.0046132934463576
AHCYP2	SRR7632807	1.0087172705016196
AHCYP2	SRR7632808	2.016441451643313
AHCYP2	SRR7632809	1.0487771640238053
AHCYP2	SRR7632810	1.0041728190577268
AHCYP2	SRR7632811	1.0068069184574369
AHCYP2	SRR7632812	1.0071833620330328
AHCYP2	SRR7632813	2.0124185923641216
AHCYP2	SRR7632814	1.0035601881766363
AHCYP2	SRR7632815	1.0078705608466538
AHCYP2	SRR7632816	1.07528181517056
AHCYP2	SRR7632817	1.041586150859103
AHCYP2	SRR7632818	1.0054254250297385
AHCYP2	SRR7632819	1.002446897019748
AHCYP2	SRR7632820	1.006884746998457
AHCYP2	SRR7632821	1.001725803535813
AHCYP2	SRR7632822	2.0251669595523794
AHCYP2	SRR7632823	1.0036796717268013
AHCYP2	SRR7632824	1.0045743716929838
AHCYP2	SRR7632825	2.0056152767867226
AHCYP2	SRR7632826	4.0025805430726304
AHCYP2	SRR7632827	2.1095925765972523
AHCYP2	SRR7632828	1.0259969817544445
AHCYP2	SRR7632829	1.014492055668809
AHCYP2	SRR7632830	1.0484469543228638
AHCYP2	SRR7632831	1.0092787217165853
AHCYP2	SRR7632832	1.014555769133056
AHCYP2	SRR7632833	1.0517370367415053
AHCYP2	SRR7632834	1.0291896194546106
AHCYP2	SRR7632835	1.1099100147247651
AHCYP2	SRR7632836	2.0298741130574633
AHCYP2	SRR7632837	1.0064500155939855
AHCYP2	SRR7632838	1.0251559439709568
AHCYP2	SRR7632839	1.011487837523035
AHCYP2	SRR7632840	1.0305733450818257
AHCYP2	SRR7632841	1.1192560986710782
AHCYP2	SRR7632842	1.0018618499306917
AHCYP2	SRR7632843	1.0375153886962647
AHCYP2	SRR7632844	1.0396314006495406
AHCYP2	SRR7632845	1.0050055361428718
AHCYP2	SRR7632846	1.0494904998299905
AHCYP2	SRR7632847	1.0235272533915285
AHCYP2	SRR7632848	2.0182604939724924
AHCYP2	SRR7632849	1.011384661421074
AHCYP2	SRR7632850	1.0128856441720862
AHCYP2	SRR7632851	1.0101118401249758
AHCYP2	SRR7632852	2.002520159145824
AHCYP2	SRR7632853	1.0050776310038234
AHCYP2	SRR7632854	1.0066032694373324
AHCYP2	SRR7632855	1
AHCYP2	SRR7632856	2.0129674652742655
AHCYP2	SRR7632857	1.0735764544763629
AHCYP2	SRR7632858	1.0371579517056881
AHCYP2	SRR7632859	1.0396311122590651
AHCYP2	SRR7632860	1.0753540533674661
AHCYP2	SRR7632861	1.0543822488477879
AHCYP2	SRR7632862	1.0351402489647896
AHCYP2	SRR7632863	1.127463190129664
AHCYP2	SRR7632864	1.1215525506364097
AHCYP2	SRR7632865	1.0014635120398052
AHCYP2	SRR7632866	1.0056633933586414
AHCYP2	SRR7632867	1.0102904255521574
AHCYP2	SRR7632868	1.0256287182392447
AHCYP2	SRR7632869	1.0244411302643486
AHCYP2	SRR7632870	1.0037988754978042
AHCYP2	SRR7632871	1.050989678803295
AHCYP2	SRR7632872	1.0322124653187648
AHCYP2	SRR7632873	2.008415241499056
AHCYP2	SRR7632874	1.0026579014399075
AHCYP2	SRR7632875	1.001651013035654
AHCYP2	SRR7632876	1.0141700299218512
AHCYP2	SRR7632877	1.0410996360505937
AHCYP2	SRR7632878	1.0220802210253883
AHCYP2	SRR7632879	2.004533149999212
AHCYP2	SRR7632880	1.0175413387124352
AHCYP2	SRR7632881	3.041269154663415
AHCYP2	SRR7632882	1.0238807645953367
AHCYP2	SRR7632883	1.02247906372491
AHCYP2	SRR7632884	1.0337064082418486
AHCYP2	SRR7632885	1.004970706798616
AHCYP2	SRR7632886	2.0646049752859286
AHCYP2	SRR7632887	1.0101074156533363
AHCYP2	SRR7632888	2.075953645153851
AHCYP2	SRR7632889	1.0341992789721208
AHCYP2	SRR7632890	1.1020636592092161
AHCYP2	SRR7632891	1.0470515559564515
AHCYP2	SRR7632892	3.0174956528602035
AHCYP2	SRR7632893	1.038136325271397
AHCYP2	SRR7632894	1.0470575746534403
AHCYP2	SRR7632895	3.0347751273223693
AHCYP2	SRR7632896	1.0226482273167283
AHCYP2	SRR7632897	2.0081702622930324
AHCYP2	SRR7632898	1.003736640357631
AHCYP2	SRR7632899	1.0069518863188005
AHCYP2	SRR7632900	2.0133296267678964
AHCYP2	SRR7632901	1.0063609654022492
AHCYP2	SRR7632902	1.0438042739415248
AHCYP2	SRR7632903	1.0043989334008585
AHCYP2	SRR7632904	1.0526195434200118
AHCYP2	SRR7632905	1.0931759253599354
AHCYP2	SRR7632906	1.0165025853468879
AHCYP2	SRR7632907	1.0277254099081103
AHCYP2	SRR7632908	2.008014072012649
AHCYP2	SRR7632909	1.0034545854694705
AHCYP2	SRR7632910	1.0380077298103303
AHCYP2	SRR7632911	1.0129842553236308
AHCYP2	SRR7632912	1.0156327587698157
AHCYP2	SRR7632913	1.0587224433384341
AHCYP2	SRR7632914	1.0311722723635215
AHCYP2	SRR7632915	1.044956647947262
AHCYP2	SRR7632916	2.039769057320547
AHCYP2	SRR7632917	1.0523945550985883
AHCYP2	SRR7632918	1.0258468542129664
AHCYP2	SRR7632919	1.008734166859293
AHCYP2	SRR7632920	2.023166223595535
AHCYP2	SRR7632921	1.0121573982531267
AHCYP2	SRR7632922	1.0086992082960846
AHCYP2	SRR7632923	4.041900175404617
AHCYP2	SRR7632924	1.029495742835047
AHCYP2	SRR7632925	1.0350871842259233
AHCYP2	SRR7632926	1.0184989436426726
AHCYP2	SRR7632927	2.041037668460834
AHCYP2	SRR7632928	1.003304751915352
AHCYP2	SRR7632929	2.0815710665907736
AHCYP2	SRR7632930	1.0008998949047658
AHCYP2	SRR7632931	1.0007198511622537
AHCYP2	SRR7632932	1.025692629589228
AHCYP2	SRR7632933	1.0212777254368819
AHCYP2	SRR7632934	2.0087765839828466
AHCYP2	SRR7632935	1.0101118401249758
AHCYP2	SRR7632936	1.0210525182035715
AHCYP2	SRR7632937	1.0144804078601897
AHCYP2	SRR7632938	2.053352302106612
AHCYP2	SRR7632939	1.0281037599803844
AHCYP2	SRR7632940	1.0065515246415413
AHCYP2	SRR7632941	1.0214750661913161
AHCYP2	SRR7632942	1.0358472927277014
AHCYP2	SRR7632943	1
AHCYP2	SRR7632944	1.0183845609590005
AHCYP2	SRR7632945	1
AHCYP2	SRR8928966	1.0089020059058134
AHCYP2	SRR8928967	1.0174471485483954
AHCYP2	SRR8928968	1.0083576543049855
AHCYP2	SRR8928969	1.0084157589021454
AHCYP2	SRR8928970	1.0097790430950968
AHCYP2	SRR8928971	1.0078135964082673
AHCYP2	SRR8928972	1.0551062717044821
AHCYP2	SRR8928973	5.030078983051117
AHCYP2	SRR8928974	1.0870766859358787
AHCYP2	SRR8928975	1.0434971814877207
AHCYP2	SRR8928976	1.0433938336486428
AHCYP2	SRR8928977	1.0197721263293398
AHCYP2	SRR8928978	1.0189094725563004
AHCYP2	SRR8928979	1.0197172970945956
AHCYP2	SRR8928980	1.016019416300132
AHCYP2	SRR8928981	1.0118211977273175
AHCYP2	SRR8928982	1.0114917814411697
AHCYP2	SRR8928983	1.001980837804911
AHCYP2	SRR8928984	1.0056539011614338
AHCYP2	SRR8928985	1.0170563672128556
AHCYP2	SRR8928986	1.009106991032158
AHCYP2	SRR8928987	1
AHCYP2	SRR8928988	1
AHCYP2	SRR8928989	5.090241099964916
AHCYP2	SRR8928990	1.0106122784979463
AHCYP2	SRR8928991	1.0180115267692265
AHCYP2	SRR9835604	2.0288683589557173
AHCYP2	SRR9835605	2.011246319240141
AHCYP2	SRR9835606	1.0022055934839067
AHCYP2	SRR9835607	1.0092485506134343
AHCYP2	SRR9835608	1.0149850838535093
AHCYP2	SRR9835609	1
AHCYP2	SRR9835610	1.0046883051317705
AHCYP2	SRR9835611	2.002221147394836
AHCYP2	SRR9835612	2.005481550788108
AHCYP2	SRR9835613	1.005971437060134
AHCYP2	SRR9835614	2.0203514952089034
AHCYP2	SRR9835615	1.0396846498825996
AHCYP2	SRR9835616	1.007499951835674
AHCYP2	SRR9835617	1.0233696860167032
AHCYP2	SRR9835618	1.005397931987203
AHCYP2	SRR9835619	1
AHCYP2	SRR9835620	2.009799562689042
AHCYP2	SRR9835621	1.0066648133839482
AHCYP2	SRR9835622	1.0027728852191709
AHCYP2	SRR9835623	1.0001799142310437
AHCYP2	SRR9835624	1.022211497308151
AHCYP2	SRR9835625	1.0031791380696085
AHCYP2	SRR9835626	2.0154341154087088
AHCYP2	SRR9835627	1.0020862854161259
AHCYP2	SRR9835628	1.007245300796782
AHCYP2	SRR9835629	1.0205101654512299
AHCYP2	SRR9835630	1.0557392610180325
AHCYP2	SRR9835631	1.0808176609581337
AHCYP2	SRR9835632	2.004682822924136
AHCYP2	SRR9835633	1.0075707059203194
AHCYP2	SRR9835634	1.0063884847793512
AHCYP2	SRR9835635	1.0098927550157835
AHCYP2	SRR9835636	1.0020527156867534
AHCYP2	SRR9835637	5.022607306425002
AHCYP2	SRR9835638	2.019817598657216
AHCYP2	SRR9835639	1.010581897159914
AHCYP2	SRR9835640	1.016727838277098
AHCYP2	SRR9835641	4.015685320720523
AHCYP2	SRR9835642	1.0059099355041081
AHCYP2	SRR9835643	1.0038517478455666
AHCYP2	SRR9835644	1.0032974163660653
AHCYP2	SRR9835645	1.029653410621942
AHCYP2	SRR9835646	2.0189204827013776
AHCYP2	SRR9835647	3.007290317922662
AHCYP2	SRR9835648	1.0302878151561219
AHCYP2	SRR9835649	1.0119543846885093
AHCYP2	SRR9835650	1.0038431392461147
AHCYP2	SRR9835651	1.0007198511622537
AHCYP2	SRR9835652	1.016019416300132
AHCYP2	SRR9835653	1.0027908413053945
AHCYP2	SRR9835654	2.0203514952089034
AHCYP2	SRR9835655	1.0051695140095571
AHCYP2	SRR9835656	2.0054042297511216
AHCYP2	SRR9835657	1.015118912954171
AHCYP2	SRR9835658	1.0020114680017955
AHCYP2	SRR9835659	1.0060465501543596
AHCYP2	SRR9835660	2.0152924671182397
AHCYP2	SRR9835661	1.0040544375604268
AHCYP2	SRR9835662	1.01230819730448
AHCYP2	SRR9835663	1.0203073606491269
AHCYP2	SRR9835664	3.0051774106074394
AHCYP2	SRR9835665	2.008381600423546
AHCYP2	SRR9835666	3
AHCYP2	SRR9835667	1.008442463999566
AHCYP2	SRR9835668	3
AHCYP2	SRR9835669	1.0266087966612285
AHCYP2	SRR9835670	1.0139446879648122
AHCYP2	SRR9835671	1.013598089847048
AHCYP2	SRR9835672	2.0035676388007277
AHCYP2	SRR9835673	2.045643925767389
AHCYP2	SRR9835674	1.0005398398063463
AHCYP2	SRR9835675	1.005397931987203
AHCYP2	SRR9835676	1.0891346753691427
AHCYP2	SRR9835677	1.0026579014399075
AHCYP2	SRR9835678	1.0060909130166535
AHCYP2	SRR9835679	2.895448089884769
AHCYP2	SRR9835680	1.0245185067839673
AHCYP2	SRR9835681	2.0060987613405628
AHCYP2	SRR9835682	1.0607053518911023
AHCYP2	SRR9835683	1.0063443236741658
AHCYP2	SRR9835684	1.0253010780065177
AHCYP2	SRR9835685	1.0051251917756963
AHCYP2	SRR9835686	1.0135335602212565
AHCYP2	SRR9835687	4.018808755965097
AHCYP2	SRR9835688	1
AHCYP2	SRR9835689	1.0073894622198625
AHCYP2	SRR9835690	1.0020114680017955
AHCYP2	SRR9835691	1.009018872251653
AHCYP2	SRR9835692	1.0183852731914698
AHCYP2	SRR9835693	1.0040851311465162
AHCYP2	SRR9835694	1.0104411930997232
AHCYP2	SRR9835695	1.005230970296049
AHCYP2	SRR9835696	1.0098853113828044
AHCYP2	SRR9835697	2.0103273026291744
AHCYP2	SRR9835698	3.003015686275408
AHCYP2	SRR9835699	1.0016203938574126
AHCYP2	SRR9835700	2.004533149999212
AHCYP2	SRR9835701	1.0028309617264135
AHCYP2	SRR9835702	1
AHCYP2	SRR9835703	1.0010799710397094
AHCYP2	SRR9835704	2.0093305849332257
AHCYP2	SRR9835705	2.0079925803971355
AHCYP2	SRR9835706	2.1585270310309586
AHCYP2	SRR9835707	3.003331721092254
AHCYP2	SRR9835708	1.001063202890274
AHCYP2	SRR9835709	2.00093027570439
AHCYP2	SRR9835710	1.0145636581420703
AHCYP2	SRR9835711	2.0008856973830955
AHCYP2	SRR9835712	1.0025217469463543
AHCYP2	SRR9835713	2.0038120565269457
AHCYP2	SRR9835714	1.001545611227314
AHCYP2	SRR9835715	1.0051621648262732
AHCYP2	SRR9835716	2.005976115517015
AHCYP2	SRR9835717	2.006909170938941
AHCYP2	SRR9835718	1.0156196005253904
AHCYP2	SRR9835719	1.0088403251851141
AHCYP2	SRR9835720	1.0062994400318304
AHCYP2	SRR9835721	1.0152841125038419
AHCYP2	SRR9835722	1.0232142122054655
AHCYP2	SRR9835723	1
AHCYP2	SRR9835724	1.0070578570789335
AHCYP2	SRR9835725	1.027861673410901
AHCYP2	SRR9835726	2.0014397023245074
AHCYP2	SRR9835727	1.0069096275623266
AHCYP2	SRR9835728	1.041000135876921
AHCYP2	SRR9835729	2.0064868267821567
AHCYP2	SRR9835730	1.0039520196971752
AHCYP2	SRR9835731	2.102281220739211
AHCYP2	SRR9835732	1.004729663008416
AHCYP2	SRR9835733	2.009015159845902
AHCYP2	SRR9835734	1.0026272514823873
AHCYP2	SRR9835735	1.0018312243074385
AHCYP2	SRR9835736	1.012260593128426
AHCYP2	SRR9835737	2.004338224247538
AHCYP2	SRR9835738	2.0036011992407423
AHCYP2	SRR9835739	2.0552355694858697
AHCYP2	SRR9835740	1.0302371282903655
AHCYP2	SRR9835741	1.005343007804232
AHCYP2	SRR9835742	1.018922412576946
AHCYP2	SRR9835743	1.0344788269959917
AHCYP2	SRR9835744	1.0058655806218886
AHCYP2	SRR9835745	1.0226611988789944
AHCYP2	SRR9835746	1.0111132609495124
AHCYP2	SRR9835747	3.0161840714177863
AHCYP2	SRR9835748	2.061705531683417
AHCYP2	SRR9835749	1
AHCYP2	SRR9835750	1.008417985799797
AHCYP2	SRR9835751	1.008299317554985
AHCYP2	SRR9835752	2.0819420009744323
AHCYP2	SRR9835753	1.0109896329106067
AHCYP2	SRR9835754	2.0027309026642874
AHCYP2	SRR9835755	1.0150098638350933
AHCYP2	SRR9835756	1.0468852163311182
AHCYP2	SRR9835757	1.0040544375604268
AHCYP2	SRR9835758	1.0058487323132066
AHCYP2	SRR9835759	1.0066479516880693
AHCYP2	SRR9835760	1
AHCYP2	SRR9835761	2.0003598284620874
AHCYP2	SRR9835762	1.102947594059923
AHCYP2	SRR9835763	2.005881196224182
AHCYP2	SRR9835764	1.0027327671216282
AHCYP2	SRR9835765	0.8617845563833055
AHCYP2	SRR9835766	1.0265328399469198
AHCYP2	SRR9835767	2.074908694576575
AHCYP2	SRR9835768	2
AHCYP2	SRR9835769	2
AHCYP2	SRR9835770	1.0202737577318615
AHCYP2	SRR9835771	1.0054836551612463
AHCYP2	SRR9835772	1.0127561588072467
AHCYP2	SRR9835773	2
AHCYP2	SRR9835774	1.035585837974875
AHCYP2	SRR9835775	1.0051863509411016
AHCYP2	SRR9835776	2.0065481643688963
AHCYP2	SRR9835777	1.002446897019748
AHCYP2	SRR9835778	1.0042826021444868
AHCYP2	SRR9835779	2.014204529072105
AHCYP2	SRR9835780	1.0016036166558628
AHCYP2	SRR9835781	1.025583100340115
AHCYP2	SRR9835782	1.0050637419561312
AHCYP2	SRR9835783	1
AHCYP2	SRR9835784	2.0082924540540574
AHCYP2	SRR9835785	1.0441860904847313
AHCYP2	SRR9835786	2.01985968704001
AHCYP2	SRR9835787	1.0028963741606889
AHCYP2	SRR9835788	1.001681633149913
AHCYP2	SRR9835789	1
AHCYP2	SRR9835790	1.0072834565655588
AHCYP2	SRR9835791	1.0278656241323514
AHCYP2	SRR9835792	0.9947153112826297
AHCYP2	SRR9835793	1.002052284179645
AHCYP2	SRR9835794	1.0001799142310437
AHCYP2	SRR9835795	1.0573932890447866
AHCYP2	SRR9835796	2.0115905418514326
AHCYP2	SRR9835797	2
AHCYP2	SRR9835798	1.0016203938574126
AHCYP2	SRR9835799	1.0020388684400043
AHCYP2	SRR9835800	1.0011853238444721
AHCYP2	SRR9835801	1.0050669824037204
AHCYP2	SRR9835802	4.016107928028452
AHCYP2	SRR9867812	1.5837866325432974
AHCYP2	SRR9867813	1.398355012083296
AHCYP2	SRR9867814	2.4768418566395494
AHCYP2	SRR9867815	0.734463265728934
AHCYP2	SRR9867816	1
AHCYP2	SRR9867817	1.0130692804155355
AHCYP2	SRR9867818	1
AHCYP2	SRR9867819	6.219523051552387
AHCYP2	SRR9867820	1
AHCYP2	SRR9867821	2
AHCYP2	SRR9867822	1.0102487295503935
AHCYP2	SRR9867823	0.9483235914567094
AHCYP2	SRR9867824	1.2002914830018085
AHCYP2	SRR9867825	1.805715319237777
AHCYP2	SRR9867826	1.0673648766997013
AHCYP2	SRR9867827	1.982836993367075
AHCYP2	SRR9867828	1.0107911391691837
AHCYP2	SRR9867829	1.817881138812542
AHCYP2	SRR9867830	1
AHCYP2	SRR9867831	1.1504047046889339
AHCYP2	SRR9879292	11.692087306879397
AHCYP2	SRR9879293	4.058223076532224
AHCYP2	SRR9879294	2.0401376329044623
AHCYP2	SRR9879295	4.078891969136051
AHCYP2	SRR9879296	5.059876347248187
AHCYP2	SRR9879297	3.0464806634714505
AHCYP2	SRR9879298	1.010653880234263
AHCYP2	SRR9879299	5.014565865081835
AHCYP2	SRR9879300	4.058643410985179
AHCYP2	SRR9879301	7.0025190258185255
AHCYP2	SRR9879302	3.031024323468404
AHCYP2	SRR9879303	4.0167076936763575
AHCYP2	SRR9879304	4.066823864621803
AHCYP2	SRR9879305	4.040322665861808
AHCYP2	SRR9879306	8
AHCYP2	SRR9879307	4.311544512715959
AHCYP2	SRR9879308	6.068307968526444
AHCYP2	SRR9879309	5.053284213458288
AHCYP2	T50_307	2.0107343965409736
AHCYP2	T50_313	1.016019416300132
AHCYP2	T50_317	1.0164068767314205
AHCYP2	T50_324	2.0211551016746165
AHCYP2	T50_427	1.0156539222354464
AHCYP2	T50_428	2.013082003221793
AHCYP2	T50_431	1.0047497319970449
AHCYP2	T50_436	1.0071833620330328
AHCYP2	T50_476	3.0218503696966765
AHCYP2	UN_307	2.0257438877771428
AHCYP2	UN_313	2.0278973439507664
AHCYP2	UN_317	3.0239991504038275
AHCYP2	UN_323	1.0090464643103707
AHCYP2	UN_324	1.0213963291259884
AHCYP2	UN_427	1.007704297162079
AHCYP2	UN_428	1.0098893750946523
AHCYP2	UN_431	1.009106991032158
AHCYP2	UN_436	1.0071022645360526
AHCYP2	UN_476	1.0088711650740816
