Gene	sample	counts
DACT2	CM317	2.104321373819842
DACT2	CMCD140	147.37427392005296
DACT2	CMCD147	67.62967841877311
DACT2	CMCD152	23
DACT2	CMCD154	18.17818788558941
DACT2	CMCD159	23.898692809498744
DACT2	CMCD161	60.183776885525035
DACT2	CMCD174	1.092629434806816
DACT2	CMCD196	96.88221281529943
DACT2	CMCD198	1.029495742835047
DACT2	CMCD203	25.080982821131023
DACT2	CMCD211	18.47771004152687
DACT2	CMCD227	13.975878543068747
DACT2	CMCD240	42.77843779084165
DACT2	CMCD259	112
DACT2	CMCD270	21.10900708339968
DACT2	CMCD275	179.5199548510619
DACT2	CMCD282	6.078964721551181
DACT2	CMCD286	4.712519196461104
DACT2	CMCD287	36
DACT2	CMCD294	1.0639520056991958
DACT2	CMCD327	50.256939363764175
DACT2	CMCD335	62.29173655293672
DACT2	CMCD337	14.093440411721796
DACT2	CMCD357	42.88831949583144
DACT2	CMCD398	50.30011788506802
DACT2	CMCD403	36.25851615565871
DACT2	CMCD422	24.050070849987023
DACT2	CMCD426	3.342140883541871
DACT2	CMCD71	23.146884877638
DACT2	CMCD72	1.1510750061651915
DACT2	CMCD76	4.009188855725498
DACT2	CMCD88	6.001079485386262
DACT2	CMSA256	78
DACT2	CMSA316	19.15493571770897
DACT2	CMUC110	104
DACT2	CMUC192	6.080762698477684
DACT2	CMUC199	9.253686648748333
DACT2	CMUC200	26.060876698013764
DACT2	CMUC208	27.066066219533194
DACT2	CMUC231	454
DACT2	CMUC234	24
DACT2	CMUC285	14.155777124226825
DACT2	CMUC291	4.026417477420427
DACT2	CMUC295	272.2447714140963
DACT2	CMUC299	21.06146767924906
DACT2	CMUC301	4.002159359225385
DACT2	CMUC307	9.02484168555667
DACT2	CMUC313	39.59757297170642
DACT2	CMUC314	3.167539538507619
DACT2	CMUC323	27.650832486066253
DACT2	CMUC324	8.007199159238127
DACT2	CMUC331	6.0549447684023905
DACT2	CMUC333	84.92881658232042
DACT2	CMUC334	12.180156085908632
DACT2	CMUC346	104.11748655107833
DACT2	CMUC352	28.16951103379588
DACT2	CMUC360	31.044646835816298
DACT2	CMUC363	4.105502270817314
DACT2	CMUC365	29.194077891027245
DACT2	CMUC366	14.04688591424544
DACT2	CMUC368	132
DACT2	CMUC377	14.057146514103342
DACT2	CMUC379	9.637257296793534
DACT2	CMUC380	4.07310569741704
DACT2	CMUC383	15.214289649696168
DACT2	CMUC394	23.17529894203025
DACT2	CMUC419	7.174644766070024
DACT2	CMUC427	301
DACT2	CMUC428	31.19675881722968
DACT2	CMUC431	20.03717239633611
DACT2	CMUC435	45.22587409737962
DACT2	CMUC439	12.077233290977697
DACT2	CMUC89	77
DACT2	CS219	128.31712530737872
DACT2	CS256	56.12823360192093
DACT2	CS257	1.0944271775349645
DACT2	CS259	92.14219623291288
DACT2	CS261	58.35791303398388
DACT2	CS266	12.429367502212447
DACT2	CS270	66.85862726816957
DACT2	CS277	50.16671368503397
DACT2	CS288	68.61306951459514
DACT2	CS290	27.21577499628102
DACT2	CS292	46.64305844137915
DACT2	CS293	35.589700710774494
DACT2	CS301	7.187220905611312
DACT2	CS306	12.466338548329663
DACT2	CS308	25.66441538015517
DACT2	CS315	42.14874958606519
DACT2	CS317	1.0722984600508352
DACT2	CS322	87.15401099350478
DACT2	CS327	92.4379547057034
DACT2	CS328	9.509665450533163
DACT2	CS330	1.0768616883015538
DACT2	CS331	8.150396834570564
DACT2	CS335	20.697294840168247
DACT2	CS338	35.04831187416797
DACT2	CS339	2.341509547806935
DACT2	CS343	28.22620953466995
DACT2	CS344	21.296756377916587
DACT2	CS350	76.74285144586997
DACT2	CS351	78.64832777434036
DACT2	CS361	39.93562535974498
DACT2	CS388	38.29364144920249
DACT2	CS396	51.55609361554166
DACT2	CS405	41.014898194619626
DACT2	CS415	10.768988297741249
DACT2	CS424	56.03158591897946
DACT2	IM293	3.0160005558931835
DACT2	IM296	1.0674965693084089
DACT2	IM297	1.098769887658002
DACT2	IM300	183
DACT2	IM305	33.33165281949581
DACT2	IM309	1.068243382745569
DACT2	IM310	55.75678789377137
DACT2	IM311	9.112292348088735
DACT2	IM316	55.28524930176059
DACT2	IM320	1.0476097382082026
DACT2	IM330	33.34961778572525
DACT2	IM332	13.397898389496566
DACT2	IM340	1.056280146775053
DACT2	IM348	22.8131521795451
DACT2	IM354	23.166719859933348
DACT2	IM356	22.18942115385179
DACT2	IM364	19.330346986175954
DACT2	IM372	31.999702971785265
DACT2	IM374	1.0494515301768887
DACT2	IM376	26.394524079725976
DACT2	IM381	25.313894774972372
DACT2	IM382	18.573130828528136
DACT2	IM385	5
DACT2	IM390	6.1722227954772775
DACT2	IM397	28.31877051979007
DACT2	IM404	204.588033112127
DACT2	IM409	16.091663848738172
DACT2	IM412	47
DACT2	IM421	12.190781565106587
DACT2	IM425	2.1086267322693293
DACT2	IM432	25.008344743646965
DACT2	IM438	64
DACT2	IM442	11.468707009306343
DACT2	IM445	4.0462191885929375
DACT2	IM448	19.43748623498542
DACT2	IM449	4.033786343249092
DACT2	IM451	3.015559052823305
DACT2	IMSA256	19.07788520032348
DACT2	IMSA276	28
DACT2	IMSA286	19
DACT2	IMSA343	12.150249442563261
DACT2	IS_238	93
DACT2	IS238	484.19243839219894
DACT2	IS243	126
DACT2	IS253	20
DACT2	IS283	223
DACT2	IS322	57.60646426500428
DACT2	IS399	55.398912812496725
DACT2	IS418	1.0947511027862358
DACT2	IS430	8.67803871864333
DACT2	IS437	15.151337302141275
DACT2	IS444	22.832693898284727
DACT2	R276CMSA	6.389553184740334
DACT2	R286CMSA	33
DACT2	R292CMSA	72.30294869396602
DACT2	R292IMSA	1.0768750693977573
DACT2	R308CMSA	1.070354522560454
DACT2	R316IMSA	24.476761295470247
DACT2	R347CMSA	1.0679448775774594
DACT2	R347IMSA	6.392450947668717
DACT2	R371CMSA	34.135873866751304
DACT2	SRR10104064	2.2261654363471575
DACT2	SRR10104065	39.228757644253655
DACT2	SRR10104066	7.131294338251725
DACT2	SRR10104067	6.13954282362242
DACT2	SRR10104068	6.028028859255139
DACT2	SRR10104069	16.183852838799183
DACT2	SRR10104070	17.50297142747327
DACT2	SRR10104071	1.1619835297694339
DACT2	SRR10104072	4.286892959179024
DACT2	SRR10104073	8.36668630179821
DACT2	SRR10104074	3.299166962381769
DACT2	SRR10104075	3.4642626856801733
DACT2	SRR10104076	11.306063657597198
DACT2	SRR10104077	2.2081504641607186
DACT2	SRR10104078	8.335371212934643
DACT2	SRR10104079	2.185713200923564
DACT2	SRR10104080	2.2508561827206126
DACT2	SRR10104081	7.111255327345972
DACT2	SRR10104082	9.770825342529665
DACT2	SRR10104083	1.065596706440916
DACT2	SRR10104084	4.280496619342154
DACT2	SRR10104085	36.80946766756561
DACT2	SRR10104086	2.0498660311026504
DACT2	SRR10104087	13.041727463675358
DACT2	SRR10104088	20.182376595862515
DACT2	SRR10104089	1.1387124115642702
DACT2	SRR10104090	5.132527467561157
DACT2	SRR10104091	5.214656537573333
DACT2	SRR10104092	15.191480419849096
DACT2	SRR10104093	4.139084851015795
DACT2	SRR10104094	1.0344440824548444
DACT2	SRR10104095	1.0555296586127236
DACT2	SRR10104096	1.1499993829134103
DACT2	SRR10104097	1.0654329597407752
DACT2	SRR10104098	5.149832720651741
DACT2	SRR10104099	1.0483148195050975
DACT2	SRR10104100	3.0878401679815024
DACT2	SRR10104101	20.111576347660588
DACT2	SRR10104102	19.29172540097008
DACT2	SRR10104103	7.373167907331742
DACT2	SRR10104104	1.0155160029658645
DACT2	SRR10104105	7.586543919150452
DACT2	SRR10104106	1.1337110372727635
DACT2	SRR10104107	8.076705827396262
DACT2	SRR10104108	41.2812534558095
DACT2	SRR10104109	6.733846465353553
DACT2	SRR10104110	2.386402076435085
DACT2	SRR10104111	15.494566642606548
DACT2	SRR10104112	1.189872391069202
DACT2	SRR10104113	4.145141671498642
DACT2	SRR10104114	1.1753108824133915
DACT2	SRR10104115	2.296239124621419
DACT2	SRR10104116	3.1428695737252847
DACT2	SRR10104117	1.0392927622091388
DACT2	SRR10104118	1.1479902353871632
DACT2	SRR10104119	5.961048425332322
DACT2	SRR10104120	15.411595538825681
DACT2	SRR10104121	4.338268049219177
DACT2	SRR10104122	1.0930951060141245
DACT2	SRR10104123	16.27602090877314
DACT2	SRR10104124	6.716409639008844
DACT2	SRR10104125	3.309696626610502
DACT2	SRR10104126	17.686102739606362
DACT2	SRR10104127	1.1896601506984525
DACT2	SRR10104128	4.115832471043426
DACT2	SRR10104129	5.132126322389033
DACT2	SRR10104130	3.126306819203575
DACT2	SRR10104131	7.079476212884378
DACT2	SRR10104132	49.354553889749575
DACT2	SRR10104133	1.1678104114751833
DACT2	SRR10104134	6.18252277837576
DACT2	SRR10104135	3.3143775682112415
DACT2	SRR10104136	20.301068969378008
DACT2	SRR10104137	3.3334630055739862
DACT2	SRR10104138	2.3974250791290275
DACT2	SRR10104139	15.170764516523331
DACT2	SRR10104140	4.583009143642586
DACT2	SRR10104141	4.244872830837179
DACT2	SRR10104142	6.316507355870996
DACT2	SRR10104143	12.098322137403096
DACT2	SRR10104144	11.671915327958965
DACT2	SRR10104145	37.25855576754973
DACT2	SRR10104146	5.048141325936824
DACT2	SRR10104147	57.09741440041276
DACT2	SRR10104148	3.159439700495635
DACT2	SRR10104149	8.383600103510961
DACT2	SRR10104150	21.244693794888054
DACT2	SRR10104151	11.084258494746365
DACT2	SRR10104152	21.118086352021482
DACT2	SRR10104153	2.210171934048563
DACT2	SRR10104154	7.21462550514621
DACT2	SRR10104155	7.634235562329878
DACT2	SRR10104156	79.3213049988828
DACT2	SRR10104157	6.300956427319622
DACT2	SRR10104158	13.267793551322628
DACT2	SRR10104159	3.0380183519329704
DACT2	SRR10104160	2.2573364736425705
DACT2	SRR10104161	35.06040312375346
DACT2	SRR10104162	6.122889571223081
DACT2	SRR10104163	1.0302878151561219
DACT2	SRR10104164	14.275517888204623
DACT2	SRR10104165	4.15647801192424
DACT2	SRR10104166	3.123331172073674
DACT2	SRR10104167	6.135843244352705
DACT2	SRR10104168	18.52206826183245
DACT2	SRR10104169	20.498276782121547
DACT2	SRR10104170	8.241619621211012
DACT2	SRR10104171	13.313351648208453
DACT2	SRR10104172	5.1712369320664
DACT2	SRR10104173	1.0618085302182145
DACT2	SRR10104174	9.307858285694817
DACT2	SRR10104175	25.566529971974862
DACT2	SRR10104176	41.92672518157031
DACT2	SRR10104177	7.178195197190168
DACT2	SRR10104178	6.232174347531105
DACT2	SRR10104179	3.1049491243022587
DACT2	SRR10104180	12.26408287869343
DACT2	SRR10104181	24.649098721572862
DACT2	SRR10104182	3.1064103672242083
DACT2	SRR10104183	12.582393534258147
DACT2	SRR10104184	1.0213982799506043
DACT2	SRR10104185	22.375547845376037
DACT2	SRR10104186	8.267261723662054
DACT2	SRR10104187	3.2392733404294116
DACT2	SRR10104188	5.277931194939063
DACT2	SRR10104189	13.798653602203178
DACT2	SRR10104190	2.298203311333197
DACT2	SRR10104191	2.2842575168334185
DACT2	SRR10104192	5.130903762314426
DACT2	SRR10104193	8.322242922124062
DACT2	SRR10104194	2.0868969661198666
DACT2	SRR10104195	8.340225748563412
DACT2	SRR10104196	2.082174738489559
DACT2	SRR10104197	24.406646964391722
DACT2	SRR10104198	9.233566255479065
DACT2	SRR10104199	5.422761546277621
DACT2	SRR10104200	2.0715219678035397
DACT2	SRR10104201	4.105186447942536
DACT2	SRR10104202	2.1368906428995063
DACT2	SRR10104203	4.090878433612027
DACT2	SRR10104204	4.126446132045593
DACT2	SRR10104205	2.053963535938295
DACT2	SRR10104206	14.406257675582209
DACT2	SRR10104207	8.263188607348642
DACT2	SRR10104208	22.389167610155152
DACT2	SRR10104209	8.185589684604532
DACT2	SRR10104210	7.185250765356102
DACT2	SRR10104211	16.30079366914113
DACT2	SRR10104212	12.225425582484268
DACT2	SRR10104213	4.242897499514849
DACT2	SRR10104214	17.51426425950719
DACT2	SRR10104215	30.321797882929612
DACT2	SRR10104216	1.062180780035933
DACT2	SRR10104217	4.100044132596803
DACT2	SRR10104218	2.1311292863900806
DACT2	SRR10104219	1.0652648347042482
DACT2	SRR10104220	8.28455462256277
DACT2	SRR10104221	3.2715498981324362
DACT2	SRR10104222	2.0774654633265492
DACT2	SRR10104223	1.1801672204919216
DACT2	SRR10104224	17.433488628707018
DACT2	SRR10104225	1.031660376130715
DACT2	SRR10104226	1.0392769039353207
DACT2	SRR10104227	4.3117552957568694
DACT2	SRR10104228	11.232105220166012
DACT2	SRR10104229	4.149447139482166
DACT2	SRR10104230	22.081504641607186
DACT2	SRR10104231	9.70402511229111
DACT2	SRR10104232	3.1834543344223145
DACT2	SRR10104233	8.587277142622241
DACT2	SRR10104234	22.51552313137953
DACT2	SRR10104235	4.1767661019825315
DACT2	SRR10104236	16.148909312156974
DACT2	SRR10104237	4.074259188752372
DACT2	SRR10104238	1.0719766937133695
DACT2	SRR10104239	20.20380491680846
DACT2	SRR10104240	7.524705942241352
DACT2	SRR10104241	51.00607924208047
DACT2	SRR10104242	14.918876051240858
DACT2	SRR10104243	4.2749947262856125
DACT2	SRR10104244	7.279171113867456
DACT2	SRR10104245	8.33449409786403
DACT2	SRR10104246	6.652971419048419
DACT2	SRR10104247	10.579544780318527
DACT2	SRR10104248	4.30611689770462
DACT2	SRR10104249	17.46463698045978
DACT2	SRR10104250	1.157197552838617
DACT2	SRR10104251	3.1413426923173007
DACT2	SRR10104252	4.7355062884712424
DACT2	SRR10104253	6.599475392059261
DACT2	SRR10104254	16.59951505449114
DACT2	SRR10104255	8.249956419601464
DACT2	SRR10104256	1.0295241963821637
DACT2	SRR10104257	3.1143684654440786
DACT2	SRR10104258	13.4019359395691
DACT2	SRR10224277	1.0245658638211308
DACT2	SRR10224278	1.0942848190075063
DACT2	SRR10224279	1.0908476973919505
DACT2	SRR10224280	1.0228352144410537
DACT2	SRR10224281	2.032362309760958
DACT2	SRR10224282	3.152052278360332
DACT2	SRR10224283	1.04241966767901
DACT2	SRR10224284	1.1113405704367834
DACT2	SRR10224285	1.1302600125483513
DACT2	SRR10224286	1.0254727500696328
DACT2	SRR10224287	1.034206476188313
DACT2	SRR10224288	1.0982502736059643
DACT2	SRR10224289	1.095574558517596
DACT2	SRR10224290	1.0979938990127511
DACT2	SRR10224291	1.031258864476703
DACT2	SRR10224292	3.0356982519901017
DACT2	SRR10224293	1.0308254672852508
DACT2	SRR10224294	1.0583494992707134
DACT2	SRR10224295	1.0871371976243258
DACT2	SRR10224296	1.0551062717044821
DACT2	SRR10224297	1.1298237190995832
DACT2	SRR10224298	3.099800832841604
DACT2	SRR10318388	49.37066069593729
DACT2	SRR10318389	77.37021007062837
DACT2	SRR10318390	31.389027116566947
DACT2	SRR10318391	56.6825436514931
DACT2	SRR10318392	17.24082560515837
DACT2	SRR10318393	101.29423047465308
DACT2	SRR10318394	79.06093375619857
DACT2	SRR10318395	29.13201290528732
DACT2	SRR10318396	87.71807117779899
DACT2	SRR10318397	133.80647162713905
DACT2	SRR10318398	72.25854239906629
DACT2	SRR10318399	18.904143367955992
DACT2	SRR10318400	84.24748561411417
DACT2	SRR10318401	103.38073782140697
DACT2	SRR10318402	196.84477267881744
DACT2	SRR10318403	52.2579834992539
DACT2	SRR10318404	110.19622013404003
DACT2	SRR10318405	76.19165276792293
DACT2	SRR10318406	53.24775993344626
DACT2	SRR10318407	110.08960768149444
DACT2	SRR10318408	55.170148625278166
DACT2	SRR10318409	56.17798324010098
DACT2	SRR10318410	36.14877521830093
DACT2	SRR10318411	18.066536706653643
DACT2	SRR10318412	29.1436114675793
DACT2	SRR10318413	46.18139166762896
DACT2	SRR10318414	31.187443054785145
DACT2	SRR10318415	35.23115292742874
DACT2	SRR10318416	47.4759996435581
DACT2	SRR10318417	32.2345014082949
DACT2	SRR10318418	18.068932102886148
DACT2	SRR10318419	51.20834168847233
DACT2	SRR10318420	30.054936729223154
DACT2	SRR10318421	55.26705090523814
DACT2	SRR10318422	21.04538327675417
DACT2	SRR10318423	101.16196528224214
DACT2	SRR10318424	16.034132043127318
DACT2	SRR10318425	50.33158848762953
DACT2	SRR10318426	8.764596468140768
DACT2	SRR10318427	5.541261999468554
DACT2	SRR10318428	134.18707240406235
DACT2	SRR10318429	24.09690287012398
DACT2	SRR10318430	13.115063178925062
DACT2	SRR10318431	8.042091243321012
DACT2	SRR10318432	21.037812592027795
DACT2	SRR10318433	1.275527749073799
DACT2	SRR10318434	57.180605046268916
DACT2	SRR10318435	29.176062245372204
DACT2	SRR10318436	15.042574407978673
DACT2	SRR10318437	49.03527270695043
DACT2	SRR10318438	9.01161618962827
DACT2	SRR10318439	93.38433598061074
DACT2	SRR10318440	60.96096843244075
DACT2	SRR10318441	97.27234092415604
DACT2	SRR10318442	25.72743149504782
DACT2	SRR10318443	70.1627235528401
DACT2	SRR10318444	83.7297848554272
DACT2	SRR10318445	58.72069377483925
DACT2	SRR10318446	68.2726911856646
DACT2	SRR10318447	20.214826586314942
DACT2	SRR10318448	17.122016855122446
DACT2	SRR10318449	63.132429323946674
DACT2	SRR10318450	9.048581387884827
DACT2	SRR10318451	9
DACT2	SRR10318452	41.2602294034328
DACT2	SRR10318453	42.84538835643947
DACT2	SRR10318454	71.34037667489264
DACT2	SRR10318455	20.12304851275369
DACT2	SRR10318456	3.020077023209715
DACT2	SRR10318457	71.11722192553144
DACT2	SRR10318458	11.14366843150116
DACT2	SRR10318459	35.23349237437794
DACT2	SRR10318460	22.088978505712735
DACT2	SRR10318461	87.31240539887176
DACT2	SRR10318462	78.53158160091827
DACT2	SRR10318463	137.4382871239536
DACT2	SRR10318464	93.59402088287035
DACT2	SRR10318465	31.03116209151255
DACT2	SRR10318466	139.32100117308588
DACT2	SRR10318467	126.65057918537633
DACT2	SRR10318468	23.22831151006226
DACT2	SRR10318469	56.209251860027344
DACT2	SRR10318470	152
DACT2	SRR10318471	64
DACT2	SRR10318472	140.62915901454974
DACT2	SRR10318473	145.57304285609038
DACT2	SRR10318474	4.017130408577947
DACT2	SRR10318475	161.66041393619884
DACT2	SRR10318476	9.033390538898505
DACT2	SRR10318495	188.22284088276075
DACT2	SRR10318496	8.071512943077568
DACT2	SRR10318497	21.121240127510195
DACT2	SRR10318498	89.08406385645426
DACT2	SRR10318499	111.13496819922841
DACT2	SRR10318500	18.104921634689894
DACT2	SRR10318501	81.39937056256996
DACT2	SRR10318502	86.04642622334579
DACT2	SRR10318503	71.13532800670657
DACT2	SRR10318504	52.35472843449408
DACT2	SRR10318505	27.019435981380852
DACT2	SRR10318506	23.27922202533784
DACT2	SRR10318507	70.8596568780617
DACT2	SRR10318508	45.37340388708477
DACT2	SRR10318509	82.57847803742854
DACT2	SRR10318510	66.5362706965958
DACT2	SRR10318511	135.17011074234313
DACT2	SRR10318512	19.14728766235285
DACT2	SRR10318513	166.5610245386699
DACT2	SRR10318514	50.232674339071615
DACT2	SRR10318515	113.36472180135269
DACT2	SRR10318516	59.356746459107214
DACT2	SRR10318517	24.06485075701346
DACT2	SRR10318518	79.57992091244863
DACT2	SRR10318519	131.63204275696287
DACT2	SRR10318520	62.12471101611132
DACT2	SRR10318521	234.86001445043672
DACT2	SRR10318522	28.03908975607273
DACT2	SRR10318523	218.50079263703967
DACT2	SRR10318524	106.84092886211864
DACT2	SRR10318525	183.15268731353336
DACT2	SRR10318526	161.06144655044852
DACT2	SRR10318527	218.07844966120552
DACT2	SRR10318528	51.13157025434342
DACT2	SRR10318529	162.36718514993618
DACT2	SRR10318530	80.55168064882935
DACT2	SRR10318531	13.11782376036798
DACT2	SRR10318532	89.75686671515004
DACT2	SRR10318533	61.419197642614606
DACT2	SRR10318534	30.53639438805026
DACT2	SRR10318535	56.88494685806255
DACT2	SRR10318536	80.3316981621623
DACT2	SRR10318537	54.59844703621871
DACT2	SRR10318538	234.44601061365265
DACT2	SRR10318539	117.87783989063753
DACT2	SRR10318540	61.33843276634969
DACT2	SRR10318541	144.05821936598144
DACT2	SRR10318542	30.248900623974496
DACT2	SRR10318543	79.80828944284927
DACT2	SRR10318544	104.26183553241833
DACT2	SRR10318545	53.471806313008116
DACT2	SRR10318546	133.19154932785702
DACT2	SRR10318547	72.29313041861239
DACT2	SRR10318548	143.70506161046302
DACT2	SRR10318549	114.81823067552699
DACT2	SRR10318568	200.6419609796209
DACT2	SRR10318569	166.1493825541911
DACT2	SRR10318570	76.8355116913496
DACT2	SRR10318571	130.11698633761955
DACT2	SRR10318572	154.7430120959716
DACT2	SRR10318573	167.25811707496143
DACT2	SRR10318574	47.116889172959134
DACT2	SRR10318575	177.85398143498037
DACT2	SRR10318576	135.591982253821
DACT2	SRR10318577	157.47079344021486
DACT2	SRR10318578	285.2564700478582
DACT2	SRR10318579	29.09188677792629
DACT2	SRR10318580	16.023043528163253
DACT2	SRR10318581	118
DACT2	SRR10875803	4.896552488406852
DACT2	SRR10875804	1.1087881747364405
DACT2	SRR10875805	2.0796995997156027
DACT2	SRR10875806	0.8670757402901675
DACT2	SRR10875807	0.9691618824824831
DACT2	SRR10875808	0.9133292956158376
DACT2	SRR10875809	6.347422260613039
DACT2	SRR10875810	0.909737250839997
DACT2	SRR10875812	1
DACT2	SRR10875813	1.6285496355478428
DACT2	SRR10875814	1.004071255814061
DACT2	SRR10875815	2
DACT2	SRR10875816	2
DACT2	SRR10875817	1.5440920772074036
DACT2	SRR10875818	0.7268311347932428
DACT2	SRR10875819	1
DACT2	SRR10875820	1.8672686509311318
DACT2	SRR10875821	2.8594699862272814
DACT2	SRR10875822	3.0623169279783924
DACT2	SRR10875823	1
DACT2	SRR10875824	3.0272371734395676
DACT2	SRR10875825	2.003662448614877
DACT2	SRR10875826	1.689117757986081
DACT2	SRR10875827	1.9219999211412724
DACT2	SRR10875829	0.7543213669360967
DACT2	SRR10875830	1
DACT2	SRR10875831	1.0036351212296024
DACT2	SRR10875832	2
DACT2	SRR10875834	2.0068478223166966
DACT2	SRR10875835	6
DACT2	SRR10875836	1.8854139855651646
DACT2	SRR10875837	2.4124081060568865
DACT2	SRR10875838	1
DACT2	SRR10875839	0.7414692537294025
DACT2	SRR10875840	2.451200525072335
DACT2	SRR10875841	1.00387382637289
DACT2	SRR10875842	1.3902553590599038
DACT2	SRR10875843	1.103950673460681
DACT2	SRR10875844	4.019018105810692
DACT2	SRR10875845	0.9061997545264616
DACT2	SRR10875846	4.277842070685263
DACT2	SRR10875847	10.038431392461147
DACT2	SRR10875848	1
DACT2	SRR10875849	1.9315446253798474
DACT2	SRR10875850	1.0001799142310437
DACT2	SRR10875851	2.6256970320050543
DACT2	SRR10875852	2.4282424821891975
DACT2	SRR10875853	1.002266574999606
DACT2	SRR10875854	0.8413842400708483
DACT2	SRR10875855	0.7318078959485699
DACT2	SRR10875856	0.6754474422152104
DACT2	SRR10875857	1.740079077969616
DACT2	SRR10875858	2.8133643030895605
DACT2	SRR10875859	1
DACT2	SRR10875860	0.6545276114585332
DACT2	SRR10875861	1.183168145575208
DACT2	SRR10875862	4.068797137485102
DACT2	SRR10875863	1.0054730022593972
DACT2	SRR10875864	1
DACT2	SRR10875865	0.8476035815688346
DACT2	SRR10875866	0.7440492761888251
DACT2	SRR10875867	1.9211907601145624
DACT2	SRR10875868	1.2303144466865068
DACT2	SRR10875869	2
DACT2	SRR10875870	3.379146430322938
DACT2	SRR10875871	1.0001799142310437
DACT2	SRR10875872	0.5848343028575359
DACT2	SRR10875873	0.8071725731582963
DACT2	SRR10875874	4.691243060919174
DACT2	SRR10875875	0.9890039854935406
DACT2	SRR10875876	1
DACT2	SRR10875877	1.6185366710422742
DACT2	SRR10875878	1.0079578989702365
DACT2	SRR10875879	2
DACT2	SRR10875880	1.0040544375604268
DACT2	SRR10875881	1.5629833593916387
DACT2	SRR10875882	1
DACT2	SRR10875883	1.0064943962475852
DACT2	SRR10875884	0.97467766091674
DACT2	SRR10875885	2.0038120565269457
DACT2	SRR10875886	1.0075645039987202
DACT2	SRR10875887	1
DACT2	SRR10875888	1.0282669362329202
DACT2	SRR10875889	3.006799724998818
DACT2	SRR10875890	1.002266574999606
DACT2	SRR10875891	3
DACT2	SRR10875892	0.9980256347565621
DACT2	SRR10875893	1
DACT2	SRR10875894	2.075455694712485
DACT2	SRR10875895	1
DACT2	SRR10875896	1.01011154427121
DACT2	SRR10875897	1.002610457415912
DACT2	SRR10875898	0.9530324484204709
DACT2	SRR10875899	1.8009118633110923
DACT2	SRR10875900	1.003815689470687
DACT2	SRR10875901	1.0022125639984338
DACT2	SRR10875902	1.0046440041164724
DACT2	SRR12430469	8
DACT2	SRR12430470	14.48846199341694
DACT2	SRR12430471	1.946608569150244
DACT2	SRR12430472	14.46016337749471
DACT2	SRR12430473	45
DACT2	SRR12430474	104.03030024957957
DACT2	SRR12430475	133.81661379590844
DACT2	SRR12430476	93
DACT2	SRR12765534	165
DACT2	SRR12765535	27.0717633388775
DACT2	SRR12765536	80.3703280442035
DACT2	SRR12765537	24.10171965644095
DACT2	SRR12765538	5.171484279979327
DACT2	SRR12765539	6.188476869030862
DACT2	SRR12765540	2.006264573963714
DACT2	SRR12765541	3.029110953980382
DACT2	SRR12765542	250
DACT2	SRR12765543	78.26401773342802
DACT2	SRR12765544	56.64988019035219
DACT2	SRR12765545	59.558563037897876
DACT2	SRR12765546	4.121032034130739
DACT2	SRR12765547	13.105375371844568
DACT2	SRR12765548	5.102297867507914
DACT2	SRR12765549	31.237878281225477
DACT2	SRR12765550	24.962818176222818
DACT2	SRR12765551	25.346292646679434
DACT2	SRR12765552	38.53866108749594
DACT2	SRR12765553	6.268725247856689
DACT2	SRR12765554	18.57487423732238
DACT2	SRR12765555	34.70652759065405
DACT2	SRR12765556	40.61997161774951
DACT2	SRR12765557	38.400167116677586
DACT2	SRR12765558	47.32491148246757
DACT2	SRR12765559	45.08577127185628
DACT2	SRR12765560	43.83053585306388
DACT2	SRR12765561	68.19300398283664
DACT2	SRR12765562	53.834247552859516
DACT2	SRR12765563	31.22665018226481
DACT2	SRR12765564	75.15876891273798
DACT2	SRR12765565	45.19199062044746
DACT2	SRR12765566	36.259497040387
DACT2	SRR12765567	27.35883278257263
DACT2	SRR12765568	13.135280279914394
DACT2	SRR12765569	19.21865278855564
DACT2	SRR12765570	14.100484468924368
DACT2	SRR12765571	7.078321305786164
DACT2	SRR12765572	16.10605543259086
DACT2	SRR12765573	4.138334164054491
DACT2	SRR12765574	111.77251596193514
DACT2	SRR12765575	41.99314806529178
DACT2	SRR12765576	29.723337113541422
DACT2	SRR12765577	9.414053754141063
DACT2	SRR12765578	41.62258483019888
DACT2	SRR12765579	56.47878642468042
DACT2	SRR12765580	36.4112409768751
DACT2	SRR12765581	56.910786566171076
DACT2	SRR12765582	8.008041830067754
DACT2	SRR12765583	57.506993877671704
DACT2	SRR12765584	5.062640815258947
DACT2	SRR12765585	61.68062868131438
DACT2	SRR12765586	143.75946218543245
DACT2	SRR12765587	7.082831376321939
DACT2	SRR12765588	82.573695706446685
DACT2	SRR12765589	15.275630067313536
DACT2	SRR12765590	12.353059840918457
DACT2	SRR12765591	11.309468177225162
DACT2	SRR12765592	20.330735288745174
DACT2	SRR12765593	67.56500735328567
DACT2	SRR12765594	28.651702493763665
DACT2	SRR12765595	12.144218654075724
DACT2	SRR12765596	9.04016958188942
DACT2	SRR12765597	9.07275204273189
DACT2	SRR12765598	113.81717947890951
DACT2	SRR12765599	163.5042586530971
DACT2	SRR12765600	46.93920936127471
DACT2	SRR12765601	98.12757499451844
DACT2	SRR12765602	79.68512721557495
DACT2	SRR12765603	114.13374787550627
DACT2	SRR12765604	31.253053548419228
DACT2	SRR12765605	45.35170831825783
DACT2	SRR12765606	27.359196078323794
DACT2	SRR12765607	61.53580861685439
DACT2	SRR12765608	30.266455619375392
DACT2	SRR12765609	13.063079006102798
DACT2	SRR12765610	30.262919363829866
DACT2	SRR12765611	6.033371843265892
DACT2	SRR12765612	108.49265830216625
DACT2	SRR12765613	18.108660526672914
DACT2	SRR12765614	138.64511077010536
DACT2	SRR12765615	28.25712986199712
DACT2	SRR12765616	26.160762767321554
DACT2	SRR12765617	38.323209062322704
DACT2	SRR12765618	22.5185859203958
DACT2	SRR12765619	59.26955595909544
DACT2	SRR12765620	97.79356381863599
DACT2	SRR12765621	30.078694603649453
DACT2	SRR12765622	3.0660767011093486
DACT2	SRR12765623	77
DACT2	SRR12765624	8.031835785604896
DACT2	SRR12765625	2.016715308609971
DACT2	SRR12765626	24.119069307347953
DACT2	SRR12765627	6.003239038838078
DACT2	SRR12765628	2.083280979832011
DACT2	SRR12765629	3.0974508496970627
DACT2	SRR12765630	45.077661159111585
DACT2	SRR12765631	6.0363609486984116
DACT2	SRR12765632	30.197555438895403
DACT2	SRR12765633	5.0978165815606085
DACT2	SRR12765634	81.44271771943265
DACT2	SRR12765635	85.94999382525909
DACT2	SRR12765636	51.623206450811416
DACT2	SRR12765637	69.3902833291039
DACT2	SRR12765638	126
DACT2	SRR12765639	62.90554081249523
DACT2	SRR12765640	93.47249367178406
DACT2	SRR12765641	42.80262819442478
DACT2	SRR12765642	53.129685542046644
DACT2	SRR12765643	57.80769170554552
DACT2	SRR12765644	38.13632997668027
DACT2	SRR12765645	38.07272622205346
DACT2	SRR12765646	50.34145309901145
DACT2	SRR12765647	24.703127887491128
DACT2	SRR12765648	22.26194853621808
DACT2	SRR12765649	3.148615643572085
DACT2	SRR12765650	51.93761260890903
DACT2	SRR12765651	11.311082386938098
DACT2	SRR12765652	55.593106188621256
DACT2	SRR12774664	1.0053155170153698
DACT2	SRR12774665	1.0135566637804032
DACT2	SRR12774666	1.0106916250716198
DACT2	SRR12774667	1.015112987886643
DACT2	SRR12774668	1.0534151748540257
DACT2	SRR12774669	4.07449044278109
DACT2	SRR12774670	1.0491130199238774
DACT2	SRR12774671	1.0484655565231629
DACT2	SRR12774672	1.0061938437846794
DACT2	SRR12774673	1.01435609135224
DACT2	SRR12774674	1.0244413045784626
DACT2	SRR12774675	1.034652092580572
DACT2	SRR12774676	1.0065547698859227
DACT2	SRR12774677	1.0109759582725257
DACT2	SRR12774678	1.0438847092278365
DACT2	SRR12774679	1.023414658310555
DACT2	SRR12774680	1.0142412524286228
DACT2	SRR12774681	1.008730043871159
DACT2	SRR12774682	1.0106527118449917
DACT2	SRR12774683	1.0071464844271232
DACT2	SRR12774684	1.0052888947242837
DACT2	SRR12774685	1.0073894622198625
DACT2	SRR12774686	1.0181683338140572
DACT2	SRR12774687	1.0294604238537992
DACT2	SRR1609360	45.133336590389135
DACT2	SRR1609361	39.00480810007172
DACT2	SRR1609362	21.370002626826157
DACT2	SRR1609363	28.20814876038653
DACT2	SRR1609364	19.166214025948136
DACT2	SRR1609365	56.819503046680545
DACT2	SRR1609366	30.17269477924833
DACT2	SRR1609367	140.38258739702792
DACT2	SRR1609368	26.14697721088579
DACT2	SRR1609369	98.08818970066704
DACT2	SRR1609370	92.19193825828359
DACT2	SRR1609371	20.609928015533008
DACT2	SRR1609372	47.038782805210424
DACT2	SRR1609373	21.15878636547572
DACT2	SRR1609374	49.128735322636985
DACT2	SRR1609375	31.206609214902393
DACT2	SRR1609376	15.243952898326347
DACT2	SRR1609377	17.091478555698277
DACT2	SRR1609378	34.604277450842076
DACT2	SRR1609379	64.11719835567607
DACT2	SRR1609380	41.656098314477866
DACT2	SRR1609381	59.04247121857297
DACT2	SRR1609382	11.16010453450087
DACT2	SRR1609383	28.294753936640266
DACT2	SRR1609384	79.7804485219111
DACT2	SRR1609385	98.73377062853223
DACT2	SRR1609386	31.210746819987214
DACT2	SRR1609387	75.57051743852327
DACT2	SRR1609388	34.443264978413325
DACT2	SRR1609389	51.129315644167825
DACT2	SRR1609390	73.96073744553937
DACT2	SRR1609391	3.1929505671765894
DACT2	SRR1609392	17.268517299631945
DACT2	SRR1609393	16.722562447841916
DACT2	SRR1609394	20.56818672238388
DACT2	SRR1609395	48.26991166176339
DACT2	SRR1609396	70.0796564650197
DACT2	SRR1609397	10.149403288090864
DACT2	SRR1609398	33.15572759713386
DACT2	SRR1609399	107.41387292215298
DACT2	SRR1609400	89.19750430483211
DACT2	SRR1609401	19.205212917262337
DACT2	SRR1609402	19.08538586626032
DACT2	SRR1609403	42.13680564590784
DACT2	SRR1609404	30.366467928084063
DACT2	SRR1609405	19.129730463338433
DACT2	SRR1609406	17.069663379609022
DACT2	SRR1609407	23.05575796291025
DACT2	SRR1609408	21.165474098352725
DACT2	SRR1609409	37.713494241311004
DACT2	SRR1609410	45
DACT2	SRR1609411	18.962671400005718
DACT2	SRR1609412	19
DACT2	SRR1609413	127.95610929740484
DACT2	SRR1609414	19.03136924767743
DACT2	SRR1609415	42.00755639770384
DACT2	SRR1609416	53.1441178207901
DACT2	SRR1609417	4.027371901692019
DACT2	SRR1609418	31.045075844009997
DACT2	SRR1609419	7.034344245696138
DACT2	SRR1609420	58.27707802422769
DACT2	SRR1609421	9.058439094002814
DACT2	SRR1609422	20.340014915986927
DACT2	SRR1609423	5.271566830673323
DACT2	SRR1609424	3.2379980349926756
DACT2	SRR1609425	23.037973299820045
DACT2	SRR1609426	54.25791368341482
DACT2	SRR1609427	58.30872630455299
DACT2	SRR1609428	23.200682511086235
DACT2	SRR1609429	16.02065100378359
DACT2	SRR1609430	26.108600008896325
DACT2	SRR1609431	20.151692592238515
DACT2	SRR1609432	22.034003447000906
DACT2	SRR1609433	15.127370248293508
DACT2	SRR1609434	22.336250475084523
DACT2	SRR1609435	29.13378550994437
DACT2	SRR1609436	29.094948383349
DACT2	SRR1609437	25.554070716464846
DACT2	SRR1609438	20.65186150523637
DACT2	SRR1609439	7.105307073489704
DACT2	SRR1609440	77.19864528596949
DACT2	SRR1609441	22.04986464999133
DACT2	SRR1609442	8.05927715284849
DACT2	SRR1609443	11.098072177403761
DACT2	SRR1609444	26.014035834965007
DACT2	SRR1609445	12.042354127648508
DACT2	SRR1609446	12.137151116087544
DACT2	SRR1609447	2.4686617719160973
DACT2	SRR1609448	10.08885106736826
DACT2	SRR1609449	37.0926833219422
DACT2	SRR1609450	12.025035424993511
DACT2	SRR1609451	21.276314159692014
DACT2	SRR1609452	1.2640053263343127
DACT2	SRR1609453	28.051571481498787
DACT2	SRR1609454	16.262396375371896
DACT2	SRR1609455	3.757033048833174
DACT2	SRR1609456	7.034269718200403
DACT2	SRR1609457	4.0267823470731825
DACT2	SRR1609458	2.481859220628708
DACT2	SRR1609459	3.0117419703684054
DACT2	SRR1609460	23.2276763391779
DACT2	SRR1609461	19.032471466804253
DACT2	SRR1609462	7.026185200553387
DACT2	SRR1609463	14.092461170971495
DACT2	SRR1609464	5.057454012124745
DACT2	SRR1609465	26.319214601898498
DACT2	SRR1609466	20.18956969412182
DACT2	SRR1609467	2.0243081497887836
DACT2	SRR1609468	31.053499909610206
DACT2	SRR1609469	24.004317941545047
DACT2	SRR1609470	12.058226774864123
DACT2	SRR1609471	21.045030765324597
DACT2	SRR1609472	4.349461202116851
DACT2	SRR1609473	2.116195052996917
DACT2	SRR1609474	34.088145155028535
DACT2	SRR1609475	11.243970287234367
DACT2	SRR1609476	114.29324054952836
DACT2	SRR1609477	6.034373943276814
DACT2	SRR1609478	8.186237540164566
DACT2	SRR1609479	28.298134461372573
DACT2	SRR1609480	19
DACT2	SRR1609481	16.169949079943034
DACT2	SRR1609482	8.029680479020893
DACT2	SRR1609483	7.032293054124503
DACT2	SRR1609484	13.104912347778052
DACT2	SRR1609485	11.009898843952424
DACT2	SRR1609486	4.0130963287377925
DACT2	SRR1609487	39.15585531774414
DACT2	SRR1609488	19.02736418969386
DACT2	SRR1609489	53.11761492310227
DACT2	SRR1609490	17.28634879961753
DACT2	SRR1609491	8.028701047722162
DACT2	SRR1609492	39
DACT2	SRR1609493	15.068534936079695
DACT2	SRR1609494	13.077752119308618
DACT2	SRR1609495	78.17679284996927
DACT2	SRR1609496	18.016198108285785
DACT2	SRR1609497	14.012598528666722
DACT2	SRR1609498	32.01151554659898
DACT2	SRR1609499	10.021169188365063
DACT2	SRR1609500	25.043145088395327
DACT2	SRR1609501	15.019360316047116
DACT2	SRR1609502	12.157482957219832
DACT2	SRR1609503	3.773193675501377
DACT2	SRR1609504	35
DACT2	SRR1609505	35
DACT2	SRR1609506	9.179972880317074
DACT2	SRR1609507	29.178815015922698
DACT2	SRR1609508	32.01727487380308
DACT2	SRR1609509	20.128443995223137
DACT2	SRR1609510	42.23932636179424
DACT2	SRR1609511	9.3376717481895
DACT2	SRR1609512	4.013574983676928
DACT2	SRR1609513	37.12063894055336
DACT2	SRR1609514	1.049805218598925
DACT2	SRR1609515	33.06536764756206
DACT2	SRR1609516	4.016817532290465
DACT2	SRR1609517	2.0460511826300447
DACT2	SRR1609518	33.05347299729462
DACT2	SRR1609519	34.05867732021765
DACT2	SRR1609520	11.873083599754866
DACT2	SRR1609521	48.08056337361915
DACT2	SRR1609522	6.1468328820269384
DACT2	SRR1609523	15.071910565118165
DACT2	SRR1609524	24.4056177393824
DACT2	SRR1609525	11.061028859505681
DACT2	SRR1609526	5.103436129894876
DACT2	SRR1609527	55
DACT2	SRR1609528	5.044510029529067
DACT2	SRR1609529	10.261617682876642
DACT2	SRR1609530	3.014678698339007
DACT2	SRR1609531	26.099899091448354
DACT2	SRR1609532	8.059056774445425
DACT2	SRR1609533	9.349389458034116
DACT2	SRR1609534	11.01449875311098
DACT2	SRR1609535	36.567997852307656
DACT2	SRR1609536	15.167782466768674
DACT2	SRR1609537	27.10468070056927
DACT2	SRR1609538	30
DACT2	SRR1609539	8.049929301249065
DACT2	SRR1609540	37
DACT2	SRR1609541	1.1005986779971142
DACT2	SRR1609542	27.06404542240213
DACT2	SRR1609543	10.02086285416126
DACT2	SRR1609544	89.5284267131847
DACT2	SRR1609545	8.845993483403706
DACT2	SRR1609546	27
DACT2	SRR1609547	7.036519553905656
DACT2	SRR1609548	7.129403072538171
DACT2	SRR1609549	25.27148053250529
DACT2	SRR1609550	29
DACT2	SRR1609551	4.046974109120113
DACT2	SRR1609552	5.022844978693231
DACT2	SRR1609553	15.039868521598612
DACT2	SRR1609554	1.0092141688423883
DACT2	SRR1609555	3.0106805645299093
DACT2	SRR1609556	10.226028348590848
DACT2	SRR1609557	2.0126886473483316
DACT2	SRR1609558	3.013022298265091
DACT2	SRR1609559	11.472244382661332
DACT2	SRR1609560	8.059362062051733
DACT2	SRR1609561	4.010441829663648
DACT2	SRR1609562	36.03618823530489
DACT2	SRR1609563	16.071634682025003
DACT2	SRR1609564	42.040230243314696
DACT2	SRR1609565	12.305973412150713
DACT2	SRR1609566	22.07435264970324
DACT2	SRR1609567	5.035560288829872
DACT2	SRR1609568	72
DACT2	SRR1609569	21
DACT2	SRR1609570	19.344035294841593
DACT2	SRR1609571	8.196413157451804
DACT2	SRR1609572	20.270669565504555
DACT2	SRR1609573	6.121050876183625
DACT2	SRR1609574	35.18355985292453
DACT2	SRR1609575	6.44219915818504
DACT2	SRR1609576	21.084566622149374
DACT2	SRR1609577	77.32610125567146
DACT2	SRR1609578	10.01783819400364
DACT2	SRR1609579	41.27999154118939
DACT2	SRR1609580	16.124425369932332
DACT2	SRR1609581	12.506052366080915
DACT2	SRR1609582	15.126698787184097
DACT2	SRR1609583	7.253717464073167
DACT2	SRR1609584	54.11175302218669
DACT2	SRR1609585	31.027896742047737
DACT2	SRR1609586	7.550374136804049
DACT2	SRR1609587	1.012248840177597
DACT2	SRR1609588	15.210368115164528
DACT2	SRR1609589	17.045184324478427
DACT2	SRR1609590	23.008276799118015
DACT2	SRR1609591	22.07202980805786
DACT2	SRR1609592	14.09700805550903
DACT2	SRR1609593	4.022357885623923
DACT2	SRR1609594	32.82074150275483
DACT2	SRR1609595	54.3288155946978
DACT2	SRR1609596	16.042036023718197
DACT2	SRR1609597	26.11011211230465
DACT2	SRR1609598	9.25157538741097
DACT2	SRR1609599	10.21526241306417
DACT2	SRR1609600	5.15643056662264
DACT2	SRR1609601	41.1349432141342
DACT2	SRR1609602	2.3267904494222718
DACT2	SRR1609603	75
DACT2	SRR1609604	9.063920380824472
DACT2	SRR1609605	15.116279733436459
DACT2	SRR1609606	2.032680321420452
DACT2	SRR1609607	1.0050669824037204
DACT2	SRR1609608	7.1446172354839845
DACT2	SRR1609609	14.464890998759218
DACT2	SRR1609610	14
DACT2	SRR1609611	13.226163582942592
DACT2	SRR1609612	4.009365645848272
DACT2	SRR1609613	18.016198108285785
DACT2	SRR1609614	35.415972094327635
DACT2	SRR1609615	17.05438599348329
DACT2	SRR1609616	30
DACT2	SRR1609617	75
DACT2	SRR1609618	6.019379061169822
DACT2	SRR1609619	22.08057645348089
DACT2	SRR1609620	11.14121487808048
DACT2	SRR1609621	28.245337304549125
DACT2	SRR1609622	6.238324354676709
DACT2	SRR1609623	22.427127894408038
DACT2	SRR1609624	14.804035704344798
DACT2	SRR1609625	32.051852603437204
DACT2	SRR1609626	21.167115878374968
DACT2	SRR1609627	14.07810344336241
DACT2	SRR1609628	30.057596210234816
DACT2	SRR1609629	6.099768090572706
DACT2	SRR1609630	10.028382938652449
DACT2	SRR1609631	28
DACT2	SRR1609632	37
DACT2	SRR1609633	51.1869559018644
DACT2	SRR1609634	21.176444500643562
DACT2	SRR1609635	4.101183335571223
DACT2	SRR1609636	8.27225380912453
DACT2	SRR1609637	96.39741940236642
DACT2	SRR1609638	18.449910884191443
DACT2	SRR1609639	20.111789428119614
DACT2	SRR1609640	10.001799142310437
DACT2	SRR1609641	34.009695858696176
DACT2	SRR1609642	45
DACT2	SRR1609643	6.073664908130423
DACT2	SRR1609644	98.10583716189151
DACT2	SRR1609645	2.006459687056607
DACT2	SRR1609646	24.057587111522732
DACT2	SRR1609647	29.61765061710497
DACT2	SRR1609648	18.06580747959638
DACT2	SRR1609649	20.166940615573257
DACT2	SRR1609650	4.030092117723921
DACT2	SRR1609651	20.06909170938941
DACT2	SRR1609652	3.0108133241992054
DACT2	SRR1609653	13.664803677695321
DACT2	SRR1609654	38.300356974153296
DACT2	SRR1609655	6.041280069968602
DACT2	SRR1609656	45.659777786225746
DACT2	SRR1609657	31.411389027473636
DACT2	SRR1609658	9.183265569210233
DACT2	SRR1609659	22.17747247029771
DACT2	SRR1609660	6.023692697066097
DACT2	SRR1609661	3.0044546622551147
DACT2	SRR1609662	42.19819875998855
DACT2	SRR1609663	4.010674098064
DACT2	SRR1609664	28.20596001537776
DACT2	SRR1609665	16
DACT2	SRR1609666	31.52368368407613
DACT2	SRR1609667	40.11952231034031
DACT2	SRR1609668	2.252749049233326
DACT2	SRR1609669	40.79033946119467
DACT2	SRR1746771	25.020656629228235
DACT2	SRR1746772	33.0128715061194
DACT2	SRR1746773	32.8710323384386
DACT2	SRR1746774	57.41072596666459
DACT2	SRR1746775	19.336684100295614
DACT2	SRR1746776	21.402410985967016
DACT2	SRR1746777	17.29024298127587
DACT2	SRR1746778	10.801866524987798
DACT2	SRR1746779	23.906294700220993
DACT2	SRR1746780	12.179563080201602
DACT2	SRR1746781	19.907646435284278
DACT2	SRR1746782	27.12336288494345
DACT2	SRR1746783	39
DACT2	SRR1746784	10
DACT2	SRR1782685	2.032740263086075
DACT2	SRR1782686	6.147111040703804
DACT2	SRR1782687	1.0124456809155273
DACT2	SRR1782688	24.406646964391722
DACT2	SRR1782689	19.346349422410594
DACT2	SRR1782690	7.146637380115744
DACT2	SRR1782691	48.08642878177781
DACT2	SRR1782692	21.176327190487367
DACT2	SRR1782693	11.100711749149792
DACT2	SRR1782694	15.244269595943843
DACT2	SRR1782695	59.04247121857297
DACT2	SRR1782696	20.068142074955514
DACT2	SRR1782697	10.08894629432837
DACT2	SRR1782698	92.19475653295858
DACT2	SRR1782699	54.32384356166658
DACT2	SRR1782700	15.116400458808304
DACT2	SRR1782701	29.184956846439288
DACT2	SRR1782702	25.270974257677402
DACT2	SRR1782703	107.42251976434538
DACT2	SRR1782704	41.65598867916375
DACT2	SRR1782705	8.197023373364184
DACT2	SRR1782706	34.08771350289562
DACT2	SRR1782707	7.027290613846684
DACT2	SRR1782708	18.96843867626078
DACT2	SRR1782709	22.05286006752192
DACT2	SRR1782710	19
DACT2	SRR1782711	5.058242209139383
DACT2	SRR1782712	30.363816221034323
DACT2	SRR1782713	11.244098581589505
DACT2	SRR1782714	4.349305591261322
DACT2	SRR1782715	51.127752687001404
DACT2	SRR1782716	22.333580624826528
DACT2	SRR1782717	47.038782805210424
DACT2	SRR1782718	56.82261059708049
DACT2	SRR1782719	98.72657756257057
DACT2	SRR1782720	34.60447277112476
DACT2	SRR1782721	20.19166831787023
DACT2	SRR1782722	98.08818970066704
DACT2	SRR1782723	89.20172517496493
DACT2	SRR1782724	12.138888959283252
DACT2	SRR1782725	21.38198544316725
DACT2	SRR1782726	75.57611555055225
DACT2	SRR1782727	39
DACT2	SRR1782728	20.613570426421454
DACT2	SRR1782729	126.97649837196562
DACT2	SRR1782730	11.015842425612234
DACT2	SRR1782731	14.460605385525419
DACT2	SRR1782732	3.2392323311941764
DACT2	SRR1782733	23.22831151006226
DACT2	SRR1782734	20.126858077224934
DACT2	SRR1782735	29.136363480746954
DACT2	SRR1782736	7.13103927038783
DACT2	SRR1782737	32.0537089157461
DACT2	SRR1782738	45.14572125569262
DACT2	SRR1782739	28.29460895256949
DACT2	SRR1782740	35.421634300117105
DACT2	SRR1782741	5.273400501384757
DACT2	SRR1782742	29
DACT2	SRR1782743	12.02450518962041
DACT2	SRR1782744	18.091073411461526
DACT2	SRR1782745	26.3209102940315
DACT2	SRR1782746	6.121824426389192
DACT2	SRR1782747	20.152404593845517
DACT2	SRR1782748	10.15029947158002
DACT2	SRR1782749	34.44459298447107
DACT2	SRR1782750	16.022542507470565
DACT2	SRR1782751	17.270223260931445
DACT2	SRR1782752	14.096037765398366
DACT2	SRR1782753	31.032959289598494
DACT2	SRR1782754	15.128521181158826
DACT2	SRR1782755	10.027601872840743
DACT2	SRR1782756	16.730210694143363
DACT2	SRR1782757	22.032358351973414
DACT2	SRR1782758	19.034211392787054
DACT2	SRR1782759	3.013422113047923
DACT2	SRR1782760	11.160022938658031
DACT2	SRR1782761	1.1238501762695376
DACT2	SRR1782762	3.194776592370167
DACT2	SRR1782763	26.14381211380597
DACT2	SRR1782764	70.08511508059449
DACT2	SRR1782765	42.13879958044479
DACT2	SRR1782766	19.206138295829984
DACT2	SRR1782767	79.78497684209863
DACT2	SRR1782768	31.20666635659728
DACT2	SRR1782769	19.165689931843946
DACT2	SRR1782770	33.156498734137344
DACT2	SRR1782771	31.21170663270389
DACT2	SRR1782772	17.092916064572282
DACT2	SRR1782773	19.08389939107339
DACT2	SRR1782774	49.12506729025328
DACT2	SRR1782775	9.182751482695146
DACT2	SRR1782776	30.45699285448291
DACT2	SRR1782777	42.00755639770384
DACT2	SRR1782778	30.055758594504166
DACT2	SRR1782779	41.13716206627783
DACT2	SRR1782780	12.157764224585323
DACT2	SRR1782781	38.308284655131935
DACT2	SRR1782782	5.104282210398533
DACT2	SRR1782783	8.051481910761385
DACT2	SRR1782784	2.0068478223166966
DACT2	SRR1782785	3.0032399131191276
DACT2	SRR1782786	4.101636477507854
DACT2	SRR1782787	55
DACT2	SRR1782788	3.0113966264934127
DACT2	SRR1782789	13.225898952516095
DACT2	SRR1782790	4.0227138133211024
DACT2	SRR1782791	89.53546633488496
DACT2	SRR1782792	9.062294535185462
DACT2	SRR1782793	9.337638498266381
DACT2	SRR1782794	41.283765309087975
DACT2	SRR1782795	10.214531830775025
DACT2	SRR1782796	11.88085308389768
DACT2	SRR1782797	32.82253886003588
DACT2	SRR1782798	23.45295438063375
DACT2	SRR1782799	33.05347299729462
DACT2	SRR1782800	10.018005996203712
DACT2	SRR1782801	30.168694788602117
DACT2	SRR1782802	21.15675830507589
DACT2	SRR1782803	36.13356215559402
DACT2	SRR1782804	140.38532816048254
DACT2	SRR1782805	64.11523837570375
DACT2	SRR1782806	136.36981176655573
DACT2	SRR1782807	46.60647618039227
DACT2	SRR1782808	23.61702147905614
DACT2	SRR1782809	94.27900380256929
DACT2	SRR1782810	28.474150891292105
DACT2	SRR1782811	50.15758532255422
DACT2	SRR1782812	27.34688446690135
DACT2	SRR1782813	22.138964993908125
DACT2	SRR1782814	26.342576501357883
DACT2	SRR1782815	9.562462567835059
DACT2	SRR1782816	26.014035834965007
DACT2	SRR1782817	4.014363466614793
DACT2	SRR1782818	15.211043290283225
DACT2	SRR1782819	9.252599488077301
DACT2	SRR1782820	7.252432668332205
DACT2	SRR1782821	4.010931068486513
DACT2	SRR1782822	13.104415935370877
DACT2	SRR1782823	8.031016503872376
DACT2	SRR1782824	6.034558411936276
DACT2	SRR1782825	13.076033520071684
DACT2	SRR1782826	4.027807545275202
DACT2	SRR1782827	20.271318674098442
DACT2	SRR1782828	36
DACT2	SRR1782829	19
DACT2	SRR1782830	6.236956035188913
DACT2	SRR1782831	6.443516535308194
DACT2	SRR1782832	20.658368784194035
DACT2	SRR1782833	8.186662528184979
DACT2	SRR1782834	24.004317941545047
DACT2	SRR1782835	7.809310361377896
DACT2	SRR1782836	113.54020564322882
DACT2	SRR1782837	10.281334706568328
DACT2	SRR1782838	31.41545448740376
DACT2	SRR1782839	84.1821262667255
DACT2	SRR1782840	28.240407608346878
DACT2	SRR1782841	7.106877961106277
DACT2	SRR1782842	97
DACT2	SRR1782843	18.448007586810864
DACT2	SRR1782844	34.009695858696176
DACT2	SRR1782845	22.4222557336847
DACT2	SRR1782846	14.078410425265526
DACT2	SRR1782847	2.4683508029456567
DACT2	SRR1782848	14.807549096601631
DACT2	SRR1782849	2.4815635339191813
DACT2	SRR1782850	3.7571712522636425
DACT2	SRR1782851	1.2640085575608608
DACT2	SRR1782852	2.528689347786182
DACT2	SRR1782853	5.036537826153157
DACT2	SRR1782854	22.07202980805786
DACT2	SRR1782855	4.009648625389459
DACT2	SRR1782856	7.037409190385651
DACT2	SRR1782857	8.057803337690412
DACT2	SRR1782858	42.04535878366779
DACT2	SRR1782859	23.03726905872049
DACT2	SRR1782860	22.04986464999133
DACT2	SRR1782861	28.052396577390322
DACT2	SRR1782862	58.273703049508
DACT2	SRR1782863	77.20465841087287
DACT2	SRR1782864	73.96480414144206
DACT2	SRR1782865	26.11134765575666
DACT2	SRR1782866	12.042354127648508
DACT2	SRR1782867	20.341090098161068
DACT2	SRR1782868	22.080647643941507
DACT2	SRR1782869	29.10186834228216
DACT2	SRR1782870	37.0926833219422
DACT2	SRR1782871	58.31210330767648
DACT2	SRR1782872	53.1472975101145
DACT2	SRR1782873	54.25225973329625
DACT2	SRR1782874	9.058521911058577
DACT2	SRR1782875	70.36304456587712
DACT2	SRR1782876	6.023896260914323
DACT2	SRR1782877	21.071902134325313
DACT2	SRR1782878	21.16918745442313
DACT2	SRR1782879	45.66629084775061
DACT2	SRR1782880	4.016953276073491
DACT2	SRR1782881	77.32162310326989
DACT2	SRR1782882	18.063531191472762
DACT2	SRR1782883	34.06226162645291
DACT2	SRR1782884	110.07918362784791
DACT2	SRR1782885	75
DACT2	SRR1782886	11.06128611727887
DACT2	SRR1782887	36.03349771407401
DACT2	SRR1782888	6.0197082707335445
DACT2	SRR1782889	13.056648658795277
DACT2	SRR1782890	3.004636833681942
DACT2	SRR1782891	18.012957320920567
DACT2	SRR1782892	25.04646549542014
DACT2	SRR1782893	21.082347933782746
DACT2	SRR1782894	15.1738967424955
DACT2	SRR1782895	26.096461556817903
DACT2	SRR1782896	53.11453874609386
DACT2	SRR1782897	15.04211457590042
DACT2	SRR1782898	27.061197524989364
DACT2	SRR1782899	27.102411561522864
DACT2	SRR1782900	18.019439478714766
DACT2	SRR1782901	11.011057516343161
DACT2	SRR1782902	14
DACT2	SRR1782903	16.040838298858212
DACT2	SRR1782904	45
DACT2	SRR1782905	21.04445529556663
DACT2	SRR1782906	2.0128443995223138
DACT2	SRR1782907	12.058893683084305
DACT2	SRR1782908	11.034029725055634
DACT2	SRR1782909	23.07945546579782
DACT2	SRR1782910	72
DACT2	SRR1782911	14.09856971383296
DACT2	SRR1782912	114.42240597899048
DACT2	SRR1782913	37
DACT2	SRR1782914	4.011230553573445
DACT2	SRR1782915	21
DACT2	SRR1782916	18.195652353926608
DACT2	SRR1782917	49.15872632941681
DACT2	SRR1782918	206.22247403418012
DACT2	SRR1782919	54
DACT2	SRR1782920	14.01511959455593
DACT2	SRR1782921	10.02086285416126
DACT2	SRR1782922	9.494889278989566
DACT2	SRR1782923	18.101500160345527
DACT2	SRR1782924	73.37860361870041
DACT2	SRR1782925	33.11724407507195
DACT2	SRR1782926	34.25276209854665
DACT2	SRR1782927	81.23596701432572
DACT2	SRR1782928	14.102163268027041
DACT2	SRR1782929	31.271925289186676
DACT2	SRR1782930	85.24995083952771
DACT2	SRR1782931	32.0874485478921
DACT2	SRR1782932	33.12379545700188
DACT2	SRR1782933	25.56959306037033
DACT2	SRR1782934	29.172279888551135
DACT2	SRR1782935	21.09559555210461
DACT2	SRR1782936	10.25972249898807
DACT2	SRR1782937	22.17521027289311
DACT2	SRR1782938	3.7743001137018632
DACT2	SRR1782939	15.0718663860348
DACT2	SRR1782940	17.04542351270022
DACT2	SRR1782941	16.12681474818775
DACT2	SRR1782942	39.15705229827741
DACT2	SRR1782943	5.023595090474828
DACT2	SRR1782944	15.019771026969517
DACT2	SRR1782945	35.18833820290822
DACT2	SRR1782946	10.021611084168653
DACT2	SRR1782947	54.115793396548966
DACT2	SRR1782948	30
DACT2	SRR1782949	24.060521926712504
DACT2	SRR1782950	16
DACT2	SRR1782951	37.12442579136718
DACT2	SRR1782952	8.909180605194278
DACT2	SRR1782953	33.0628989326946
DACT2	SRR1782954	2.2528330677331043
DACT2	SRR1782955	8.27403298549365
DACT2	SRR1782956	7.106988787526894
DACT2	SRR1782957	40.79143679783729
DACT2	SRR1782958	20.110961562737604
DACT2	SRR1782959	2.117183079014178
DACT2	SRR1782960	35
DACT2	SRR1782961	15.054839566330317
DACT2	SRR1782962	28.20814876038653
DACT2	SRR1782963	6.041876531129348
DACT2	SRR1782964	81.03384160446194
DACT2	SRR1782965	40.126068258043375
DACT2	SRR1782966	63
DACT2	SRR1782967	25.103316123820093
DACT2	SRR1782968	70.07559797277965
DACT2	SRR1782969	6.074620848590601
DACT2	SRR1782970	11.141100102237054
DACT2	SRR1782971	31.53104381186971
DACT2	SRR1782972	48.27500568558172
DACT2	SRR1782973	13.672697892923178
DACT2	SRR1782974	152
DACT2	SRR1782975	1.0401318016702708
DACT2	SRR1782976	16.15917253580251
DACT2	SRR1782977	10.00359860831218
DACT2	SRR1782978	34.5770286975472
DACT2	SRR1782979	6.051214923329907
DACT2	SRR1782980	31.05529840141128
DACT2	SRR1782981	42.52518134052571
DACT2	SRR1782982	53.310875772960095
DACT2	SRR1782983	98.09851241832999
DACT2	SRR1782984	23.008276799118015
DACT2	SRR1782985	4.027470346860163
DACT2	SRR1782986	92.28179122447172
DACT2	SRR1782987	20.025813754729487
DACT2	SRR1782988	37
DACT2	SRR1782989	13.567320273972845
DACT2	SRR1782990	38.531074273036005
DACT2	SRR1782991	96.40393159195469
DACT2	SRR1782992	3.0073406910592437
DACT2	SRR1782993	29.622026708363364
DACT2	SRR1782994	35
DACT2	SRR1782995	20.169826997724677
DACT2	SRR1782996	28
DACT2	SRR1782997	16.072343380560003
DACT2	SRR1782998	51.189213053758195
DACT2	SRR1782999	6.132533916117156
DACT2	SRR1783000	12.047502635985001
DACT2	SRR1783001	6.10157335783934
DACT2	SRR1783002	26.432676825295268
DACT2	SRR1783003	107
DACT2	SRR1783004	42.19442222320684
DACT2	SRR1783005	16.26066937608984
DACT2	SRR1783006	25.608791811318465
DACT2	SRR1813867	2.102157324019365
DACT2	SRR1813868	7.140119400809623
DACT2	SRR1813869	9.0952757827896
DACT2	SRR1813870	16.3911604044757
DACT2	SRR1813871	5.080043481197301
DACT2	SRR1813872	11.745793929989532
DACT2	SRR1813873	24.973291750812283
DACT2	SRR1813874	11.119941760214868
DACT2	SRR1813875	4
DACT2	SRR1813876	42.22657699984901
DACT2	SRR1813877	14.132857672733826
DACT2	SRR1813878	5.0035992558112685
DACT2	SRR1813879	6
DACT2	SRR1813880	23
DACT2	SRR1813881	6.1275749617225435
DACT2	SRR1813882	13.748541185864989
DACT2	SRR1813883	25.022078244290412
DACT2	SRR1813884	2.0274160567105386
DACT2	SRR1813885	13
DACT2	SRR1813886	9.011340716156209
DACT2	SRR1813887	12.134022724403582
DACT2	SRR1928188	38.31068094648305
DACT2	SRR1928189	383.78030036559306
DACT2	SRR1928190	72.63063318457105
DACT2	SRR1928191	4.0449857960016
DACT2	SRR1928192	15.192105775364888
DACT2	SRR1928193	2.030430427238611
DACT2	SRR2046996	1.008539072196977
DACT2	SRR2046997	1.0109890563544852
DACT2	SRR2046998	1.0200140719986568
DACT2	SRR2046999	1.0076015069974786
DACT2	SRR2047000	1.0105504932171951
DACT2	SRR2047001	1.009303362382281
DACT2	SRR2047002	1.0186478082828578
DACT2	SRR2047003	1.023518185444259
DACT2	SRR2047004	1.007825499021943
DACT2	SRR2047005	1.008036115163524
DACT2	SRR2047006	1.0150270823281453
DACT2	SRR2047007	1.0260812180778769
DACT2	SRR2047008	1.0124150282865771
DACT2	SRR2047009	1.0183672447201313
DACT2	SRR2313973	4.051958635902901
DACT2	SRR2313974	3.0228748254794535
DACT2	SRR2313975	2.020888901769737
DACT2	SRR2313976	9.134219345872314
DACT2	SRR2313977	1.0087617511326181
DACT2	SRR2313978	2.054271812685411
DACT2	SRR2313979	2.0210392039866694
DACT2	SRR2313980	40.23572345809916
DACT2	SRR2313981	9.032403054404448
DACT2	SRR2313982	6.080219427316055
DACT2	SRR2313983	6.102508307836983
DACT2	SRR2313984	2.0109460045187943
DACT2	SRR2313985	3.058668218266419
DACT2	SRR2313986	2.0125101359493724
DACT2	SRR2313987	4.013502259171444
DACT2	SRR2313988	1.0091419637279229
DACT2	SRR2313989	24.25938658097225
DACT2	SRR2313990	2.0316303760646286
DACT2	SRR2313991	2.0337030839210968
DACT2	SRR2313992	1.015373075829736
DACT2	SRR2313993	2.0210118674257767
DACT2	SRR2313994	2.044318467419315
DACT2	SRR2313995	29.12419546219012
DACT2	SRR2313996	2.009076574722882
DACT2	SRR2313997	1.0122808125437386
DACT2	SRR2313998	8.19879439528242
DACT2	SRR2313999	3.0282883422704625
DACT2	SRR2314000	1.0087270870616352
DACT2	SRR2314001	4.056469898773821
DACT2	SRR2314002	3.032679258167967
DACT2	SRR2314003	6.132208734072264
DACT2	SRR2314004	3.024003966545441
DACT2	SRR2314005	4.0382877710577585
DACT2	SRR2314006	45.86561127644708
DACT2	SRR2314007	2.0121210249457455
DACT2	SRR2314008	3.0039542053939035
DACT2	SRR2314009	2.016585512011412
DACT2	SRR2314010	2.0132728614771214
DACT2	SRR2314011	2.0143827606467353
DACT2	SRR2314012	13.096367597522613
DACT2	SRR2314013	7.084045511070011
DACT2	SRR2314014	2.0233041709417194
DACT2	SRR2314015	4.0313089130867485
DACT2	SRR2314016	2.0065334937187993
DACT2	SRR2314017	3.0595215440221906
DACT2	SRR2314018	3.11348942274663
DACT2	SRR2314019	8.027037327164814
DACT2	SRR2314020	6.100235796932704
DACT2	SRR2314021	1.0050805771159577
DACT2	SRR2314022	1.012335005482347
DACT2	SRR2314023	1.009930139320552
DACT2	SRR2314024	23.305981844498046
DACT2	SRR2314025	13.06501856913148
DACT2	SRR2314026	11.250190142391487
DACT2	SRR2314027	12.090976572565946
DACT2	SRR2314028	9.025942637299721
DACT2	SRR2314029	7.016389880234475
DACT2	SRR2314030	20.095544146285413
DACT2	SRR2314031	6.105994607527899
DACT2	SRR2314032	6.106906476899321
DACT2	SRR2314033	19.468713578739564
DACT2	SRR2314034	7.208574307046688
DACT2	SRR2314035	1.0473841672111144
DACT2	SRR2314036	4.0701234243541355
DACT2	SRR2314037	2.0278356743201864
DACT2	SRR2314038	1.0058040855375532
DACT2	SRR2314039	3.0337393470012004
DACT2	SRR2314040	5.198080375249118
DACT2	SRR2314041	4.030571939182954
DACT2	SRR2314042	2.008163787729049
DACT2	SRR2314043	5.046203929830301
DACT2	SRR2314044	9.038302364036511
DACT2	SRR2314045	1.0076154311147274
DACT2	SRR3493774	8
DACT2	SRR3493775	5
DACT2	SRR3493776	4.643903468400386
DACT2	SRR3493777	7.005038958135776
DACT2	SRR3493778	8
DACT2	SRR3493779	11.039314620912725
DACT2	SRR3493780	1.0498945968332396
DACT2	SRR3493781	17
DACT2	SRR3493782	16.136559200100017
DACT2	SRR3493783	10.027540149727638
DACT2	SRR3493784	4.083239431793842
DACT2	SRR3493785	9.008099054142892
DACT2	SRR3493786	6.244368376356028
DACT2	SRR3493787	18
DACT2	SRR3493788	24
DACT2	SRR3493789	3.0548367002394525
DACT2	SRR3493790	16
DACT2	SRR3493791	7.010295839264269
DACT2	SRR3493792	12.008638213947044
DACT2	SRR3493793	8.078555544843395
DACT2	SRR3493794	8.025058295854857
DACT2	SRR3493795	6.022308455730809
DACT2	SRR3493796	4.033537431454667
DACT2	SRR3493797	12
DACT2	SRR3493798	6.067132547816712
DACT2	SRR3493799	18
DACT2	SRR3493800	15.10878997816186
DACT2	SRR3493801	5.046070844211942
DACT2	SRR3493802	11
DACT2	SRR3493803	16
DACT2	SRR3493804	8.00575880929803
DACT2	SRR3493805	8.01919570384091
DACT2	SRR3493806	24
DACT2	SRR3493807	7
DACT2	SRR3493808	3.006258856248378
DACT2	SRR3493809	8.027037327164814
DACT2	SRR3493810	10
DACT2	SRR3493811	5
DACT2	SRR3493812	17.012237469758315
DACT2	SRR3493813	8.015248226107783
DACT2	SRR3493814	4
DACT2	SRR3493815	21.581332057496965
DACT2	SRR3493816	23
DACT2	SRR3493817	11.032044903180036
DACT2	SRR3493818	4.014350523861081
DACT2	SRR3493819	6
DACT2	SRR3493820	1.1220654621967874
DACT2	SRR3493821	6.070222262946593
DACT2	SRR3493822	27
DACT2	SRR3493823	12.612690014647077
DACT2	SRR3493824	20.30452994893789
DACT2	SRR3493825	10.013180684646345
DACT2	SRR3493826	7.005038958135776
DACT2	SRR3493827	3
DACT2	SRR3493828	7
DACT2	SRR3493829	13.031193018741481
DACT2	SRR3493830	24.84965383754214
DACT2	SRR3493831	14.063685025040902
DACT2	SRR3493832	17.003058541927743
DACT2	SRR3493833	6.4220504884642144
DACT2	SRR3493834	11
DACT2	SRR3493835	1.005268691618604
DACT2	SRR3493836	22
DACT2	SRR3493837	3.0023334262984633
DACT2	SRR3493838	19
DACT2	SRR3493839	13.108426095945548
DACT2	SRR3493840	4.078336887330612
DACT2	SRR3493841	50.10958720622789
DACT2	SRR3493846	6.137051771291822
DACT2	SRR3493847	4.146804022949942
DACT2	SRR3493848	11.003958469143397
DACT2	SRR3493849	11.784427046025225
DACT2	SRR3493850	38
DACT2	SRR3714631	15
DACT2	SRR3714632	4.022492638480282
DACT2	SRR3714633	13.150865044188903
DACT2	SRR3714634	21.140095424626764
DACT2	SRR3714635	99
DACT2	SRR3714636	7
DACT2	SRR3714637	3
DACT2	SRR3714638	26
DACT2	SRR3714639	16.241843391812377
DACT2	SRR3714640	102.64454237134954
DACT2	SRR3714641	127.9866969498468
DACT2	SRR3714642	32.41930222461518
DACT2	SRR3714643	27.63722976256078
DACT2	SRR3714644	3.731355645794001
DACT2	SRR3714645	128.83859515411729
DACT2	SRR3714646	161.0579375938261
DACT2	SRR3714648	63.57806772728419
DACT2	SRR3714649	4.848678662697784
DACT2	SRR3714650	9.061975884327628
DACT2	SRR3714651	5.722903009134572
DACT2	SRR3714652	153.3781367831327
DACT2	SRR3714653	148
DACT2	SRR3714654	19
DACT2	SRR3714655	121.09080358015837
DACT2	SRR3714656	53.54418035333545
DACT2	SRR3714657	133.81373453890276
DACT2	SRR3714658	41.556919983586184
DACT2	SRR3714659	31.432101421911984
DACT2	SRR3714660	29
DACT2	SRR3714661	5
DACT2	SRR3714662	3.0330527249390333
DACT2	SRR3714663	93.06979118144403
DACT2	SRR3714664	54.115579471050275
DACT2	SRR3714665	107
DACT2	SRR3714666	6
DACT2	SRR3714667	3.108616902831736
DACT2	SRR3714668	260
DACT2	SRR3714669	0.7957681428246756
DACT2	SRR3714670	133.77910199642199
DACT2	SRR3714671	150.18901193593683
DACT2	SRR3714672	28.076905470807546
DACT2	SRR3714673	150.79011625367258
DACT2	SRR3714674	22.942690075884453
DACT2	SRR3714675	15.077893122897382
DACT2	SRR3714676	2
DACT2	SRR3714677	146.34631969150783
DACT2	SRR3714678	62.014575939137416
DACT2	SRR3714679	210.34028271005664
DACT2	SRR3714680	56.09664499800553
DACT2	SRR3714681	64.22785204330472
DACT2	SRR3714682	55.384011354098384
DACT2	SRR3714683	348.72602732481187
DACT2	SRR3714684	29.38843600539393
DACT2	SRR3714685	59.103629130247064
DACT2	SRR3714686	50.309769258495
DACT2	SRR3714688	49.36576937851041
DACT2	SRR3714689	8.50764104242147
DACT2	SRR3714690	44.687791773960065
DACT2	SRR3714691	165
DACT2	SRR3714692	109.80177940124797
DACT2	SRR3714693	130.4680080949427
DACT2	SRR3714694	66.99601098409559
DACT2	SRR3714695	252.57240243470457
DACT2	SRR3714696	132
DACT2	SRR3714697	3.027629804334778
DACT2	SRR3714698	1.0132132716489703
DACT2	SRR3714699	25.816795860877857
DACT2	SRR3714700	55.65999435151456
DACT2	SRR3714701	78.01842792924202
DACT2	SRR3714702	40.041274168103484
DACT2	SRR3714703	124.13183715839398
DACT2	SRR3714704	98.22878796512737
DACT2	SRR3714705	82.49821565683746
DACT2	SRR3714706	16.56136116440377
DACT2	SRR3714707	15.010797767433806
DACT2	SRR3714708	1.0232664352046819
DACT2	SRR3714709	4.505480665676724
DACT2	SRR3714710	113.79855940668592
DACT2	SRR3714711	47.44304033630874
DACT2	SRR3714712	282
DACT2	SRR3714713	25
DACT2	SRR3714714	17
DACT2	SRR3714715	19.091670323528966
DACT2	SRR3714716	162
DACT2	SRR3714717	1
DACT2	SRR3714718	2
DACT2	SRR3714719	96.71171933209446
DACT2	SRR3714720	16.454755409772588
DACT2	SRR3714721	37.48445365213354
DACT2	SRR3714723	27.02884524913677
DACT2	SRR3714724	1.0029438317144064
DACT2	SRR3714725	5.062143611948857
DACT2	SRR3714726	49.82535431653742
DACT2	SRR3714727	10.528294590323279
DACT2	SRR3714728	101.83619090240173
DACT2	SRR3714729	8.209813321605074
DACT2	SRR3714730	51.8451438306212
DACT2	SRR3714731	11.001979056541481
DACT2	SRR3714732	6.000390227300383
DACT2	SRR3714734	11.282596760189199
DACT2	SRR3714735	2.7345035618269433
DACT2	SRR3714736	158.75658349529698
DACT2	SRR3714737	7
DACT2	SRR3714738	61.33643719047817
DACT2	SRR3714739	163.22643387689243
DACT2	SRR3714740	202.4324384422481
DACT2	SRR3714741	125.13499637996367
DACT2	SRR3714744	46.0111774915503
DACT2	SRR3714745	45.78985545951804
DACT2	SRR3714746	7.059848303085053
DACT2	SRR3714747	37.80188758200912
DACT2	SRR3714748	6.386731788286283
DACT2	SRR3714749	4.08352762531946
DACT2	SRR3714750	20.275981732418728
DACT2	SRR3714751	11.011879681436803
DACT2	SRR3714752	74
DACT2	SRR3714753	5.039532049355326
DACT2	SRR3714754	196
DACT2	SRR3714755	34.16978202626781
DACT2	SRR3714756	15.325202682671753
DACT2	SRR3714757	4.3953983846943565
DACT2	SRR3714758	286.26717882049996
DACT2	SRR3714759	45.590843641261834
DACT2	SRR3714760	50.04499474523829
DACT2	SRR3714761	6.002159164987308
DACT2	SRR3714762	170.9353796537319
DACT2	SRR3714764	4
DACT2	SRR3714765	172.50421376001958
DACT2	SRR3714766	139
DACT2	SRR3714767	85.04923784855495
DACT2	SRR3714768	23
DACT2	SRR5176628	29.2011510657647
DACT2	SRR5176629	39.224999912235965
DACT2	SRR5176630	74.16772654997085
DACT2	SRR5176631	21.20564673241336
DACT2	SRR5176632	87.24813723786004
DACT2	SRR5176633	89.5810022151999
DACT2	SRR5176634	9.35848669682076
DACT2	SRR5176635	4.024770722206136
DACT2	SRR5176636	8.210206009122066
DACT2	SRR5176637	41.18656072530602
DACT2	SRR5176638	20.20861853765187
DACT2	SRR5176639	39
DACT2	SRR5176640	11.48617736048879
DACT2	SRR5176641	12.178373848526208
DACT2	SRR5176642	10.01906028263473
DACT2	SRR5176643	33.05695151668183
DACT2	SRR5176644	42.00755639770384
DACT2	SRR5176645	38.43574197922951
DACT2	SRR5176646	31.578813194136586
DACT2	SRR5176647	70.4103636319671
DACT2	SRR5176648	4.011285985055188
DACT2	SRR5176649	8.054401024324742
DACT2	SRR5176650	11.265116437731548
DACT2	SRR5176651	7.111293411994715
DACT2	SRR5176652	7.039022951042045
DACT2	SRR5176653	51.1378078586536
DACT2	SRR5176654	21.1714233715098
DACT2	SRR5176655	18.022681432312417
DACT2	SRR5176656	21.402205814622537
DACT2	SRR5176657	7.562353393918385
DACT2	SRR5176658	19.03136924767743
DACT2	SRR5176659	30.064833252505956
DACT2	SRR5176660	3.003451880679026
DACT2	SRR5176661	29.160894265969524
DACT2	SRR5176662	129.10444650106317
DACT2	SRR5176663	48.30889146456831
DACT2	SRR5176664	30
DACT2	SRR5176665	13.116170086010296
DACT2	SRR5176666	25.096926574601174
DACT2	SRR5176667	2.157422865304927
DACT2	SRR5176668	35.15192681309273
DACT2	SRR5176669	38.36418236122576
DACT2	SRR5176670	39.254436031440456
DACT2	SRR5176671	31.055818588231507
DACT2	SRR5176672	7.039022951042045
DACT2	SRR5176673	16.076638892653715
DACT2	SRR5176674	92.21540985451024
DACT2	SRR5176675	107.4535001349659
DACT2	SRR5176676	24.441719114863762
DACT2	SRR5176677	11.015842425612234
DACT2	SRR5176678	5.111733651489567
DACT2	SRR5176679	21.189975750517785
DACT2	SRR5176680	34.09650199141832
DACT2	SRR5176681	47.05219696377865
DACT2	SRR5176682	15.149205839912867
DACT2	SRR5176683	21.096049375970598
DACT2	SRR5176684	27.0717633388775
DACT2	SRR5176685	77.23008044740509
DACT2	SRR5176686	8.034860713104786
DACT2	SRR5176687	26.117642199589483
DACT2	SRR5176688	2.026562827039063
DACT2	SRR5176689	4.030012800551599
DACT2	SRR5176690	25.638513071290305
DACT2	SRR5176691	59.05489903139907
DACT2	SRR5176692	10.097847940414933
DACT2	SRR5176693	41.30296795101437
DACT2	SRR5176694	39
DACT2	SRR5176695	35.50244133946326
DACT2	SRR5176696	2.2557863881051508
DACT2	SRR5176697	54.46168383429644
DACT2	SRR5176698	2.3296475672887755
DACT2	SRR5176699	7.175105086290344
DACT2	SRR5176700	4.356057680806123
DACT2	SRR5176701	20.68412952376626
DACT2	SRR5176702	27
DACT2	SRR5176703	9.203225892331666
DACT2	SRR5176704	47.205306820445244
DACT2	SRR5176705	48.10292746359908
DACT2	SRR5176706	4.109071562653313
DACT2	SRR5176707	13.255514417145342
DACT2	SRR5176708	15.148230831005812
DACT2	SRR5176709	19.0913505369083
DACT2	SRR5176710	55
DACT2	SRR5176711	34.06480496095808
DACT2	SRR5176712	28.358780310768363
DACT2	SRR5176713	16.141127519456514
DACT2	SRR5176714	2.1205295308183567
DACT2	SRR5176715	36.045362864624835
DACT2	SRR5176716	23.045559269512953
DACT2	SRR5176717	42.27547312728797
DACT2	SRR5176718	8.070452233571965
DACT2	SRR5176719	12.028096937544815
DACT2	SRR5176720	37
DACT2	SRR5176721	35
DACT2	SRR5176722	20.39668353442662
DACT2	SRR5176723	20.19222707706982
DACT2	SRR5176724	3.016317957226665
DACT2	SRR5176725	25.307408960509605
DACT2	SRR5176726	19
DACT2	SRR5176727	32.020644344581044
DACT2	SRR5176728	8.197999844803912
DACT2	SRR5176729	32.061972997550605
DACT2	SRR5176730	26.170092625598787
DACT2	SRR5176731	39.18111616054242
DACT2	SRR5176732	35
DACT2	SRR5176733	33.074796974987
DACT2	SRR5176734	3.243077759030764
DACT2	SRR5176735	22.05151105216549
DACT2	SRR5176736	28.054993527845294
DACT2	SRR5176737	16.046780780752652
DACT2	SRR5176738	11.12166445995494
DACT2	SRR5176739	9.07149573108419
DACT2	SRR5176740	7.029143386507657
DACT2	SRR5176741	6.245904090388505
DACT2	SRR5176742	5.052855172096325
DACT2	SRR5176743	23.272515216968547
DACT2	SRR5176744	5.067095995000554
DACT2	SRR5176745	75.68793879443557
DACT2	SRR5176746	54.12239504997873
DACT2	SRR5176747	28
DACT2	SRR5176748	98.12348779814539
DACT2	SRR5176749	22.360096382393596
DACT2	SRR5176750	56.908601714854846
DACT2	SRR5176751	17.061797060903242
DACT2	SRR5176752	96.43567558669832
DACT2	SRR5176753	37.09720830484833
DACT2	SRR5176754	12.063136864981518
DACT2	SRR5176755	23.012416315545966
DACT2	SRR5176756	39.096480202872286
DACT2	SRR5176757	5.2788322178565785
DACT2	SRR5176758	17.193008624164396
DACT2	SRR5176759	18.4933175044644
DACT2	SRR5176760	1.0058081328268176
DACT2	SRR5176761	11.064336055445272
DACT2	SRR5176762	6.446296836777937
DACT2	SRR5176763	8.061167507420086
DACT2	SRR5176764	34.02447493951663
DACT2	SRR5176765	16.027612856573008
DACT2	SRR5176766	17.04825099570916
DACT2	SRR5176767	11.011057516343161
DACT2	SRR5176768	74.10928987104226
DACT2	SRR5176769	4.011813193326906
DACT2	SRR5176770	21.049169640703425
DACT2	SRR5176771	78.19085796754034
DACT2	SRR5176772	6.037631538537774
DACT2	SRR5176773	6.0450174302891035
DACT2	SRR5176774	20.123870981569272
DACT2	SRR5176775	4.038376588402635
DACT2	SRR5176776	28.23172427716735
DACT2	SRR5176777	19.19009979137157
DACT2	SRR5176778	33.19007126564952
DACT2	SRR5176779	7.036209283587179
DACT2	SRR5176780	53.16324230720343
DACT2	SRR5176781	112.71431609659312
DACT2	SRR5176782	8.065798262682573
DACT2	SRR5176783	13.120928542205982
DACT2	SRR5176784	3.0121633126812806
DACT2	SRR5176785	31.054742321725644
DACT2	SRR5176786	19
DACT2	SRR5176787	4.030706967218003
DACT2	SRR5176788	6.1605569507439775
DACT2	SRR5176789	11.15557250476063
DACT2	SRR5176790	23.21680923696874
DACT2	SRR5176791	22.193436949631305
DACT2	SRR5176792	75
DACT2	SRR5176793	8.073603272849303
DACT2	SRR5176794	4.018030319691804
DACT2	SRR5176795	51.21458865822593
DACT2	SRR5176796	9.203815011945736
DACT2	SRR5176797	9.062966601927075
DACT2	SRR5176798	42.22156248216245
DACT2	SRR5176799	75
DACT2	SRR5176800	14.111883331404973
DACT2	SRR5176801	15.261611414892556
DACT2	SRR5176802	1.0141792452851672
DACT2	SRR5176803	8.032815599314228
DACT2	SRR5176804	22.469493957814787
DACT2	SRR5176805	20.077476527457797
DACT2	SRR5176806	10.297753975963017
DACT2	SRR5176807	26.018716130218596
DACT2	SRR5176808	24.008636659949232
DACT2	SRR5176809	15.021603307653049
DACT2	SRR5176810	16
DACT2	SRR5176811	21
DACT2	SRR5176812	14.01511959455593
DACT2	SRR5176813	18.0213358292005
DACT2	SRR5176814	45
DACT2	SRR5176815	12.16938530684613
DACT2	SRR5176816	26.37490914813632
DACT2	SRR5176817	54.283640160196825
DACT2	SRR5176818	10.025523936786383
DACT2	SRR5176819	13.688655203446322
DACT2	SRR5176820	6.134044421163882
DACT2	SRR5176821	20.186742221041378
DACT2	SRR5176822	12.353594123582178
DACT2	SRR5176823	12.045218287946163
DACT2	SRR5176824	18.10177022090581
DACT2	SRR5176825	31.034427784619957
DACT2	SRR5176826	14.11629365545524
DACT2	SRR5176827	23.086960731316946
DACT2	SRR5176828	18.07138078790816
DACT2	SRR5176829	24.065586410919074
DACT2	SRR5176830	10.005398398063464
DACT2	SRR5176831	15.077272729958265
DACT2	SRR5176832	15.151611234800043
DACT2	SRR5176833	18.10422865870464
DACT2	SRR5176834	4.015685320720523
DACT2	SRR5176835	10.03600339378272
DACT2	SRR5176836	81.07289148728603
DACT2	SRR5176837	1.0510102572536424
DACT2	SRR5176838	10.249700253664653
DACT2	SRR5176839	9.366896839403722
DACT2	SRR5176840	32.01727487380308
DACT2	SRR5176841	15.211446112620486
DACT2	SRR5176842	17.10652792776845
DACT2	SRR5176843	31.24056094820383
DACT2	SRR5176844	49.14274547780199
DACT2	SRR5176845	21.30832942041083
DACT2	SRR5176846	77.34449253920633
DACT2	SRR5176847	6.123202906549848
DACT2	SRR5176848	98.84428800350283
DACT2	SRR5176849	34.66351861757947
DACT2	SRR5176850	30.411652198434272
DACT2	SRR5176851	98.10583716189151
DACT2	SRR5176852	40.890804031618
DACT2	SRR5176853	89.22294096359069
DACT2	SRR5176854	36.642159144397645
DACT2	SRR5176855	10.02277193929628
DACT2	SRR5176856	21.33960037211291
DACT2	SRR5176857	11.039162069943
DACT2	SRR5176858	2.013808478221853
DACT2	SRR5176859	19.033892568606916
DACT2	SRR5176860	30
DACT2	SRR5176861	19.037635918293308
DACT2	SRR5176862	35.20780825799398
DACT2	SRR5176863	53.13276259629558
DACT2	SRR5176864	3.0146905072870167
DACT2	SRR5176865	25.047650706586822
DACT2	SRR5176866	37
DACT2	SRR5176867	27.114690542061776
DACT2	SRR5176868	23.810607950794406
DACT2	SRR5176869	4.009787588078992
DACT2	SRR5176870	26.117557993410006
DACT2	SRR5176871	22.07563110599223
DACT2	SRR5176872	16.313243097746295
DACT2	SRR5861974	11.145751562461193
DACT2	SRR5861975	28.261050358953078
DACT2	SRR5861976	6.24148419417904
DACT2	SRR5861977	97
DACT2	SRR5861978	54.26277033762832
DACT2	SRR5861979	3.028782441301976
DACT2	SRR5861980	103
DACT2	SRR5861981	22.442513669247337
DACT2	SRR5861982	14.808722119217622
DACT2	SRR5861983	32.05328220165739
DACT2	SRR5861984	21.173536782040653
DACT2	SRR5861985	16.27756513180259
DACT2	SRR5861986	30.059898104720276
DACT2	SRR5861987	26.336644591631387
DACT2	SRR5861988	6.106671665492605
DACT2	SRR5861989	12.150462408770114
DACT2	SRR5861990	10.030461467276643
DACT2	SRR5861991	28
DACT2	SRR5861992	37
DACT2	SRR5861993	51.193444060654294
DACT2	SRR5861994	41
DACT2	SRR5861995	21.185298173041147
DACT2	SRR5861996	96.40557462705719
DACT2	SRR5861997	18.46598755591936
DACT2	SRR5861998	20.11538457037742
DACT2	SRR5861999	8.216363811628044
DACT2	SRR5862000	34.01223526826141
DACT2	SRR5862001	45
DACT2	SRR5862002	98.10583716189151
DACT2	SRR5862003	24.059688088319557
DACT2	SRR5862004	74.41670813225834
DACT2	SRR5862005	18.095301058107616
DACT2	SRR5862006	18.068056224508915
DACT2	SRR5862007	20.171671896813027
DACT2	SRR5862008	27.108641112640214
DACT2	SRR5862009	20.071393212232817
DACT2	SRR5862010	13.671330303311047
DACT2	SRR5862011	38.33672888426767
DACT2	SRR5862012	6.042347142473601
DACT2	SRR5862013	9.188766967117758
DACT2	SRR5862014	34.16706471629862
DACT2	SRR5862015	55
DACT2	SRR5862016	35.146564690618234
DACT2	SRR5862017	22.182440632125534
DACT2	SRR5862018	6.024102885364204
DACT2	SRR5862019	4.032636347008102
DACT2	SRR5862020	61.218845488881485
DACT2	SRR5862021	89.54107059986818
DACT2	SRR5862022	42.20362121291971
DACT2	SRR5862023	28.21322380777992
DACT2	SRR5862024	4.010931068486513
DACT2	SRR5862025	16
DACT2	SRR5862026	13.102798476110308
DACT2	SRR5862027	81.04372702431405
DACT2	SRR5862028	2.25362426246202
DACT2	SRR5862029	40.83058188363302
DACT2	SRR5862030	53.14880483484815
DACT2	SRR5862031	4.028285914880363
DACT2	SRR5862032	6.442710162659377
DACT2	SRR5862033	31.04791394804673
DACT2	SRR5862034	2.4919671700820345
DACT2	SRR5862035	9.05970636846273
DACT2	SRR5862036	20.35725256155146
DACT2	SRR5862037	5.273742148214213
DACT2	SRR5862038	3.2389930329344727
DACT2	SRR5862039	23.0396934813237
DACT2	SRR5862040	48.31482643118625
DACT2	SRR5862041	58.32000571016262
DACT2	SRR5862042	23.204839510200813
DACT2	SRR5862043	26
DACT2	SRR5862044	16.022488235601173
DACT2	SRR5862045	26.110444984793858
DACT2	SRR5862046	20.161732229831742
DACT2	SRR5862047	15.133739219921242
DACT2	SRR5862048	3.742969625909987
DACT2	SRR5862049	22.34335340638132
DACT2	SRR5862050	29.09801031097245
DACT2	SRR5862051	29.139917862228423
DACT2	SRR5862052	22.07600088032835
DACT2	SRR5862053	77.20574179281864
DACT2	SRR5862054	12.321073457826126
DACT2	SRR5862055	25.581331365636828
DACT2	SRR5862056	20.660358386971435
DACT2	SRR5862057	8.062703248930902
DACT2	SRR5862058	22.050538706490244
DACT2	SRR5862059	11.310706780314081
DACT2	SRR5862060	11.104062654857577
DACT2	SRR5862061	12.042888677359334
DACT2	SRR5862062	26.014035834965007
DACT2	SRR5862063	12.149148227066647
DACT2	SRR5862064	29.056163029030234
DACT2	SRR5862065	37.09330463701511
DACT2	SRR5862066	10.091191747737602
DACT2	SRR5862067	2.4692109479041346
DACT2	SRR5862068	36.17209608616935
DACT2	SRR5862069	12.025933301002382
DACT2	SRR5862070	21.28387744416897
DACT2	SRR5862071	3.7578090686958547
DACT2	SRR5862072	1.2641489791098965
DACT2	SRR5862073	28.052396577390322
DACT2	SRR5862074	7.035620228973312
DACT2	SRR5862075	4.0275448374789455
DACT2	SRR5862076	2.4822062893147887
DACT2	SRR5862077	3.011805610322259
DACT2	SRR5862078	2.1557714752265578
DACT2	SRR5862079	23.239410153514942
DACT2	SRR5862080	19.354262663161858
DACT2	SRR5862081	19.03279026718045
DACT2	SRR5862082	7.026709826294809
DACT2	SRR5862083	21
DACT2	SRR5862084	14.097948047442118
DACT2	SRR5862085	39
DACT2	SRR5862086	8.200734061788332
DACT2	SRR5862087	5.060941397454741
DACT2	SRR5862088	20.192205921143604
DACT2	SRR5862089	2.0248379516398902
DACT2	SRR5862090	31.053499909610206
DACT2	SRR5862091	20.28255972838903
DACT2	SRR5862092	6.12529561844834
DACT2	SRR5862093	24.004317941545047
DACT2	SRR5862094	12.06006643371446
DACT2	SRR5862095	4.350676236702252
DACT2	SRR5862096	21.046026626615717
DACT2	SRR5862097	35.1889276195521
DACT2	SRR5862098	114.41725653764775
DACT2	SRR5862099	11.250843424580387
DACT2	SRR5862100	34.090368648956854
DACT2	SRR5862101	2.117509616211929
DACT2	SRR5862102	6.035377977443853
DACT2	SRR5862103	8.188942580657615
DACT2	SRR5862104	21.087629200212263
DACT2	SRR5862105	28.31522500715801
DACT2	SRR5862106	77.3297603651255
DACT2	SRR5862107	19
DACT2	SRR5862108	41.28502733907082
DACT2	SRR5862109	10.018005996203712
DACT2	SRR5862110	16.12870144663307
DACT2	SRR5862111	15.227470776520494
DACT2	SRR5862112	8.030433978646725
DACT2	SRR5862113	15.1328139963252
DACT2	SRR5862114	7.033033126664758
DACT2	SRR5862115	8.054767413678135
DACT2	SRR5862116	4.103246412186959
DACT2	SRR5862117	50.1652375957676
DACT2	SRR5862118	13.109411504539509
DACT2	SRR5862119	39.16224403242514
DACT2	SRR5862120	11.010389914842662
DACT2	SRR5862121	19.027945849431585
DACT2	SRR5862122	54.112659412470805
DACT2	SRR5862123	53.12175233836285
DACT2	SRR5862124	11.035190936959777
DACT2	SRR5862125	39
DACT2	SRR5862126	31.027896742047737
DACT2	SRR5862127	8.030391003982434
DACT2	SRR5862128	80.29680479020894
DACT2	SRR5862129	7.551805109700865
DACT2	SRR5862130	13.080681776372103
DACT2	SRR5862131	78.17679284996927
DACT2	SRR5862132	18.016198108285785
DACT2	SRR5862133	14.0134100811049
DACT2	SRR5862134	10.002851723145936
DACT2	SRR5862135	1.0128135825274416
DACT2	SRR5862136	32.01151554659898
DACT2	SRR5862137	10.021611084168653
DACT2	SRR5862138	25.0445954850091
DACT2	SRR5862139	15.020481769982156
DACT2	SRR5862140	2.006609503830704
DACT2	SRR5862141	32.14184261538497
DACT2	SRR5862142	17.045935952884534
DACT2	SRR5862143	23.008276799118015
DACT2	SRR5862144	8.04618671524198
DACT2	SRR5862145	22.072704542137746
DACT2	SRR5862146	12.16332753772439
DACT2	SRR5862147	14.102785120293232
DACT2	SRR5862148	35
DACT2	SRR5862149	4.023038941290851
DACT2	SRR5862150	30.07340691059244
DACT2	SRR5862151	35.43717178770544
DACT2	SRR5862152	13.321128164989787
DACT2	SRR5862153	9.186756662135968
DACT2	SRR5862154	35
DACT2	SRR5862155	29.18340565068119
DACT2	SRR5862156	54.37021867479081
DACT2	SRR5862157	32.83459897849206
DACT2	SRR5862158	32.01727487380308
DACT2	SRR5862159	42.24919990160052
DACT2	SRR5862160	9.344394460527088
DACT2	SRR5862161	16.04372427394605
DACT2	SRR5862162	37.123410635601296
DACT2	SRR5862163	4.014118042549502
DACT2	SRR5862164	1.0501623844096677
DACT2	SRR5862165	26.112523429131603
DACT2	SRR5862166	4.017130408577947
DACT2	SRR5862167	33.068847418732155
DACT2	SRR5862168	33.05448343017658
DACT2	SRR5862169	3.011130179632835
DACT2	SRR5862170	18.20028487400592
DACT2	SRR5862171	48.08283856971903
DACT2	SRR5862172	34.059718481837294
DACT2	SRR5862173	6.1513222630906075
DACT2	SRR5862174	9.255824958526723
DACT2	SRR5862175	15.07324423819552
DACT2	SRR5862176	24.41552975398346
DACT2	SRR5862177	5.161359046421352
DACT2	SRR5862178	41.15238721590595
DACT2	SRR5862179	11.061854755820775
DACT2	SRR5862180	2.327482634872731
DACT2	SRR5862181	5.105961231609255
DACT2	SRR5862182	5.047056064457671
DACT2	SRR5862183	3.015016608428615
DACT2	SRR5862184	10.274397025883786
DACT2	SRR5862185	75
DACT2	SRR5862186	9.066076148759935
DACT2	SRR5862187	8.060565647362555
DACT2	SRR5862188	9.353609674031107
DACT2	SRR5862189	15.125569402911418
DACT2	SRR5862190	11.015019964653582
DACT2	SRR5862191	15.17998676653958
DACT2	SRR5862192	36.58293551586689
DACT2	SRR5862193	23.082515512201216
DACT2	SRR5862194	1.0053155170153698
DACT2	SRR5862195	8.050776468962498
DACT2	SRR5862196	37
DACT2	SRR5862197	30
DACT2	SRR5862198	1.1010895492315216
DACT2	SRR5862199	27.0668936195252
DACT2	SRR5862200	10.021917441245579
DACT2	SRR5862201	8.903440228147982
DACT2	SRR5862202	7.153294025358917
DACT2	SRR5862203	14.481033993182747
DACT2	SRR5862204	14
DACT2	SRR5862205	27
DACT2	SRR5862206	13.23552892144247
DACT2	SRR5862207	7.037260071239154
DACT2	SRR5862208	7.136401213525772
DACT2	SRR5862209	25.282379365358853
DACT2	SRR5862210	29
DACT2	SRR5862211	23.754782525881748
DACT2	SRR5862212	38.33747735900677
DACT2	SRR5862213	5.023510944956372
DACT2	SRR5862214	15.041451304570854
DACT2	SRR5862215	4.009488210726242
DACT2	SRR5862216	3.0109679132660636
DACT2	SRR5862217	2.0130027931829657
DACT2	SRR5862218	18.017687223939067
DACT2	SRR5862219	10.23350981956458
DACT2	SRR5862220	3.0134819788832083
DACT2	SRR5862221	30
DACT2	SRR5862222	17.05537371381984
DACT2	SRR5862223	11.476683259021968
DACT2	SRR5862224	8.063466329216501
DACT2	SRR5862225	4.0107248851614905
DACT2	SRR5862226	36.03887895742953
DACT2	SRR5862227	75
DACT2	SRR5862228	19.172357075257914
DACT2	SRR5862229	30.177298065123242
DACT2	SRR5862230	39.206808688451744
DACT2	SRR5862231	74.15438512079332
DACT2	SRR5862232	56.8475064478887
DACT2	SRR5862233	140.3868788426613
DACT2	SRR5862234	26.153325486596806
DACT2	SRR5862235	98.08818970066704
DACT2	SRR5862236	92.1972776385649
DACT2	SRR5862237	20.620309556312982
DACT2	SRR5862238	47.04229506052399
DACT2	SRR5862239	21.162058211791443
DACT2	SRR5862240	49.13390558895978
DACT2	SRR5862241	30.185903795060653
DACT2	SRR5862242	31.215508475882817
DACT2	SRR5862243	17.0955937135412
DACT2	SRR5862244	21.304063396054673
DACT2	SRR5862245	34.621398428044834
DACT2	SRR5862246	64.12198580886226
DACT2	SRR5862247	112.6324134249001
DACT2	SRR5862248	59.04247121857297
DACT2	SRR5862249	11.16683959925336
DACT2	SRR5862250	28.296413546456535
DACT2	SRR5862251	79.81622047951926
DACT2	SRR5862252	87.22205825004153
DACT2	SRR5862253	98.76271330708525
DACT2	SRR5862254	31.22197834528079
DACT2	SRR5862255	75.60295238958042
DACT2	SRR5862256	7.108495033106165
DACT2	SRR5862257	34.46783251614957
DACT2	SRR5862258	51.13017207761055
DACT2	SRR5862259	74.0013845499036
DACT2	SRR5862260	3.194349530677466
DACT2	SRR5862261	17.283366689701502
DACT2	SRR5862262	48.479596360996624
DACT2	SRR5862263	16.72808650806979
DACT2	SRR5862264	48.280071965268355
DACT2	SRR5862265	70.08820557010385
DACT2	SRR5862266	70.38385586128724
DACT2	SRR5862267	16.883886049815853
DACT2	SRR5862268	33.164168875899264
DACT2	SRR5862269	107.42251976434538
DACT2	SRR5862270	89.20172517496493
DACT2	SRR5862271	39.23272568919893
DACT2	SRR5862272	19.21419100603247
DACT2	SRR5862273	42.14509258971776
DACT2	SRR5862274	19.08733285615765
DACT2	SRR5862275	42.54568651592061
DACT2	SRR5862276	31.539296166535514
DACT2	SRR5862277	30.380582892613962
DACT2	SRR5949109	1.1498283651018633
DACT2	SRR5949110	1.148171272003916
DACT2	SRR5949111	1.1498283651018633
DACT2	SRR5949112	1.1499000124654937
DACT2	SRR5949113	1.1493287860193127
DACT2	SRR5949114	1.1499000124654937
DACT2	SRR5949115	1.1498283651018633
DACT2	SRR5949116	1.149801355279094
DACT2	SRR5949117	1.1499000124654937
DACT2	SRR5949118	1.149757132515299
DACT2	SRR5949119	1.1498700492655702
DACT2	SRR5949120	1.149752993629983
DACT2	SRR5949121	1.149727479151349
DACT2	SRR5949122	1.149659680044542
DACT2	SRR5949123	1.1495224477062624
DACT2	SRR5949124	1.1489713533334538
DACT2	SRR5949125	1.1493657120956842
DACT2	SRR5949126	1.1496653216499102
DACT2	SRR5949127	1.149752993629983
DACT2	SRR5949128	1.149752993629983
DACT2	SRR5949129	1.1498758641415114
DACT2	SRR5949130	1.1498041981068907
DACT2	SRR5949131	1.1496516232140812
DACT2	SRR5949132	1.1498283651018633
DACT2	SRR5949133	1.1496993836519698
DACT2	SRR5949134	1.1499000124654937
DACT2	SRR5949135	1.149801355279094
DACT2	SRR5949136	1.1498700492655702
DACT2	SRR5949137	1.1489979896611313
DACT2	SRR5949138	1.1496058907069004
DACT2	SRR5949139	1.1496653216499102
DACT2	SRR5949140	1.1498283651018633
DACT2	SRR5949141	1.1498758641415114
DACT2	SRR5949142	1.1498041981068907
DACT2	SRR5949143	1.1499000124654937
DACT2	SRR5949144	1.149757132515299
DACT2	SRR5949145	1.1497815594090803
DACT2	SRR5949146	1.149752993629983
DACT2	SRR5949147	1.149752993629983
DACT2	SRR5949148	1.1489471817569916
DACT2	SRR5949149	1.149757132515299
DACT2	SRR5949150	1.1498758641415114
DACT2	SRR5949151	1.1494823274298185
DACT2	SRR5949152	1.1476551316063306
DACT2	SRR5949153	1.149659680044542
DACT2	SRR5949154	1.1487635500794011
DACT2	SRR5949155	1.1497815594090803
DACT2	SRR5949156	1.1498758641415114
DACT2	SRR5949157	1.1498700492655702
DACT2	SRR5949158	1.1499000124654937
DACT2	SRR5949159	1.1489204896371397
DACT2	SRR5949160	1.1498283651018633
DACT2	SRR5949161	1.1498283651018633
DACT2	SRR5949162	1.1498283651018633
DACT2	SRR5949163	1.1498758641415114
DACT2	SRR5949164	1.1499000124654937
DACT2	SRR5949165	1.149801355279094
DACT2	SRR5949166	1.1498758641415114
DACT2	SRR5949167	1.149757132515299
DACT2	SRR5949168	1.1497815594090803
DACT2	SRR5949169	1.1447151303318799
DACT2	SRR5949170	1.1499000124654937
DACT2	SRR5949171	1.1496516232140812
DACT2	SRR5949172	1.1496058907069004
DACT2	SRR5949173	1.1498283651018633
DACT2	SRR5949174	1.1497815594090803
DACT2	SRR5949175	1.1499000124654937
DACT2	SRR5949176	1.149727479151349
DACT2	SRR5949177	1.1489132956948793
DACT2	SRR5949178	1.1496653216499102
DACT2	SRR5949179	1.1497815594090803
DACT2	SRR5949180	1.1499000124654937
DACT2	SRR5949181	1.1498700492655702
DACT2	SRR5949182	1.149727479151349
DACT2	SRR5949183	1.1498758641415114
DACT2	SRR5949184	1.149801355279094
DACT2	SRR5949185	1.1495611354981103
DACT2	SRR5949186	1.1492630102128836
DACT2	SRR5949187	1.1498041981068907
DACT2	SRR5949188	1.149801355279094
DACT2	SRR5949189	1.149752993629983
DACT2	SRR5949190	1.149757132515299
DACT2	SRR5949191	1.1496058907069004
DACT2	SRR5949192	1.1498700492655702
DACT2	SRR5949193	1.1498758641415114
DACT2	SRR5949194	1.1498283651018633
DACT2	SRR5949195	1.149801355279094
DACT2	SRR5949196	1.149639556483191
DACT2	SRR5949197	1.1494508753827517
DACT2	SRR5949198	1.1489684643066176
DACT2	SRR5949199	1.1496653216499102
DACT2	SRR5949200	1.1498758641415114
DACT2	SRR5949201	1.1497815594090803
DACT2	SRR5949202	1.1498041981068907
DACT2	SRR5949203	1.1498700492655702
DACT2	SRR5949204	1.1499000124654937
DACT2	SRR5949205	1.1499000124654937
DACT2	SRR5949206	1.149801355279094
DACT2	SRR5949207	1.1498283651018633
DACT2	SRR5949208	1.149757132515299
DACT2	SRR5949209	1.1498283651018633
DACT2	SRR5949210	1.1497815594090803
DACT2	SRR5949211	1.1494508753827517
DACT2	SRR5949212	1.149757132515299
DACT2	SRR5949213	1.1496993836519698
DACT2	SRR5949214	1.1495224477062624
DACT2	SRR5949215	1.149752993629983
DACT2	SRR5949216	1.1498041981068907
DACT2	SRR5949217	1.1498041981068907
DACT2	SRR5949218	1.1496993836519698
DACT2	SRR5949219	1.149727479151349
DACT2	SRR5949220	1.1495611354981103
DACT2	SRR5949221	1.149515806070026
DACT2	SRR5949222	1.149752993629983
DACT2	SRR5949223	1.1489094288850477
DACT2	SRR5949224	1.1497815594090803
DACT2	SRR5949225	1.1498700492655702
DACT2	SRR5949226	1.1495611354981103
DACT2	SRR5949227	1.1498700492655702
DACT2	SRR5949228	1.1496058907069004
DACT2	SRR5949229	1.149639556483191
DACT2	SRR5949230	1.1498700492655702
DACT2	SRR5949231	1.1494707522857042
DACT2	SRR5949232	1.1487635500794011
DACT2	SRR5949233	1.1489229708372037
DACT2	SRR5949234	1.149752993629983
DACT2	SRR5949235	1.1496058907069004
DACT2	SRR5949236	1.1478430081697302
DACT2	SRR5949237	1.1494610034998385
DACT2	SRR5949238	1.1492438683694057
DACT2	SRR5949239	1.147930185304594
DACT2	SRR5949240	1.1498758641415114
DACT2	SRR5949241	1.149757132515299
DACT2	SRR5949242	1.1497815594090803
DACT2	SRR5949243	1.1496516232140812
DACT2	SRR5949244	1.1496653216499102
DACT2	SRR5949245	1.1496653216499102
DACT2	SRR5949246	1.149801355279094
DACT2	SRR5949247	1.149752993629983
DACT2	SRR5949248	1.149801355279094
DACT2	SRR5949249	1.1497815594090803
DACT2	SRR5949250	1.1499000124654937
DACT2	SRR5949251	1.1496058907069004
DACT2	SRR5949252	1.1498283651018633
DACT2	SRR5949253	1.1494121443044876
DACT2	SRR5949254	1.1495510677538354
DACT2	SRR5949255	1.1497815594090803
DACT2	SRR5949256	1.149659680044542
DACT2	SRR5949257	1.1498758641415114
DACT2	SRR5949258	1.1498758641415114
DACT2	SRR5949259	1.149727479151349
DACT2	SRR5949260	1.1499000124654937
DACT2	SRR5949261	1.1499000124654937
DACT2	SRR5949262	1.149659680044542
DACT2	SRR5949263	1.1498041981068907
DACT2	SRR5949264	1.149727479151349
DACT2	SRR5949265	1.1498700492655702
DACT2	SRR5949266	1.1490859664004887
DACT2	SRR5949267	1.1491016556665985
DACT2	SRR5949268	1.1498700492655702
DACT2	SRR5949269	1.149752993629983
DACT2	SRR5949270	1.1497815594090803
DACT2	SRR5949271	1.1495224477062624
DACT2	SRR5949272	1.1499000124654937
DACT2	SRR5949273	1.1499000124654937
DACT2	SRR5949274	1.149801355279094
DACT2	SRR5949275	1.1495012298161975
DACT2	SRR5949276	1.149801355279094
DACT2	SRR5949277	1.1491016556665985
DACT2	SRR5949278	1.1498041981068907
DACT2	SRR5949279	1.1498041981068907
DACT2	SRR5949280	1.1493806150832857
DACT2	SRR5949281	1.149801355279094
DACT2	SRR5949282	1.1499000124654937
DACT2	SRR5949283	1.1494610034998385
DACT2	SRR5949284	1.1499000124654937
DACT2	SRR5949285	1.1485352709618715
DACT2	SRR5949286	1.1490061236504394
DACT2	SRR5949287	1.1499000124654937
DACT2	SRR5949288	1.1498041981068907
DACT2	SRR5949289	1.1496653216499102
DACT2	SRR5949290	1.1499000124654937
DACT2	SRR5949291	1.1497815594090803
DACT2	SRR5949292	1.149752993629983
DACT2	SRR5949293	1.1499000124654937
DACT2	SRR5949294	1.1498758641415114
DACT2	SRR5949295	1.1498041981068907
DACT2	SRR5949296	1.1498041981068907
DACT2	SRR5949297	1.1498283651018633
DACT2	SRR5949298	1.149614382860247
DACT2	SRR5949299	1.149757132515299
DACT2	SRR5949300	1.1498758641415114
DACT2	SRR5949301	1.1498758641415114
DACT2	SRR5949302	1.1496653216499102
DACT2	SRR5949303	1.1496516232140812
DACT2	SRR5949304	1.1498283651018633
DACT2	SRR5949305	1.1490061236504394
DACT2	SRR5949306	1.1498700492655702
DACT2	SRR5949307	1.149757132515299
DACT2	SRR5949308	1.149801355279094
DACT2	SRR5949309	1.1495565511841175
DACT2	SRR5949310	1.1495565511841175
DACT2	SRR5949311	1.1497815594090803
DACT2	SRR5949312	1.149461221160821
DACT2	SRR5949313	1.1497815594090803
DACT2	SRR5949314	1.1498758641415114
DACT2	SRR5949315	1.1497815594090803
DACT2	SRR5949316	1.1498041981068907
DACT2	SRR5949317	1.1492438683694057
DACT2	SRR5949318	1.1491016556665985
DACT2	SRR5949319	1.1498283651018633
DACT2	SRR5949320	1.1499000124654937
DACT2	SRR5949321	1.149801355279094
DACT2	SRR5949322	1.149614382860247
DACT2	SRR5949323	1.1497815594090803
DACT2	SRR5949324	1.1499000124654937
DACT2	SRR5949325	1.1498041981068907
DACT2	SRR5949326	1.1497815594090803
DACT2	SRR5949327	1.1490004023259148
DACT2	SRR5949328	1.1498283651018633
DACT2	SRR5949329	1.1498283651018633
DACT2	SRR5949330	1.1498041981068907
DACT2	SRR5949331	1.1498700492655702
DACT2	SRR5949332	1.1499000124654937
DACT2	SRR5949333	1.1496993836519698
DACT2	SRR5949334	1.1494508753827517
DACT2	SRR5949335	1.1498758641415114
DACT2	SRR5949336	1.149801355279094
DACT2	SRR5949337	1.1498700492655702
DACT2	SRR5949338	1.1498041981068907
DACT2	SRR5949339	1.1498041981068907
DACT2	SRR5949340	1.149614382860247
DACT2	SRR5949341	1.149727479151349
DACT2	SRR5949342	1.1498700492655702
DACT2	SRR5949343	1.149727479151349
DACT2	SRR5949344	1.1498283651018633
DACT2	SRR5949345	1.1498700492655702
DACT2	SRR5949346	1.1489824166943214
DACT2	SRR5949347	1.1494257243385793
DACT2	SRR5949348	1.1487709425734813
DACT2	SRR5949349	1.1498041981068907
DACT2	SRR5949350	1.149757132515299
DACT2	SRR5949351	1.1497815594090803
DACT2	SRR5949352	1.149801355279094
DACT2	SRR5949353	1.1498041981068907
DACT2	SRR5949354	1.1495224477062624
DACT2	SRR5949355	1.149727479151349
DACT2	SRR5949356	1.1467122388088349
DACT2	SRR5949357	1.149752993629983
DACT2	SRR5949358	1.1497815594090803
DACT2	SRR5949359	1.1498041981068907
DACT2	SRR5949360	1.149727479151349
DACT2	SRR5949361	1.1496653216499102
DACT2	SRR5949362	1.1478188840514512
DACT2	SRR5949363	1.1498758641415114
DACT2	SRR5949364	1.1496058907069004
DACT2	SRR5949365	1.1494121443044876
DACT2	SRR5949366	1.1474377159067004
DACT2	SRR5949367	1.1499000124654937
DACT2	SRR5949368	1.148804618132568
DACT2	SRR5949369	1.1498758641415114
DACT2	SRR5949370	1.1498283651018633
DACT2	SRR5949371	1.1495565511841175
DACT2	SRR5949372	1.149801355279094
DACT2	SRR5949373	1.1498758641415114
DACT2	SRR5949374	1.1496516232140812
DACT2	SRR5949375	1.1498758641415114
DACT2	SRR5949376	1.1499000124654937
DACT2	SRR5949377	1.1498041981068907
DACT2	SRR5949378	1.1499000124654937
DACT2	SRR5949379	1.1498041981068907
DACT2	SRR5949380	1.1489471817569916
DACT2	SRR5949381	1.1495012298161975
DACT2	SRR5949382	1.1498283651018633
DACT2	SRR5949383	1.1496993836519698
DACT2	SRR5949384	1.1498758641415114
DACT2	SRR5949385	1.149659680044542
DACT2	SRR5949386	1.1499000124654937
DACT2	SRR5949387	1.147930185304594
DACT2	SRR5949388	1.1495224477062624
DACT2	SRR5949389	1.1499000124654937
DACT2	SRR5949390	1.1497815594090803
DACT2	SRR5949391	1.1495565511841175
DACT2	SRR5949392	1.1499000124654937
DACT2	SRR5949393	1.1495565511841175
DACT2	SRR5949394	1.1495012298161975
DACT2	SRR5949395	1.1497815594090803
DACT2	SRR5949396	1.1489204896371397
DACT2	SRR5949397	1.1498758641415114
DACT2	SRR5949398	1.1498700492655702
DACT2	SRR5949399	1.1497815594090803
DACT2	SRR5949400	1.1442239823514004
DACT2	SRR5949401	1.1499000124654937
DACT2	SRR5949402	1.149801355279094
DACT2	SRR5949403	1.149757132515299
DACT2	SRR5949404	1.1495611354981103
DACT2	SRR5949405	1.1498041981068907
DACT2	SRR5949406	1.1498758641415114
DACT2	SRR5949407	1.1498041981068907
DACT2	SRR5949408	1.1498041981068907
DACT2	SRR5949409	1.149801355279094
DACT2	SRR5949410	1.149801355279094
DACT2	SRR5949411	1.1499000124654937
DACT2	SRR5949412	1.1496653216499102
DACT2	SRR5949413	1.1498041981068907
DACT2	SRR5949414	1.1498283651018633
DACT2	SRR5949415	1.1498700492655702
DACT2	SRR5949416	1.149752993629983
DACT2	SRR5949417	1.1496993836519698
DACT2	SRR5949418	1.1498041981068907
DACT2	SRR5949419	1.1498283651018633
DACT2	SRR5949420	1.149727479151349
DACT2	SRR5949421	1.1496993836519698
DACT2	SRR5949422	1.149752993629983
DACT2	SRR5949423	1.149752993629983
DACT2	SRR5949424	1.1499000124654937
DACT2	SRR5949425	1.149752993629983
DACT2	SRR5949426	1.1498700492655702
DACT2	SRR5949427	1.149752993629983
DACT2	SRR5949428	1.1499000124654937
DACT2	SRR5949429	1.149461221160821
DACT2	SRR5949430	1.1497815594090803
DACT2	SRR5949431	1.1497815594090803
DACT2	SRR5949432	1.149801355279094
DACT2	SRR5949433	1.149757132515299
DACT2	SRR5949434	1.149757132515299
DACT2	SRR5949435	1.1495510677538354
DACT2	SRR5949436	1.1498283651018633
DACT2	SRR5949437	1.149461221160821
DACT2	SRR5949438	1.1493806150832857
DACT2	SRR5949439	1.1498758641415114
DACT2	SRR5949440	1.1498700492655702
DACT2	SRR5949441	1.1498700492655702
DACT2	SRR5949442	1.1496516232140812
DACT2	SRR5949443	1.1495611354981103
DACT2	SRR5949444	1.1495012298161975
DACT2	SRR5949445	1.1499000124654937
DACT2	SRR5949446	1.1498700492655702
DACT2	SRR5949447	1.149757132515299
DACT2	SRR5949448	1.1499000124654937
DACT2	SRR5949449	1.1499000124654937
DACT2	SRR5949450	1.1497815594090803
DACT2	SRR5949451	1.1496993836519698
DACT2	SRR5949452	1.1498041981068907
DACT2	SRR5949453	1.1497815594090803
DACT2	SRR5949454	1.1498041981068907
DACT2	SRR5949455	1.149757132515299
DACT2	SRR5949456	1.1498758641415114
DACT2	SRR5949457	1.1498700492655702
DACT2	SRR5949458	1.1498758641415114
DACT2	SRR5949459	1.149801355279094
DACT2	SRR5949460	1.1495611354981103
DACT2	SRR5949461	1.1490004023259148
DACT2	SRR5949462	1.1498283651018633
DACT2	SRR5949463	1.1495510677538354
DACT2	SRR5949464	1.1494610034998385
DACT2	SRR5949465	1.1489587806071277
DACT2	SRR5949466	1.1497815594090803
DACT2	SRR5949467	1.1489471817569916
DACT2	SRR5949468	1.1498283651018633
DACT2	SRR5949469	1.1498700492655702
DACT2	SRR5949470	1.1498041981068907
DACT2	SRR5949471	1.149727479151349
DACT2	SRR5949472	1.149801355279094
DACT2	SRR5949473	1.149801355279094
DACT2	SRR5949474	1.149757132515299
DACT2	SRR5949475	1.1499000124654937
DACT2	SRR5949476	1.1498041981068907
DACT2	SRR5949477	1.1498700492655702
DACT2	SRR5949478	1.149801355279094
DACT2	SRR5949479	1.149283393549715
DACT2	SRR5949480	1.149752993629983
DACT2	SRR5949481	1.1498700492655702
DACT2	SRR5949482	1.1496653216499102
DACT2	SRR5949483	1.1492630102128836
DACT2	SRR5949484	1.1498283651018633
DACT2	SRR5949485	1.1495012298161975
DACT2	SRR5949486	1.149757132515299
DACT2	SRR5949487	1.149752993629983
DACT2	SRR5949488	1.149461221160821
DACT2	SRR5949489	1.1496058907069004
DACT2	SRR5949490	1.1496058907069004
DACT2	SRR5949491	1.149757132515299
DACT2	SRR5949492	1.1496058907069004
DACT2	SRR5949493	1.149727479151349
DACT2	SRR5949494	1.1499000124654937
DACT2	SRR5949495	1.1494707522857042
DACT2	SRR5949496	1.149727479151349
DACT2	SRR5949497	1.149727479151349
DACT2	SRR5949498	1.1497815594090803
DACT2	SRR5949499	1.1498283651018633
DACT2	SRR5949500	1.1494121443044876
DACT2	SRR5949501	1.149515806070026
DACT2	SRR5949502	1.1492573238148507
DACT2	SRR5949503	1.149639556483191
DACT2	SRR5949504	1.1498041981068907
DACT2	SRR5949505	1.1498041981068907
DACT2	SRR5949506	1.1498041981068907
DACT2	SRR5949507	1.1498700492655702
DACT2	SRR5949508	1.149752993629983
DACT2	SRR5949509	1.1498283651018633
DACT2	SRR5949510	1.1498041981068907
DACT2	SRR5949511	1.1489592829745587
DACT2	SRR5949512	1.149801355279094
DACT2	SRR5949513	1.1499000124654937
DACT2	SRR5949514	1.149659680044542
DACT2	SRR5949515	1.1498283651018633
DACT2	SRR5949516	1.149757132515299
DACT2	SRR5949517	1.1498041981068907
DACT2	SRR5949518	1.149283393549715
DACT2	SRR5949519	1.1496058907069004
DACT2	SRR5949520	1.1498700492655702
DACT2	SRR5949521	1.1490859664004887
DACT2	SRR5949522	1.149801355279094
DACT2	SRR5949523	1.1498700492655702
DACT2	SRR5949524	1.149757132515299
DACT2	SRR5949525	1.149659680044542
DACT2	SRR5949526	1.1489944018824365
DACT2	SRR5949527	1.149639556483191
DACT2	SRR5949528	1.1483720675437479
DACT2	SRR5949529	1.1495224477062624
DACT2	SRR5949530	1.149727479151349
DACT2	SRR5949531	1.1496653216499102
DACT2	SRR5949532	1.1498700492655702
DACT2	SRR5949533	1.1499000124654937
DACT2	SRR5949534	1.149659680044542
DACT2	SRR5949535	1.1498283651018633
DACT2	SRR5949536	1.1497815594090803
DACT2	SRR5949537	1.1498700492655702
DACT2	SRR5949538	1.1499000124654937
DACT2	SRR5949539	1.149727479151349
DACT2	SRR5949540	1.1495611354981103
DACT2	SRR5949541	1.149727479151349
DACT2	SRR5949542	1.1495224477062624
DACT2	SRR5949543	1.149752993629983
DACT2	SRR5949544	1.1495611354981103
DACT2	SRR5949545	1.149283393549715
DACT2	SRR5949546	1.149639556483191
DACT2	SRR5949547	1.1499000124654937
DACT2	SRR5949548	1.149757132515299
DACT2	SRR5949549	1.1494121443044876
DACT2	SRR5949550	1.1489471817569916
DACT2	SRR5949551	1.149801355279094
DACT2	SRR5949552	1.1494823274298185
DACT2	SRR5949553	1.1498758641415114
DACT2	SRR5949554	1.1498041981068907
DACT2	SRR5949555	1.1409427054301
DACT2	SRR5949556	1.149515806070026
DACT2	SRR5949557	1.1497815594090803
DACT2	SRR5949558	1.1494707522857042
DACT2	SRR5949559	1.1498283651018633
DACT2	SRR5949560	1.1498283651018633
DACT2	SRR5949561	1.1490061236504394
DACT2	SRR5949562	1.1495012298161975
DACT2	SRR5949563	1.1497815594090803
DACT2	SRR5949564	1.149801355279094
DACT2	SRR5949565	1.1498758641415114
DACT2	SRR5949566	1.1498283651018633
DACT2	SRR5949567	1.1479342052496542
DACT2	SRR5949568	1.1495565511841175
DACT2	SRR5949569	1.149614382860247
DACT2	SRR5949570	1.149727479151349
DACT2	SRR5949571	1.1493287860193127
DACT2	SRR5949572	1.1496993836519698
DACT2	SRR5949573	1.1495565511841175
DACT2	SRR5949574	1.1497815594090803
DACT2	SRR5949575	1.149752993629983
DACT2	SRR5949576	1.1496993836519698
DACT2	SRR5949577	1.1498758641415114
DACT2	SRR5949578	1.1497815594090803
DACT2	SRR5949579	1.1498283651018633
DACT2	SRR5949580	1.1498283651018633
DACT2	SRR5949581	1.1499000124654937
DACT2	SRR5949582	1.149614382860247
DACT2	SRR5949583	1.1498758641415114
DACT2	SRR5949584	1.1489713533334538
DACT2	SRR5949585	1.149801355279094
DACT2	SRR5949586	1.1498041981068907
DACT2	SRR5949587	1.149757132515299
DACT2	SRR5949588	1.14823324140182
DACT2	SRR5949589	1.1499000124654937
DACT2	SRR5949590	1.149639556483191
DACT2	SRR5949591	1.1498283651018633
DACT2	SRR5949592	1.1496653216499102
DACT2	SRR5949593	1.1499000124654937
DACT2	SRR5949594	1.1496993836519698
DACT2	SRR5949595	1.1498041981068907
DACT2	SRR5949596	1.149757132515299
DACT2	SRR5949597	1.1492327898220787
DACT2	SRR5949598	1.149727479151349
DACT2	SRR5949599	1.149639556483191
DACT2	SRR5949600	1.1497815594090803
DACT2	SRR5949601	1.1496993836519698
DACT2	SRR5949602	1.1499000124654937
DACT2	SRR5949603	1.149801355279094
DACT2	SRR5949604	1.1498041981068907
DACT2	SRR5949605	1.1496993836519698
DACT2	SRR5949606	1.1494707522857042
DACT2	SRR5949607	1.1498700492655702
DACT2	SRR5949608	1.1490004023259148
DACT2	SRR5950246	1.1489592829745587
DACT2	SRR5950247	1.1494707522857042
DACT2	SRR5950248	1.1497815594090803
DACT2	SRR5950249	1.1499000124654937
DACT2	SRR5950250	1.1495611354981103
DACT2	SRR5950251	1.1497815594090803
DACT2	SRR5950252	1.1498758641415114
DACT2	SRR5950253	1.1498041981068907
DACT2	SRR5950254	1.1494707522857042
DACT2	SRR5950255	1.1492327898220787
DACT2	SRR5950256	1.14882817140177
DACT2	SRR5950257	1.1487945702274995
DACT2	SRR5950258	1.149801355279094
DACT2	SRR5950259	1.1498283651018633
DACT2	SRR5950260	1.1497815594090803
DACT2	SRR5950261	1.149801355279094
DACT2	SRR5950262	1.149659680044542
DACT2	SRR5950263	1.1492573238148507
DACT2	SRR5950264	1.1498700492655702
DACT2	SRR5950265	1.1495611354981103
DACT2	SRR5950266	1.1489684643066176
DACT2	SRR5950267	1.149801355279094
DACT2	SRR5950268	1.1496993836519698
DACT2	SRR5950269	1.149727479151349
DACT2	SRR5950270	1.1494610034998385
DACT2	SRR5950271	1.1499000124654937
DACT2	SRR5950272	1.1499000124654937
DACT2	SRR5950273	1.1497815594090803
DACT2	SRR5950274	1.1496516232140812
DACT2	SRR5950275	1.1496993836519698
DACT2	SRR5950276	1.149801355279094
DACT2	SRR5950277	1.149515806070026
DACT2	SRR5950278	1.1492438683694057
DACT2	SRR5950279	1.149757132515299
DACT2	SRR5950280	1.1498041981068907
DACT2	SRR5950281	1.1496993836519698
DACT2	SRR5950282	1.1493287860193127
DACT2	SRR5950283	1.149801355279094
DACT2	SRR5950284	1.1466271340242074
DACT2	SRR5950285	1.1494823274298185
DACT2	SRR5950286	1.1497815594090803
DACT2	SRR5950287	1.1491016556665985
DACT2	SRR5950288	1.1495510677538354
DACT2	SRR5950289	1.1490061236504394
DACT2	SRR5950290	1.1498283651018633
DACT2	SRR5950291	1.149801355279094
DACT2	SRR5950292	1.1496653216499102
DACT2	SRR5950293	1.1494610034998385
DACT2	SRR5950294	1.1499000124654937
DACT2	SRR5950295	1.1498758641415114
DACT2	SRR5950296	1.149752993629983
DACT2	SRR5950297	1.1494508753827517
DACT2	SRR5950298	1.1498283651018633
DACT2	SRR5950299	1.149614382860247
DACT2	SRR5950300	1.149757132515299
DACT2	SRR5950301	1.149801355279094
DACT2	SRR5950302	1.149752993629983
DACT2	SRR5950303	1.149614382860247
DACT2	SRR5950304	1.149461221160821
DACT2	SRR5950305	1.149752993629983
DACT2	SRR5950306	1.149752993629983
DACT2	SRR5950307	1.1496058907069004
DACT2	SRR5950308	1.1496653216499102
DACT2	SRR5950309	1.1496993836519698
DACT2	SRR5950310	1.1497815594090803
DACT2	SRR5950311	1.1498700492655702
DACT2	SRR5950312	1.149801355279094
DACT2	SRR5950313	1.1496653216499102
DACT2	SRR5950314	1.1498283651018633
DACT2	SRR5950315	1.149801355279094
DACT2	SRR5950316	1.1498700492655702
DACT2	SRR5950317	1.149614382860247
DACT2	SRR5950318	1.1494610034998385
DACT2	SRR5950319	1.149639556483191
DACT2	SRR5950320	1.149614382860247
DACT2	SRR5950321	1.148836459359721
DACT2	SRR5950322	1.1495224477062624
DACT2	SRR5950323	1.1496516232140812
DACT2	SRR5950324	1.1498283651018633
DACT2	SRR5950325	1.149659680044542
DACT2	SRR5950326	1.149515806070026
DACT2	SRR5950327	1.149801355279094
DACT2	SRR5950328	1.149801355279094
DACT2	SRR5950329	1.149752993629983
DACT2	SRR5950330	1.149639556483191
DACT2	SRR5950331	1.1493287860193127
DACT2	SRR5950332	1.1494707522857042
DACT2	SRR5950333	1.1498283651018633
DACT2	SRR5950334	1.1498283651018633
DACT2	SRR5950335	1.1498283651018633
DACT2	SRR5950336	1.1477909267796054
DACT2	SRR5950337	1.1490522198255662
DACT2	SRR5950338	1.1484554126990747
DACT2	SRR5950339	1.1499000124654937
DACT2	SRR5950340	1.1496058907069004
DACT2	SRR5950341	1.1496653216499102
DACT2	SRR5950342	1.1498700492655702
DACT2	SRR5950343	1.1496653216499102
DACT2	SRR5950344	1.1495224477062624
DACT2	SRR5950345	1.1496516232140812
DACT2	SRR5950346	1.149801355279094
DACT2	SRR5950347	1.149752993629983
DACT2	SRR5950348	1.1496058907069004
DACT2	SRR5950349	1.1498758641415114
DACT2	SRR5950350	1.1497815594090803
DACT2	SRR5950351	1.1491016556665985
DACT2	SRR5950352	1.1498700492655702
DACT2	SRR5950353	1.149752993629983
DACT2	SRR5950354	1.1498700492655702
DACT2	SRR5950355	1.1498700492655702
DACT2	SRR5950356	1.1489979896611313
DACT2	SRR5950357	1.1498700492655702
DACT2	SRR5950358	1.149614382860247
DACT2	SRR5950359	1.149727479151349
DACT2	SRR5950360	1.1498700492655702
DACT2	SRR5950361	1.1498700492655702
DACT2	SRR5950362	1.1495224477062624
DACT2	SRR5950363	1.1494508753827517
DACT2	SRR5950364	1.149639556483191
DACT2	SRR5950365	1.1498041981068907
DACT2	SRR5950366	1.1498283651018633
DACT2	SRR5950367	1.1489024179979748
DACT2	SRR5950368	1.149752993629983
DACT2	SRR5950369	1.1499000124654937
DACT2	SRR5950370	1.1499000124654937
DACT2	SRR5950371	1.149801355279094
DACT2	SRR5950372	1.1498041981068907
DACT2	SRR5950373	1.149757132515299
DACT2	SRR5950374	1.149757132515299
DACT2	SRR5950375	1.1498700492655702
DACT2	SRR5950376	1.1499000124654937
DACT2	SRR5950377	1.1494121443044876
DACT2	SRR5950378	1.149757132515299
DACT2	SRR5950379	1.149752993629983
DACT2	SRR5950380	1.1496653216499102
DACT2	SRR5950381	1.149659680044542
DACT2	SRR5950382	1.1491016556665985
DACT2	SRR5950383	1.1498758641415114
DACT2	SRR5950384	1.1498283651018633
DACT2	SRR5950385	1.1490859664004887
DACT2	SRR5950386	1.1498700492655702
DACT2	SRR5950387	1.1498758641415114
DACT2	SRR5950388	1.1495611354981103
DACT2	SRR5950389	1.1485352709618715
DACT2	SRR5950390	1.1496993836519698
DACT2	SRR5950391	1.1499000124654937
DACT2	SRR5950392	1.1491016556665985
DACT2	SRR5950393	1.1495565511841175
DACT2	SRR5950394	1.149727479151349
DACT2	SRR5950395	1.149752993629983
DACT2	SRR5950396	1.1499000124654937
DACT2	SRR5950397	1.1498758641415114
DACT2	SRR5950398	1.1498758641415114
DACT2	SRR5950399	1.149659680044542
DACT2	SRR5950400	1.1496993836519698
DACT2	SRR5950401	1.1498700492655702
DACT2	SRR5950402	1.1498700492655702
DACT2	SRR5950403	1.1497815594090803
DACT2	SRR5950404	1.1498041981068907
DACT2	SRR5950405	1.14823324140182
DACT2	SRR5950406	1.1493806150832857
DACT2	SRR5950407	1.149801355279094
DACT2	SRR5950408	1.149461221160821
DACT2	SRR5950409	1.1495565511841175
DACT2	SRR5950410	1.1499000124654937
DACT2	SRR5950411	1.1498283651018633
DACT2	SRR5950412	1.1498700492655702
DACT2	SRR5950413	1.1493657120956842
DACT2	SRR5950414	1.149801355279094
DACT2	SRR5950415	1.149614382860247
DACT2	SRR5950416	1.1496653216499102
DACT2	SRR5950417	1.1496993836519698
DACT2	SRR5950418	1.1495510677538354
DACT2	SRR5950419	1.1498700492655702
DACT2	SRR5950420	1.149752993629983
DACT2	SRR5950421	1.1495611354981103
DACT2	SRR5950422	1.1494707522857042
DACT2	SRR5950423	1.149757132515299
DACT2	SRR5950424	1.1498283651018633
DACT2	SRR5950425	1.1498700492655702
DACT2	SRR5950426	1.1496058907069004
DACT2	SRR5950427	1.1498283651018633
DACT2	SRR5950428	1.149757132515299
DACT2	SRR5950429	1.1498700492655702
DACT2	SRR5950430	1.149727479151349
DACT2	SRR5950431	1.149727479151349
DACT2	SRR5950432	1.1498041981068907
DACT2	SRR5950433	1.149801355279094
DACT2	SRR5950434	1.1495611354981103
DACT2	SRR5950435	1.149757132515299
DACT2	SRR5950436	1.1498700492655702
DACT2	SRR5950437	1.149727479151349
DACT2	SRR5950438	1.1498283651018633
DACT2	SRR5950439	1.1498758641415114
DACT2	SRR5950440	1.145365413736815
DACT2	SRR5950441	1.1494707522857042
DACT2	SRR5950442	1.1497815594090803
DACT2	SRR5950443	1.149659680044542
DACT2	SRR5950444	1.149801355279094
DACT2	SRR5950445	1.1498041981068907
DACT2	SRR5950446	1.1496516232140812
DACT2	SRR5950447	1.1494257243385793
DACT2	SRR5950448	1.149801355279094
DACT2	SRR5950449	1.1498041981068907
DACT2	SRR5950450	1.1498700492655702
DACT2	SRR5950451	1.1499000124654937
DACT2	SRR5950452	1.1494823274298185
DACT2	SRR5950453	1.1498283651018633
DACT2	SRR5950454	1.1494823274298185
DACT2	SRR5950455	1.1498283651018633
DACT2	SRR5950456	1.149757132515299
DACT2	SRR5950457	1.149659680044542
DACT2	SRR5950458	1.1499000124654937
DACT2	SRR5950459	1.149752993629983
DACT2	SRR5950460	1.149752993629983
DACT2	SRR5950461	1.1497815594090803
DACT2	SRR5950462	1.1492630102128836
DACT2	SRR5950463	1.149614382860247
DACT2	SRR5950464	1.149515806070026
DACT2	SRR5950465	1.1449587156171235
DACT2	SRR5950466	1.149801355279094
DACT2	SRR5950467	1.149752993629983
DACT2	SRR5950468	1.149801355279094
DACT2	SRR5950469	1.149639556483191
DACT2	SRR5950470	1.1498700492655702
DACT2	SRR5963912	1.1499000124654937
DACT2	SRR5963913	1.1495224477062624
DACT2	SRR5963914	1.1499000124654937
DACT2	SRR5963915	1.1495611354981103
DACT2	SRR5963916	1.1494121443044876
DACT2	SRR5963917	1.1496993836519698
DACT2	SRR5963918	1.149727479151349
DACT2	SRR5963919	1.1498041981068907
DACT2	SRR5963920	1.149757132515299
DACT2	SRR5963921	1.1498283651018633
DACT2	SRR5963922	1.1496653216499102
DACT2	SRR5963923	1.149727479151349
DACT2	SRR5963924	1.1498041981068907
DACT2	SRR5963925	1.1495224477062624
DACT2	SRR5963926	1.149515806070026
DACT2	SRR5963927	1.1498758641415114
DACT2	SRR5963928	1.1494823274298185
DACT2	SRR5963929	1.149801355279094
DACT2	SRR5963930	1.1493287860193127
DACT2	SRR5963931	1.1499000124654937
DACT2	SRR5963932	1.149757132515299
DACT2	SRR5963933	1.149659680044542
DACT2	SRR5963934	1.1494257243385793
DACT2	SRR5963935	1.1499000124654937
DACT2	SRR5963936	1.1495510677538354
DACT2	SRR5963937	1.1492573238148507
DACT2	SRR5963938	1.149801355279094
DACT2	SRR5963939	1.1498041981068907
DACT2	SRR5963940	1.1498700492655702
DACT2	SRR5963941	1.1499000124654937
DACT2	SRR5963942	1.1499000124654937
DACT2	SRR5963943	1.1498283651018633
DACT2	SRR5963944	1.1499000124654937
DACT2	SRR5963945	1.1498758641415114
DACT2	SRR5963946	1.149801355279094
DACT2	SRR5963947	1.149801355279094
DACT2	SRR5963948	1.149801355279094
DACT2	SRR6467548	112.08847971117154
DACT2	SRR6467549	123.01264082731383
DACT2	SRR6467550	118.10650952548085
DACT2	SRR6467551	181.94469661236934
DACT2	SRR6467552	181.95757788057986
DACT2	SRR6467553	81.52150251923177
DACT2	SRR6467554	71.57846119353084
DACT2	SRR6467555	83.1820432876202
DACT2	SRR6467556	112.31290120275553
DACT2	SRR6467557	90.0163371766377
DACT2	SRR6467558	119.36536302073914
DACT2	SRR6467559	128.27839454116568
DACT2	SRR6467560	72.73547181939277
DACT2	SRR6467561	159.17727601299657
DACT2	SRR6467562	144.5461949947886
DACT2	SRR6467563	75.46475948765163
DACT2	SRR6467564	141.02354016360147
DACT2	SRR6467565	252.4248810940242
DACT2	SRR6467566	45.211312353218695
DACT2	SRR6467567	111.21801560803014
DACT2	SRR6467568	27.11075264768552
DACT2	SRR6467569	7.102477969814722
DACT2	SRR6467570	90.28122877316198
DACT2	SRR6467571	92.06622630692735
DACT2	SRR6467572	40.24609702550738
DACT2	SRR6467573	15.101974267735748
DACT2	SRR6467574	109
DACT2	SRR6467575	33.152623483247574
DACT2	SRR6467576	31.144916187487436
DACT2	SRR6467577	32.046087056326506
DACT2	SRR6467578	7.0691166004024
DACT2	SRR6467579	2.0211676625259702
DACT2	SRR6467580	130.45037930317875
DACT2	SRR6467581	43.010349472795426
DACT2	SRR6467582	64.94499667723038
DACT2	SRR6467583	156
DACT2	SRR6467584	31.112561591564997
DACT2	SRR6467585	8.711732454357636
DACT2	SRR6467586	43.4362644192356
DACT2	SRR6467587	68.82638796627174
DACT2	SRR6467588	65.1305340224879
DACT2	SRR6467589	22
DACT2	SRR6467590	43.11882707310311
DACT2	SRR6467591	40.42078407973339
DACT2	SRR6467592	32.24894526861304
DACT2	SRR6467593	8.036306298891528
DACT2	SRR6467594	12.502338966940057
DACT2	SRR6467595	85.18629825058743
DACT2	SRR6467596	18
DACT2	SRR6467597	26.331910074451727
DACT2	SRR6467598	113.96043777380663
DACT2	SRR6467599	47.175814918001315
DACT2	SRR6467600	42.20237989172369
DACT2	SRR6467601	44.24546796485329
DACT2	SRR6467602	29.917662320814493
DACT2	SRR6467603	29
DACT2	SRR6467604	28.118292599558345
DACT2	SRR6467605	14.050034762361946
DACT2	SRR6467606	65
DACT2	SRR6467607	119
DACT2	SRR6467608	2.0052545029647746
DACT2	SRR6467609	6.001079485386262
DACT2	SRR6467610	27.269505845576848
DACT2	SRR6467611	169.72400248865083
DACT2	SRR6467612	158.91704551493342
DACT2	SRR6467613	60
DACT2	SRR6467614	41
DACT2	SRR6467615	18.22866733842341
DACT2	SRR6467616	11.108820305173618
DACT2	SRR6467617	9.060019777230522
DACT2	SRR6467618	20
DACT2	SRR6467619	64.6646876315259
DACT2	SRR6467620	8.020740036477303
DACT2	SRR6467621	31.1583230106002
DACT2	SRR6467622	21.316278269406027
DACT2	SRR6467623	12.212925764290093
DACT2	SRR6467624	44.007916226165925
DACT2	SRR6467625	15
DACT2	SRR6467626	6
DACT2	SRR6467627	29.291848679061058
DACT2	SRR6467628	23
DACT2	SRR6467629	26.255816047218676
DACT2	SRR6467630	20.014397023245074
DACT2	SRR6467631	53.047694429952585
DACT2	SRR6467632	3.0215323861980785
DACT2	SRR6467633	17
DACT2	SRR6467634	45.17983305893554
DACT2	SRR6467635	66.05570629247889
DACT2	SRR6467636	8.08064769848139
DACT2	SRR6467637	44
DACT2	SRR6467638	22
DACT2	SRR6467639	34.107729325844616
DACT2	SRR6467640	22.46020628204367
DACT2	SRR6467641	10.092827829875564
DACT2	SRR6467642	80.10265496292504
DACT2	SRR6467643	6.0750780030370946
DACT2	SRR6467644	21
DACT2	SRR6467645	83.07915581929666
DACT2	SRR6467646	33
DACT2	SRR6467647	44.79389753648181
DACT2	SRR6467648	23.1327935817329
DACT2	SRR6467649	8.042337087182343
DACT2	SRR6467650	19.103987042928544
DACT2	SRR6467651	5.014565865081835
DACT2	SRR6467652	16.0028786276967
DACT2	SRR6467653	18.178604271577978
DACT2	SRR6467654	47.175814918001315
DACT2	SRR6467655	87
DACT2	SRR6467656	59.59236475346135
DACT2	SRR6467657	21
DACT2	SRR6467658	36
DACT2	SRR6467659	24.540552949038723
DACT2	SRR6467660	42.28739258211987
DACT2	SRR6467661	29.523974571185484
DACT2	SRR6467662	14.314152552540344
DACT2	SRR6467663	21.058607667413284
DACT2	SRR6467664	12.889146650799082
DACT2	SRR6467665	7
DACT2	SRR6467666	37
DACT2	SRR6467667	24.252921022922703
DACT2	SRR6467668	5.8029324956236445
DACT2	SRR6467669	11
DACT2	SRR6467670	8
DACT2	SRR6467671	15.880199976613682
DACT2	SRR6467672	15.132747711876593
DACT2	SRR6467673	48.460320988681765
DACT2	SRR6467674	15.093826019620293
DACT2	SRR6467675	18.155555244126166
DACT2	SRR6467676	37.167868787093276
DACT2	SRR6467677	52
DACT2	SRR6467678	71
DACT2	SRR6467679	35
DACT2	SRR6467680	13.139481458395762
DACT2	SRR6467681	73
DACT2	SRR6467682	34.20349149621023
DACT2	SRR6467683	38.425456025973794
DACT2	SRR6467684	28.07259012767056
DACT2	SRR6467685	18.25372566322105
DACT2	SRR6467686	64.09217411265301
DACT2	SRR6467687	63.95490326400468
DACT2	SRR6467688	20
DACT2	SRR6467689	12.1188349078986
DACT2	SRR6467690	12.06560918745329
DACT2	SRR6467691	41.22747120361208
DACT2	SRR6467692	25.025130718961734
DACT2	SRR6467693	17.835753560423687
DACT2	SRR6467694	78.59051506178491
DACT2	SRR6467695	17.07767292755699
DACT2	SRR6467696	22.956810510281585
DACT2	SRR6467697	28
DACT2	SRR6467698	136.63949770281332
DACT2	SRR6467699	131
DACT2	SRR6467700	34.117437804743936
DACT2	SRR6467701	54
DACT2	SRR6467702	13.186384947815183
DACT2	SRR6467703	12.148020065788163
DACT2	SRR6467704	20.05581682610789
DACT2	SRR6467705	72.4701996608488
DACT2	SRR6467706	13.24011665972009
DACT2	SRR6467707	88
DACT2	SRR6467708	23.0396934813237
DACT2	SRR6467709	29
DACT2	SRR6467710	25.022497372619146
DACT2	SRR6467711	48.0655416639429
DACT2	SRR6467712	19.213699115903335
DACT2	SRR6467713	24.130662170510554
DACT2	SRR6467714	24.143314489443213
DACT2	SRR6467715	35
DACT2	SRR6467716	16
DACT2	SRR6467717	22.270177875962247
DACT2	SRR6467718	11.169500563884501
DACT2	SRR6467719	36.12975989039047
DACT2	SRR6467720	38
DACT2	SRR6467721	14.022685514003777
DACT2	SRR6467722	88.86008755718156
DACT2	SRR6467723	20
DACT2	SRR6467724	98
DACT2	SRR6467725	82
DACT2	SRR6467726	50.10914654614346
DACT2	SRR6467727	67.1534223451554
DACT2	SRR6467728	21
DACT2	SRR6467729	27.186038770181987
DACT2	SRR6467730	33.07017046240827
DACT2	SRR6467731	2.01976236737922
DACT2	SRR6467732	24.768050527558202
DACT2	SRR6467733	31.053499909610206
DACT2	SRR6467734	35.74833443534603
DACT2	SRR6467735	7.057856291898338
DACT2	SRR6467736	1.0062021778341892
DACT2	SRR6467737	27.167569843234368
DACT2	SRR6467738	82.02950858815987
DACT2	SRR6467739	5
DACT2	SRR6467740	35.187005273148124
DACT2	SRR6467741	57.11621550108025
DACT2	SRR6467742	20
DACT2	SRR6467743	10
DACT2	SRR6467744	32
DACT2	SRR6467745	34.01223526826141
DACT2	SRR6467746	7.055533038064438
DACT2	SRR6467747	17.594966944730803
DACT2	SRR6467748	25.670203952755372
DACT2	SRR6467749	16
DACT2	SRR6467750	2.004744105363121
DACT2	SRR6467751	11.16629708025234
DACT2	SRR6467752	15.123217798484635
DACT2	SRR6467753	22.630857392231814
DACT2	SRR6467754	65.28947232875251
DACT2	SRR6467755	52.80582360182563
DACT2	SRR6467756	12.015120954874945
DACT2	SRR6467757	12
DACT2	SRR6467758	11
DACT2	SRR6467759	21.11893126053147
DACT2	SRR6467760	29.224292741499685
DACT2	SRR6467761	3.0109974059920237
DACT2	SRR6467762	21.105116259000308
DACT2	SRR6467763	7.6568887153954215
DACT2	SRR6467764	9.615207984237676
DACT2	SRR6467765	49.060922111925755
DACT2	SRR6467766	1.014833528591624
DACT2	SRR6467767	20.136126505143665
DACT2	SRR6467768	3.037429893056801
DACT2	SRR6467769	13.233746314748817
DACT2	SRR6467770	27
DACT2	SRR6467771	20.06342327894206
DACT2	SRR6467772	69.49079249428608
DACT2	SRR6467773	16.062741282882094
DACT2	SRR6868540	1.014833528591624
DACT2	SRR6868541	1.0278088358193622
DACT2	SRR6868542	1.0479902723259678
DACT2	SRR6868543	1.0152962713927551
DACT2	SRR6868544	1.007850668350526
DACT2	SRR6868545	1.0249330155513252
DACT2	SRR6868546	1.0159083502043025
DACT2	SRR6868557	1.0593600439616915
DACT2	SRR6868558	1.0493300957915759
DACT2	SRR6868559	1.0328318116514645
DACT2	SRR6868560	1.0099883345290224
DACT2	SRR6868569	1.0619340218072668
DACT2	SRR6868570	1.021819771575531
DACT2	SRR6868571	1.0447440906857468
DACT2	SRR6868572	1.0118502062800996
DACT2	SRR6868573	1.0412832207034761
DACT2	SRR6868574	1.012246901299347
DACT2	SRR6868575	1.0259969817544445
DACT2	SRR6868576	1.0160012233415483
DACT2	SRR6868577	1.0327907588593586
DACT2	SRR6868578	1.0155770602095007
DACT2	SRR6868579	1.0440699430515605
DACT2	SRR6868580	1.010777171167205
DACT2	SRR6868581	1.03420300501297
DACT2	SRR6868582	1.0329389684351513
DACT2	SRR6868585	1.0223918119367361
DACT2	SRR6868586	1.0597439032108176
DACT2	SRR6868587	1.060061410485746
DACT2	SRR6868588	1.0071961768814546
DACT2	SRR6868589	1.011034509868234
DACT2	SRR6868590	1.0323588353795468
DACT2	SRR6868591	2.0262519433803727
DACT2	SRR6868604	1.0759055098033201
DACT2	SRR6868605	1.032097998410507
DACT2	SRR6868606	1.041059675092619
DACT2	SRR6868607	1.034652621245776
DACT2	SRR6868608	1.0244646566921864
DACT2	SRR6868609	1.0441915254956329
DACT2	SRR6868610	1.0393379767471147
DACT2	SRR6868620	1.0113983415873453
DACT2	SRR6868621	1.0220565106412052
DACT2	SRR6868622	1.024234840404088
DACT2	SRR6868623	1.0549853092368588
DACT2	SRR6868636	1.0440226673600839
DACT2	SRR6868637	1.0261125159944735
DACT2	SRR6868638	1.0463813724818791
DACT2	SRR6868639	1.0108348986886093
DACT2	SRR6868650	1.0398318552023067
DACT2	SRR6868651	1.0291416181729598
DACT2	SRR6868652	1.0307116122012634
DACT2	SRR6868653	1.018954738657396
DACT2	SRR6868654	1.0151196581488149
DACT2	SRR6868655	1.0354304322438237
DACT2	SRR6868665	1.014468461127958
DACT2	SRR6868666	1.0102626902497998
DACT2	SRR6868667	1.0115422842820772
DACT2	SRR6868668	1.007478603420533
DACT2	SRR6868669	1.0076418198872807
DACT2	SRR6868670	1.0180906480316751
DACT2	SRR6868671	1.0146307116837765
DACT2	SRR6868683	1.012819876849361
DACT2	SRR6868684	1.0157800653166706
DACT2	SRR6868685	1.0216590406873807
DACT2	SRR6868686	1.010324162018174
DACT2	SRR6868687	1.0281563268719116
DACT2	SRR6868688	1.0273883935521193
DACT2	SRR6868689	1.014875304095207
DACT2	SRR6868698	1.0183812775740588
DACT2	SRR6868699	1.0070578570789335
DACT2	SRR6868700	1.0161535101018604
DACT2	SRR6868701	1.0106090201717064
DACT2	SRR6868702	1.007687418054785
DACT2	SRR6868713	1.010478873419224
DACT2	SRR6868714	1.0186954098379435
DACT2	SRR6868715	1.0083404689188882
DACT2	SRR6868716	1.0067190005273792
DACT2	SRR6868717	1.0103010202621463
DACT2	SRR6868718	1.0039004111898113
DACT2	SRR6868719	1.0016203938574126
DACT2	SRR6868720	1.0050669824037204
DACT2	SRR6868721	1.0112987110891343
DACT2	SRR6868722	1.0169002351863679
DACT2	SRR6868723	1.0196540145226427
DACT2	SRR6868724	1.0097443440669194
DACT2	SRR6868725	1.0041769234190894
DACT2	SRR6868726	1.0024121563473647
DACT2	SRR6868741	1.0145442086713796
DACT2	SRR7632756	8.066064864406387
DACT2	SRR7632757	5.138666430256556
DACT2	SRR7632758	21.223289240074106
DACT2	SRR7632759	9.267974647089368
DACT2	SRR7632760	14.283736612942079
DACT2	SRR7632761	38.271722835825095
DACT2	SRR7632762	35.6535065208854
DACT2	SRR7632763	15.245722232902303
DACT2	SRR7632764	8.29591233771471
DACT2	SRR7632765	11.02889976630626
DACT2	SRR7632766	10.311142484945627
DACT2	SRR7632767	53.125718792122704
DACT2	SRR7632768	34.55039777575627
DACT2	SRR7632769	8.091816968064425
DACT2	SRR7632770	3.024837353536685
DACT2	SRR7632771	34.88246365775733
DACT2	SRR7632772	16.306632602270458
DACT2	SRR7632773	17.092287332938447
DACT2	SRR7632774	17.107899996545306
DACT2	SRR7632775	16.359490417516227
DACT2	SRR7632776	5.189443265084209
DACT2	SRR7632777	4.096238555980819
DACT2	SRR7632778	20.08353846838179
DACT2	SRR7632779	10.261166053511216
DACT2	SRR7632780	26.096024439524804
DACT2	SRR7632781	33.96561700573629
DACT2	SRR7632782	26.355610775200404
DACT2	SRR7632783	12.088068679885478
DACT2	SRR7632784	15.130513278733677
DACT2	SRR7632785	12.086129544792314
DACT2	SRR7632786	3.1242198049281815
DACT2	SRR7632787	17.066537832087633
DACT2	SRR7632788	58.13146134997715
DACT2	SRR7632789	1.0181424053950652
DACT2	SRR7632790	32.31436372210198
DACT2	SRR7632791	11.492166935673172
DACT2	SRR7632792	49.357571438094645
DACT2	SRR7632793	20.242131747865198
DACT2	SRR7632794	4.02779108246145
DACT2	SRR7632795	28.090345052107917
DACT2	SRR7632796	50.859211520502534
DACT2	SRR7632797	6.904774033507024
DACT2	SRR7632798	12.068747886553629
DACT2	SRR7632799	51.539213858699334
DACT2	SRR7632800	9.134745414013613
DACT2	SRR7632801	65.34199135198322
DACT2	SRR7632802	64.16972290203756
DACT2	SRR7632803	12.28795017330239
DACT2	SRR7632804	5.202369395094909
DACT2	SRR7632805	6.018561668212164
DACT2	SRR7632806	107.49362239876027
DACT2	SRR7632807	8.069738164012957
DACT2	SRR7632808	29.238401048828035
DACT2	SRR7632809	18.877988952428495
DACT2	SRR7632810	21.087629200212263
DACT2	SRR7632811	23.15655912452105
DACT2	SRR7632812	7.05028353423123
DACT2	SRR7632813	4.024837184728243
DACT2	SRR7632814	31.110365833475726
DACT2	SRR7632815	28.220375703706303
DACT2	SRR7632816	4.30112726068224
DACT2	SRR7632817	17.706964564604753
DACT2	SRR7632818	4.021701700118954
DACT2	SRR7632819	26.063619322513446
DACT2	SRR7632820	3.0206542409953707
DACT2	SRR7632821	56.09664499800553
DACT2	SRR7632822	15.188752196642847
DACT2	SRR7632823	11.040476388994813
DACT2	SRR7632824	12.054892460315804
DACT2	SRR7632825	10.028076383933612
DACT2	SRR7632826	56.03612760301682
DACT2	SRR7632827	3.1643888648958782
DACT2	SRR7632828	15.38995472631667
DACT2	SRR7632829	12.173904668025708
DACT2	SRR7632830	9.436022588905773
DACT2	SRR7632831	16.148459547465364
DACT2	SRR7632832	30.436673073991678
DACT2	SRR7632833	29.448637028762146
DACT2	SRR7632834	76.16003183964118
DACT2	SRR7632835	2.2198200294495303
DACT2	SRR7632836	50.74685282643658
DACT2	SRR7632837	30.193500467819565
DACT2	SRR7632838	30.754678319128708
DACT2	SRR7632839	12.13785405027642
DACT2	SRR7632840	26.79490697212747
DACT2	SRR7632841	4.477024394684313
DACT2	SRR7632842	23.042822548405912
DACT2	SRR7632843	5.187576943481323
DACT2	SRR7632844	13.515208208444026
DACT2	SRR7632845	6.03003321685723
DACT2	SRR7632846	8.395923998639924
DACT2	SRR7632847	16.376436054264456
DACT2	SRR7632848	47.429121608353576
DACT2	SRR7632849	10.11384661421074
DACT2	SRR7632850	34.43811190185093
DACT2	SRR7632851	93.94040113162275
DACT2	SRR7632852	61.07686485394764
DACT2	SRR7632853	40.20310524015294
DACT2	SRR7632854	103.68013675204523
DACT2	SRR7632855	60
DACT2	SRR7632856	18.11670718746839
DACT2	SRR7632857	42.94305817905451
DACT2	SRR7632858	40.44916011652184
DACT2	SRR7632859	37.42672004132635
DACT2	SRR7632860	23.657789174084254
DACT2	SRR7632861	25.30517397234691
DACT2	SRR7632862	36.229908713767635
DACT2	SRR7632863	24.804190182852604
DACT2	SRR7632864	12.337078057000506
DACT2	SRR7632865	107.15659578825917
DACT2	SRR7632866	89.50404200891909
DACT2	SRR7632867	76.78207234196395
DACT2	SRR7632868	33.84574770189507
DACT2	SRR7632869	71.7108791185044
DACT2	SRR7632870	51.19374265038802
DACT2	SRR7632871	26.274741970082378
DACT2	SRR7632872	80.51257229486365
DACT2	SRR7632873	40.16830482998112
DACT2	SRR7632874	76.20200050943296
DACT2	SRR7632875	45.074295586604435
DACT2	SRR7632876	54.76518161577997
DACT2	SRR7632877	51.01388216647909
DACT2	SRR7632878	54.170251714345575
DACT2	SRR7632879	87.19719202496573
DACT2	SRR7632880	35.61394685493523
DACT2	SRR7632881	28.38517877685854
DACT2	SRR7632882	19.453734527311397
DACT2	SRR7632883	52.14643224997041
DACT2	SRR7632884	21.707834573078816
DACT2	SRR7632885	56.278359580722494
DACT2	SRR7632886	86.71340896200901
DACT2	SRR7632887	54.54580044528016
DACT2	SRR7632888	38.40514243534624
DACT2	SRR7632889	65.15455457524361
DACT2	SRR7632890	9.918572932882945
DACT2	SRR7632891	23.035134231041933
DACT2	SRR7632892	51.297426098623454
DACT2	SRR7632893	21.800862830699337
DACT2	SRR7632894	6.282345447920641
DACT2	SRR7632895	44.51003520072808
DACT2	SRR7632896	33.747391501452036
DACT2	SRR7632897	74.3022997048422
DACT2	SRR7632898	55.205515219669714
DACT2	SRR7632899	17.11818206741961
DACT2	SRR7632900	36.23993328182213
DACT2	SRR7632901	30.190828962067474
DACT2	SRR7632902	26.09510684853812
DACT2	SRR7632903	12.0527872008103
DACT2	SRR7632904	8.420956347360095
DACT2	SRR7632905	5.465879626799676
DACT2	SRR7632906	19.31354912159087
DACT2	SRR7632907	9.249528689172994
DACT2	SRR7632908	48.19233772830357
DACT2	SRR7632909	33.11400132049253
DACT2	SRR7632910	5.190038649051652
DACT2	SRR7632911	23.298637872443507
DACT2	SRR7632912	9.140694828928343
DACT2	SRR7632913	39.17273040352207
DACT2	SRR7632914	13.405239540725779
DACT2	SRR7632915	8.359653183578097
DACT2	SRR7632916	6.119307171961641
DACT2	SRR7632917	3.157183665295765
DACT2	SRR7632918	4.103387416851866
DACT2	SRR7632919	2.017468333718586
DACT2	SRR7632920	6.069498670786605
DACT2	SRR7632921	10.121573982531267
DACT2	SRR7632922	12.104390499553014
DACT2	SRR7632923	5.052375219255771
DACT2	SRR7632924	6.176974457010282
DACT2	SRR7632925	14.491220579162924
DACT2	SRR7632926	2.036997887285345
DACT2	SRR7632927	5.102594171152085
DACT2	SRR7632928	14.046266526814929
DACT2	SRR7632929	10.407855332953867
DACT2	SRR7632930	5.004499474523829
DACT2	SRR7632931	6.004319106973522
DACT2	SRR7632932	49.23324622028294
DACT2	SRR7632933	11.234054979805702
DACT2	SRR7632934	36.15797851169124
DACT2	SRR7632935	7.070782880874831
DACT2	SRR7632936	8.168420145628572
DACT2	SRR7632937	3.0434412235805692
DACT2	SRR7632938	30.80028453159918
DACT2	SRR7632939	48.32087671907807
DACT2	SRR7632940	17.1113759189062
DACT2	SRR7632941	12.257700794295793
DACT2	SRR7632942	9.322625634549311
DACT2	SRR7632943	50
DACT2	SRR7632944	23.42284490205701
DACT2	SRR7632945	83
DACT2	SRR8928966	4.035608023623253
DACT2	SRR8928967	10.174471485483952
DACT2	SRR8928968	3.0250729629149564
DACT2	SRR8928969	3.0252472767064367
DACT2	SRR8928970	10.097790430950969
DACT2	SRR8928971	1.0078135964082673
DACT2	SRR8928972	8.440850173635857
DACT2	SRR8928973	14.084221152543128
DACT2	SRR8928974	6.522460115615272
DACT2	SRR8928975	18.782949266778974
DACT2	SRR8928976	14.607513671080998
DACT2	SRR8928977	1.0197721263293398
DACT2	SRR8928978	1.0189094725563004
DACT2	SRR8928979	9.177455673851359
DACT2	SRR8928980	1.016019416300132
DACT2	SRR8928981	1.0118211977273175
DACT2	SRR8928982	2.0229835628823394
DACT2	SRR8928983	59.11686943048975
DACT2	SRR8928984	12.067846813937207
DACT2	SRR8928985	30.51169101638567
DACT2	SRR8928986	4.036427964128632
DACT2	SRR8928987	15
DACT2	SRR8928988	83
DACT2	SRR8928989	1.0180482199929832
DACT2	SRR8928990	1.0106122784979463
DACT2	SRR8928991	16.288184428307623
DACT2	SRR9835604	11.158775974256445
DACT2	SRR9835605	54.30365061948381
DACT2	SRR9835606	32.070578991485014
DACT2	SRR9835607	21.194219562882118
DACT2	SRR9835608	26.38961218019124
DACT2	SRR9835609	28
DACT2	SRR9835610	96.45007729264996
DACT2	SRR9835611	34.03775950571221
DACT2	SRR9835612	24.065778609457297
DACT2	SRR9835613	18.10748586708241
DACT2	SRR9835614	20.203514952089034
DACT2	SRR9835615	38.46833204565618
DACT2	SRR9835616	6.044999711014044
DACT2	SRR9835617	9.21032717415033
DACT2	SRR9835618	34.1835296875649
DACT2	SRR9835619	55
DACT2	SRR9835620	61.29888666201579
DACT2	SRR9835621	89.59316839117139
DACT2	SRR9835622	4.011091540876683
DACT2	SRR9835623	16.0028786276967
DACT2	SRR9835624	40.88845989232605
DACT2	SRR9835625	53.168494317689245
DACT2	SRR9835626	4.0308682308174175
DACT2	SRR9835627	31.064674847899905
DACT2	SRR9835628	9.065207707171039
DACT2	SRR9835629	20.410203309024595
DACT2	SRR9835630	5.278696305090162
DACT2	SRR9835631	3.2424529828744015
DACT2	SRR9835632	23.05385246362756
DACT2	SRR9835633	48.36339388417533
DACT2	SRR9835634	58.370532117202366
DACT2	SRR9835635	23.22753336536302
DACT2	SRR9835636	16.032843450988054
DACT2	SRR9835637	26.117557993410006
DACT2	SRR9835638	20.19817598657216
DACT2	SRR9835639	15.158728457398709
DACT2	SRR9835640	22.368012442096152
DACT2	SRR9835641	29.113718575223793
DACT2	SRR9835642	29.171388129619135
DACT2	SRR9835643	22.084738452602465
DACT2	SRR9835644	77.25390106018703
DACT2	SRR9835645	12.355840927463305
DACT2	SRR9835646	8.07568193080551
DACT2	SRR9835647	22.053462331432854
DACT2	SRR9835648	11.33316596671734
DACT2	SRR9835649	11.131498231573602
DACT2	SRR9835650	12.046117670953375
DACT2	SRR9835651	26.018716130218596
DACT2	SRR9835652	12.192232995601584
DACT2	SRR9835653	37.10326112829959
DACT2	SRR9835654	10.101757476044517
DACT2	SRR9835655	36.186102504344056
DACT2	SRR9835656	12.03242537850673
DACT2	SRR9835657	21.31749717203759
DACT2	SRR9835658	28.056321104050273
DACT2	SRR9835659	7.042325851080517
DACT2	SRR9835660	4.0305849342364795
DACT2	SRR9835661	3.0121633126812806
DACT2	SRR9835662	23.283088538003042
DACT2	SRR9835663	19.38583985233341
DACT2	SRR9835664	19.03279026718045
DACT2	SRR9835665	7.02933560148241
DACT2	SRR9835666	21
DACT2	SRR9835667	14.118194495993922
DACT2	SRR9835668	39
DACT2	SRR9835669	8.212870373289828
DACT2	SRR9835670	5.0697234398240605
DACT2	SRR9835671	2.027196179694096
DACT2	SRR9835672	31.05529840141128
DACT2	SRR9835673	6.136931777302168
DACT2	SRR9835674	24.012956155352313
DACT2	SRR9835675	12.064775183846436
DACT2	SRR9835676	4.356538701476571
DACT2	SRR9835677	21.055815930238055
DACT2	SRR9835678	35.213181955582876
DACT2	SRR9835679	115.81792359539077
DACT2	SRR9835680	11.269703574623641
DACT2	SRR9835681	34.10367894278957
DACT2	SRR9835682	2.1214107037822045
DACT2	SRR9835683	6.0380659420449945
DACT2	SRR9835684	8.202408624052142
DACT2	SRR9835685	21.10762902728962
DACT2	SRR9835686	28.378939686195185
DACT2	SRR9835687	77.36206855232813
DACT2	SRR9835688	19
DACT2	SRR9835689	41.30296795101437
DACT2	SRR9835690	10.020114680017954
DACT2	SRR9835691	16.14430195602645
DACT2	SRR9835692	15.275779097872045
DACT2	SRR9835693	8.03268104917213
DACT2	SRR9835694	15.156617896495849
DACT2	SRR9835695	7.036616792072343
DACT2	SRR9835696	13.128509047976458
DACT2	SRR9835697	39.2013824012689
DACT2	SRR9835698	11.011057516343161
DACT2	SRR9835699	19.03078748329084
DACT2	SRR9835700	54.12239504997873
DACT2	SRR9835701	53.15004097149992
DACT2	SRR9835702	39
DACT2	SRR9835703	31.033479102230988
DACT2	SRR9835704	8.037322339732903
DACT2	SRR9835705	80.31970321588541
DACT2	SRR9835706	7.554844608608355
DACT2	SRR9835707	18.019990326553526
DACT2	SRR9835708	14.014884840463836
DACT2	SRR9835709	10.004651378521949
DACT2	SRR9835710	1.0145636581420703
DACT2	SRR9835711	32.01417115812953
DACT2	SRR9835712	10.025217469463543
DACT2	SRR9835713	25.047650706586822
DACT2	SRR9835714	15.023184168409708
DACT2	SRR9835715	32.16518927444074
DACT2	SRR9835716	17.050796981894628
DACT2	SRR9835717	22.07600088032835
DACT2	SRR9835718	12.187435206304684
DACT2	SRR9835719	14.123764552591599
DACT2	SRR9835720	4.0251977601273214
DACT2	SRR9835721	35.534943937634466
DACT2	SRR9835722	9.208927909849189
DACT2	SRR9835723	35
DACT2	SRR9835724	29.20467785528907
DACT2	SRR9835725	54.47666869077775
DACT2	SRR9835726	32.02303523719212
DACT2	SRR9835727	42.29020435761772
DACT2	SRR9835728	9.36900122289229
DACT2	SRR9835729	16.051894614257254
DACT2	SRR9835730	4.015808078788701
DACT2	SRR9835731	1.0511406103696055
DACT2	SRR9835732	26.12297123821881
DACT2	SRR9835733	4.018030319691804
DACT2	SRR9835734	33.08669929891878
DACT2	SRR9835735	33.06043040214547
DACT2	SRR9835736	18.22069067631167
DACT2	SRR9835737	48.10411738194092
DACT2	SRR9835738	34.06122038709262
DACT2	SRR9835739	6.16570670845761
DACT2	SRR9835740	9.272134154613289
DACT2	SRR9835741	15.080145117063482
DACT2	SRR9835742	24.454137901846707
DACT2	SRR9835743	5.1723941349799585
DACT2	SRR9835744	11.064521386840775
DACT2	SRR9835745	5.113305994394973
DACT2	SRR9835746	5.055566304747561
DACT2	SRR9835747	3.0161840714177863
DACT2	SRR9835748	10.308527658417086
DACT2	SRR9835749	75
DACT2	SRR9835750	9.075761872198173
DACT2	SRR9835751	8.06639454043988
DACT2	SRR9835752	9.368739004384945
DACT2	SRR9835753	15.1648444936591
DACT2	SRR9835754	11.015019964653582
DACT2	SRR9835755	15.225147957526397
DACT2	SRR9835756	36.64098257158914
DACT2	SRR9835757	23.093252063889818
DACT2	SRR9835758	1.0058487323132066
DACT2	SRR9835759	8.053183613504554
DACT2	SRR9835760	37
DACT2	SRR9835761	30.00539742693131
DACT2	SRR9835762	1.102947594059923
DACT2	SRR9835763	27.07939614902645
DACT2	SRR9835764	10.02732767121628
DACT2	SRR9835765	9.048737842024707
DACT2	SRR9835766	7.185729879628439
DACT2	SRR9835767	14.524360862036026
DACT2	SRR9835768	14
DACT2	SRR9835769	27
DACT2	SRR9835770	13.2635588505142
DACT2	SRR9835771	7.038385586128724
DACT2	SRR9835772	25.318903970181164
DACT2	SRR9835773	29
DACT2	SRR9835774	23.818474273422126
DACT2	SRR9835775	5.025931754705508
DACT2	SRR9835776	15.049111232766723
DACT2	SRR9835777	4.009787588078992
DACT2	SRR9835778	3.0128478064334607
DACT2	SRR9835779	2.014204529072105
DACT2	SRR9835780	18.02886509980553
DACT2	SRR9835781	10.255831003401148
DACT2	SRR9835782	3.0151912258683935
DACT2	SRR9835783	30
DACT2	SRR9835784	17.070485859459488
DACT2	SRR9835785	11.486046995332044
DACT2	SRR9835786	8.07943874816004
DACT2	SRR9835787	4.0115854966427555
DACT2	SRR9835788	36.060538793396866
DACT2	SRR9835789	75
DACT2	SRR9835790	14.101968391917826
DACT2	SRR9835791	2.0557312482647028
DACT2	SRR9835792	132.29713640058975
DACT2	SRR9835793	27.05541167285042
DACT2	SRR9835794	42.00755639770384
DACT2	SRR9835795	19.033079202806157
DACT2	SRR9835796	18.104314876662894
DACT2	SRR9835797	19
DACT2	SRR9835798	4.0064815754296506
DACT2	SRR9835799	19.038738500360083
DACT2	SRR9835800	3.0035559715334164
DACT2	SRR9835801	16.081071718459526
DACT2	SRR9835802	22.088593604156486
DACT2	SRR9867812	3.9594665813582433
DACT2	SRR9867813	7.690952566458128
DACT2	SRR9867814	18.163506948690028
DACT2	SRR9867815	2.937853062915736
DACT2	SRR9867816	2
DACT2	SRR9867817	1.0130692804155355
DACT2	SRR9867818	1
DACT2	SRR9867819	8.29269740206985
DACT2	SRR9867820	3
DACT2	SRR9867821	17
DACT2	SRR9867822	14.143482213705509
DACT2	SRR9867823	14.224853871850641
DACT2	SRR9867824	4.801165932007234
DACT2	SRR9867825	7.222861276951108
DACT2	SRR9867826	29.886216547591633
DACT2	SRR9867827	0.9914184966835375
DACT2	SRR9867828	18.194240505045308
DACT2	SRR9867829	4.847683036833446
DACT2	SRR9867830	1
DACT2	SRR9867831	4.026416466411268
DACT2	SRR9879292	0.5314585139490635
DACT2	SRR9879293	1.014555769133056
DACT2	SRR9879294	1.0200688164522311
DACT2	SRR9879295	1.0197229922840128
DACT2	SRR9879296	1.0119752694496373
DACT2	SRR9879297	2.030987108980967
DACT2	SRR9879298	1.010653880234263
DACT2	SRR9879299	1.002913173016367
DACT2	SRR9879300	1.0146608527462948
DACT2	SRR9879301	1.000359860831218
DACT2	SRR9879302	1.0103414411561347
DACT2	SRR9879303	1.0041769234190894
DACT2	SRR9879304	1.0167059661554507
DACT2	SRR9879305	1.010080666465452
DACT2	SRR9879306	1
DACT2	SRR9879307	0.7185907521193264
DACT2	SRR9879308	1.011384661421074
DACT2	SRR9879309	1.0106568426916576
DACT2	T50_307	7.037570387893407
DACT2	T50_313	1.016019416300132
DACT2	T50_317	6.0984412603885225
DACT2	T50_324	6.06346530502385
DACT2	T50_427	1.0156539222354464
DACT2	T50_428	1.0065410016108964
DACT2	T50_431	1.0047497319970449
DACT2	T50_436	1.0071833620330328
DACT2	T50_476	1.0072834565655588
DACT2	UN_307	3.0386158316657137
DACT2	UN_313	1.0139486719753832
DACT2	UN_317	8.063997734410208
DACT2	UN_323	1.0090464643103707
DACT2	UN_324	2.042792658251977
DACT2	UN_427	1.007704297162079
DACT2	UN_428	1.0098893750946523
DACT2	UN_431	1.009106991032158
DACT2	UN_436	1.0071022645360526
DACT2	UN_476	1.0088711650740816
