Gene	sample	counts
FITM1	CM317	2.104321373819842
FITM1	CMCD140	109.01658618743643
FITM1	CMCD147	1.0404565910580479
FITM1	CMCD152	27
FITM1	CMCD154	14.138590577680652
FITM1	CMCD159	29.33021390256664
FITM1	CMCD161	52.159273300788364
FITM1	CMCD174	1.092629434806816
FITM1	CMCD196	64.58814187686629
FITM1	CMCD198	29.855376542216362
FITM1	CMCD203	12.03887175414289
FITM1	CMCD211	17.674331344069177
FITM1	CMCD227	16.442210050669114
FITM1	CMCD240	24.179117012214846
FITM1	CMCD259	21
FITM1	CMCD270	30.155724404856684
FITM1	CMCD275	88.75143835333397
FITM1	CMCD282	93.2107923971181
FITM1	CMCD286	15.080061428675531
FITM1	CMCD287	19
FITM1	CMCD294	29.79065615957748
FITM1	CMCD327	30.154163618258508
FITM1	CMCD335	52.24468227020499
FITM1	CMCD337	12.080091781475824
FITM1	CMCD357	19.401858819542795
FITM1	CMCD398	9.054021219312244
FITM1	CMCD403	47.337507203221094
FITM1	CMCD422	15.03129428124189
FITM1	CMCD426	1.1140469611806236
FITM1	CMCD71	60.38317794166435
FITM1	CMCD72	1.1510750061651915
FITM1	CMCD76	11.025269353245122
FITM1	CMCD88	26.004677770007135
FITM1	CMSA256	30
FITM1	CMSA316	8.065236091666934
FITM1	CMUC110	19
FITM1	CMUC192	37.49803664061238
FITM1	CMUC199	30.845622162494443
FITM1	CMUC200	28.0655595209379
FITM1	CMUC208	61.14926071820462
FITM1	CMUC231	7
FITM1	CMUC234	11
FITM1	CMUC285	11.122396311892507
FITM1	CMUC291	32.21133981936342
FITM1	CMUC295	37.03329611147633
FITM1	CMUC299	6.01756219407116
FITM1	CMUC301	12.006478077676157
FITM1	CMUC307	19.052443558397414
FITM1	CMUC313	1.0420413939922741
FITM1	CMUC314	6.335079077015238
FITM1	CMUC323	12.289258882696112
FITM1	CMUC324	12.01079873885719
FITM1	CMUC331	23.210621612209163
FITM1	CMUC333	5.1161937700193025
FITM1	CMUC334	1.0150130071590526
FITM1	CMUC346	5.054246919955259
FITM1	CMUC352	14.08475551689794
FITM1	CMUC360	15.021603307653049
FITM1	CMUC363	20.527511354086567
FITM1	CMUC365	12.08030809283886
FITM1	CMUC366	12.04018792649609
FITM1	CMUC368	21
FITM1	CMUC377	28.114293028206685
FITM1	CMUC379	2.141612732620785
FITM1	CMUC380	23.420357760147976
FITM1	CMUC383	51.72858480896697
FITM1	CMUC394	66.5030317466955
FITM1	CMUC419	27.673629811984377
FITM1	CMUC427	39
FITM1	CMUC428	8.050776468962498
FITM1	CMUC431	29.05389997468736
FITM1	CMUC435	38.190738126676116
FITM1	CMUC439	10.064361075814746
FITM1	CMUC89	15
FITM1	CS219	49.12139953173092
FITM1	CS256	56.12823360192093
FITM1	CS257	13.133126130419576
FITM1	CS259	34.05255078172868
FITM1	CS261	46.072036605776745
FITM1	CS266	55.93215375995601
FITM1	CS270	48.624456195032415
FITM1	CS277	16.400656397030335
FITM1	CS288	55.4958650485696
FITM1	CS290	47.375608326859556
FITM1	CS292	67.93662859940007
FITM1	CS293	31.522306343828838
FITM1	CS301	42.096579590009114
FITM1	CS306	42.59332337345968
FITM1	CS308	8.212612921649654
FITM1	CS315	32.89658504278259
FITM1	CS317	1.0722984600508352
FITM1	CS322	21.28179338213489
FITM1	CS327	12.057124526830878
FITM1	CS328	3.1698884835110546
FITM1	CS330	1.0768616883015538
FITM1	CS331	43.80838298581678
FITM1	CS335	3.0288724156343774
FITM1	CS338	14.431657830539754
FITM1	CS339	2.341509547806935
FITM1	CS343	19.153499327097467
FITM1	CS344	7.098918792638862
FITM1	CS350	23.53447444340012
FITM1	CS351	50.415594727141254
FITM1	CS361	6.14394236303769
FITM1	CS388	22.769192213039318
FITM1	CS396	3.0327113891495094
FITM1	CS405	2.050744909730981
FITM1	CS415	1.0768988297741249
FITM1	CS424	1.0376219614625826
FITM1	IM293	36.1920066707182
FITM1	IM296	1.0674965693084089
FITM1	IM297	1.098769887658002
FITM1	IM300	104
FITM1	IM305	83.83415709145916
FITM1	IM309	11.75067721020126
FITM1	IM310	7.096318459207264
FITM1	IM311	37.46164631992035
FITM1	IM316	42.21782673952627
FITM1	IM320	18.856975287747645
FITM1	IM330	17.18010613204028
FITM1	IM332	15.459113526342191
FITM1	IM340	1.056280146775053
FITM1	IM348	7.258730238946168
FITM1	IM354	10.072486895623195
FITM1	IM356	10.086100524478086
FITM1	IM364	16.27818693572712
FITM1	IM372	31.999702971785265
FITM1	IM374	75.56051017273599
FITM1	IM376	22.33382806746044
FITM1	IM381	30.376673729966846
FITM1	IM382	18.573130828528136
FITM1	IM385	17
FITM1	IM390	12.344445590954555
FITM1	IM397	43.48954044110618
FITM1	IM404	32.092240488176785
FITM1	IM409	33.189056688022475
FITM1	IM412	64
FITM1	IM421	18.28617234765988
FITM1	IM425	1.0543133661346646
FITM1	IM432	10.420143643186236
FITM1	IM438	56
FITM1	IM442	1.0426097281187585
FITM1	IM445	5.057773985741171
FITM1	IM448	47.05917720049102
FITM1	IM449	10.084465858122732
FITM1	IM451	31.16077687917415
FITM1	IMSA256	47.19266339027387
FITM1	IMSA276	16
FITM1	IMSA286	21
FITM1	IMSA343	30.37562360640815
FITM1	IS_238	54
FITM1	IS238	197.56689346658436
FITM1	IS243	78
FITM1	IS253	14
FITM1	IS283	79
FITM1	IS322	34.36175061421307
FITM1	IS399	9.06527664204492
FITM1	IS418	1.0947511027862358
FITM1	IS430	9.762793558473748
FITM1	IS437	2.1644767574487536
FITM1	IS444	5.189248613246528
FITM1	R276CMSA	11.714180838690613
FITM1	R286CMSA	21
FITM1	R292CMSA	58.24404200347262
FITM1	R292IMSA	32.306252081932726
FITM1	R308CMSA	10.703545225604541
FITM1	R316IMSA	24.476761295470247
FITM1	R347CMSA	12.81533853092951
FITM1	R347IMSA	4.261633965112479
FITM1	R371CMSA	18.071933223574216
FITM1	SRR10104064	6.678496309041472
FITM1	SRR10104065	6.035193483731332
FITM1	SRR10104066	8.150050672287685
FITM1	SRR10104067	6.13954282362242
FITM1	SRR10104068	4.018685906170092
FITM1	SRR10104069	18.206834443649083
FITM1	SRR10104070	7.207105881900757
FITM1	SRR10104071	1.1619835297694339
FITM1	SRR10104072	4.286892959179024
FITM1	SRR10104073	5.229178938623881
FITM1	SRR10104074	3.299166962381769
FITM1	SRR10104075	3.4642626856801733
FITM1	SRR10104076	12.33388762646967
FITM1	SRR10104077	9.936677088723233
FITM1	SRR10104078	5.209607008084151
FITM1	SRR10104079	8.742852803694255
FITM1	SRR10104080	2.2508561827206126
FITM1	SRR10104081	11.174829800115099
FITM1	SRR10104082	2.171294520562148
FITM1	SRR10104083	3.196790119322748
FITM1	SRR10104084	3.210372464506616
FITM1	SRR10104085	12.269822555855203
FITM1	SRR10104086	2.0498660311026504
FITM1	SRR10104087	8.025678439184835
FITM1	SRR10104088	22.200614255448762
FITM1	SRR10104089	5.693562057821351
FITM1	SRR10104090	6.159032961073389
FITM1	SRR10104091	10.429313075146666
FITM1	SRR10104092	14.178715058525823
FITM1	SRR10104093	2.0695424255078976
FITM1	SRR10104094	3.103332247364533
FITM1	SRR10104095	4.2221186344508945
FITM1	SRR10104096	1.1499993829134103
FITM1	SRR10104097	4.261731838963101
FITM1	SRR10104098	8.239732353042786
FITM1	SRR10104099	4.19325927802039
FITM1	SRR10104100	2.0585601119876684
FITM1	SRR10104101	8.044630539064235
FITM1	SRR10104102	17.261017464025862
FITM1	SRR10104103	5.266548505236958
FITM1	SRR10104104	4.062064011863458
FITM1	SRR10104105	2.1675839769001293
FITM1	SRR10104106	2.267422074545527
FITM1	SRR10104107	2.0191764568490655
FITM1	SRR10104108	13.089177925012768
FITM1	SRR10104109	3.3669232326767764
FITM1	SRR10104110	1.1932010382175424
FITM1	SRR10104111	1.0329711095071032
FITM1	SRR10104112	2.379744782138404
FITM1	SRR10104113	9.326568760871945
FITM1	SRR10104114	1.1753108824133915
FITM1	SRR10104115	1.1481195623107094
FITM1	SRR10104116	11.523855103659377
FITM1	SRR10104117	4.157171048836555
FITM1	SRR10104118	2.2959804707743263
FITM1	SRR10104119	1.1922096850664645
FITM1	SRR10104120	1.0274397025883788
FITM1	SRR10104121	5.422835061523972
FITM1	SRR10104122	3.2792853180423736
FITM1	SRR10104123	4.340272242339504
FITM1	SRR10104124	1.1194016065014738
FITM1	SRR10104125	3.309696626610502
FITM1	SRR10104126	4.161435938730909
FITM1	SRR10104127	4.75864060279381
FITM1	SRR10104128	5.144790588804282
FITM1	SRR10104129	13.343528438211488
FITM1	SRR10104130	6.25261363840715
FITM1	SRR10104131	3.034061234093305
FITM1	SRR10104132	7.05065055567851
FITM1	SRR10104133	1.1678104114751833
FITM1	SRR10104134	6.18252277837576
FITM1	SRR10104135	3.3143775682112415
FITM1	SRR10104136	9.135481036220105
FITM1	SRR10104137	2.2223086703826573
FITM1	SRR10104138	4.794850158258055
FITM1	SRR10104139	12.136611613218665
FITM1	SRR10104140	1.1457522859106466
FITM1	SRR10104141	8.489745661674357
FITM1	SRR10104142	1.0527512259784992
FITM1	SRR10104143	9.073741603052321
FITM1	SRR10104144	5.305416058163166
FITM1	SRR10104145	2.12906032957427
FITM1	SRR10104146	17.1636805081852
FITM1	SRR10104147	23.039307565078833
FITM1	SRR10104148	2.1062931336637565
FITM1	SRR10104149	3.143850038816611
FITM1	SRR10104150	12.139825025650318
FITM1	SRR10104151	25.19149657896901
FITM1	SRR10104152	45.25304218290317
FITM1	SRR10104153	3.3152579010728442
FITM1	SRR10104154	9.275947078045126
FITM1	SRR10104155	2.1812101606656795
FITM1	SRR10104156	11.044738670730515
FITM1	SRR10104157	5.250797022766351
FITM1	SRR10104158	10.205995039478944
FITM1	SRR10104159	14.177418975687194
FITM1	SRR10104160	1.1286682368212853
FITM1	SRR10104161	24.041419284859515
FITM1	SRR10104162	12.245779142446162
FITM1	SRR10104163	1.0302878151561219
FITM1	SRR10104164	3.0590395474724192
FITM1	SRR10104165	7.27383652086742
FITM1	SRR10104166	8.328883125529797
FITM1	SRR10104167	10.226405407254507
FITM1	SRR10104168	2.0580075846480503
FITM1	SRR10104169	6.149483034636464
FITM1	SRR10104170	4.120809810605506
FITM1	SRR10104171	11.26514370233023
FITM1	SRR10104172	4.13698954565312
FITM1	SRR10104173	5.309042651091072
FITM1	SRR10104174	12.410477714259757
FITM1	SRR10104175	3.0679835966369837
FITM1	SRR10104176	6.135618319254192
FITM1	SRR10104177	11.280021024155978
FITM1	SRR10104178	6.232174347531105
FITM1	SRR10104179	12.419796497209035
FITM1	SRR10104180	7.1540483459045
FITM1	SRR10104181	5.13522890032768
FITM1	SRR10104182	9.319231101672624
FITM1	SRR10104183	11.533860739736635
FITM1	SRR10104184	4.085593119802417
FITM1	SRR10104185	7.458515948458679
FITM1	SRR10104186	5.167038577288784
FITM1	SRR10104187	5.398788900715686
FITM1	SRR10104188	5.277931194939063
FITM1	SRR10104189	1.0614348924771675
FITM1	SRR10104190	2.298203311333197
FITM1	SRR10104191	4.568515033666837
FITM1	SRR10104192	9.235626772165967
FITM1	SRR10104193	22.88616803584117
FITM1	SRR10104194	9.391036347539401
FITM1	SRR10104195	11.467810404274692
FITM1	SRR10104196	5.205436846223898
FITM1	SRR10104197	5.084718117581609
FITM1	SRR10104198	11.285469867807745
FITM1	SRR10104199	2.1691046185110485
FITM1	SRR10104200	5.178804919508849
FITM1	SRR10104201	17.44704240375578
FITM1	SRR10104202	8.547562571598025
FITM1	SRR10104203	15.340794126045102
FITM1	SRR10104204	16.50578452818237
FITM1	SRR10104205	4.10792707187659
FITM1	SRR10104206	3.0870552161961875
FITM1	SRR10104207	14.460580062860123
FITM1	SRR10104208	3.0530683104757026
FITM1	SRR10104209	7.162390974028964
FITM1	SRR10104210	7.185250765356102
FITM1	SRR10104211	12.225595251855845
FITM1	SRR10104212	15.281781978105334
FITM1	SRR10104213	2.1214487497574246
FITM1	SRR10104214	9.272257549150865
FITM1	SRR10104215	25.268164902441345
FITM1	SRR10104216	1.062180780035933
FITM1	SRR10104217	11.27512136464121
FITM1	SRR10104218	13.852340361535525
FITM1	SRR10104219	4.261059338816993
FITM1	SRR10104220	16.56910924512554
FITM1	SRR10104221	5.452583163554061
FITM1	SRR10104222	5.193663658316374
FITM1	SRR10104223	5.900836102459608
FITM1	SRR10104224	2.0509986622008256
FITM1	SRR10104225	3.0949811283921456
FITM1	SRR10104226	5.196384519676603
FITM1	SRR10104227	1.0779388239392174
FITM1	SRR10104228	10.108894698149411
FITM1	SRR10104229	14.523064988187581
FITM1	SRR10104230	3.312225696241078
FITM1	SRR10104231	1.07822501247679
FITM1	SRR10104232	1.0611514448074382
FITM1	SRR10104233	1.0734096428277802
FITM1	SRR10104234	34.79671756667746
FITM1	SRR10104235	12.530298305947595
FITM1	SRR10104236	66.6142509126475
FITM1	SRR10104237	14.259907160633302
FITM1	SRR10104238	21.43953387426739
FITM1	SRR10104239	3.190074460548704
FITM1	SRR10104240	9.67462192573888
FITM1	SRR10104241	4.1637615707820785
FITM1	SRR10104242	12.787608043920736
FITM1	SRR10104243	4.2749947262856125
FITM1	SRR10104244	6.239289526172105
FITM1	SRR10104245	5.209058811165018
FITM1	SRR10104246	2.217657139682806
FITM1	SRR10104247	5.289772390159263
FITM1	SRR10104248	3.2295876732784654
FITM1	SRR10104249	9.245984283772826
FITM1	SRR10104250	6.943185317031702
FITM1	SRR10104251	14.65959923081407
FITM1	SRR10104252	3.551629716353432
FITM1	SRR10104253	4.39965026137284
FITM1	SRR10104254	21.786863509019618
FITM1	SRR10104255	3.0937336573505485
FITM1	SRR10104256	11.324766160203803
FITM1	SRR10104257	8.304982574517544
FITM1	SRR10104258	27.83479002833582
FITM1	SRR10224277	3.073697591463392
FITM1	SRR10224278	1.0942848190075063
FITM1	SRR10224279	1.0908476973919505
FITM1	SRR10224280	1.0228352144410537
FITM1	SRR10224281	3.0485434646414373
FITM1	SRR10224282	1.0506840927867773
FITM1	SRR10224283	1.04241966767901
FITM1	SRR10224284	1.1113405704367834
FITM1	SRR10224285	1.1302600125483513
FITM1	SRR10224286	1.0254727500696328
FITM1	SRR10224287	6.205238857129879
FITM1	SRR10224288	3.2947508208178924
FITM1	SRR10224289	1.095574558517596
FITM1	SRR10224290	1.0979938990127511
FITM1	SRR10224291	1.031258864476703
FITM1	SRR10224292	4.047597669320135
FITM1	SRR10224293	2.0616509345705016
FITM1	SRR10224294	1.0583494992707134
FITM1	SRR10224295	1.0871371976243258
FITM1	SRR10224296	1.0551062717044821
FITM1	SRR10224297	1.1298237190995832
FITM1	SRR10224298	1.0332669442805347
FITM1	SRR10318388	15.113467559980801
FITM1	SRR10318389	25.120198074879344
FITM1	SRR10318390	12.150591141896882
FITM1	SRR10318391	3.0365648384728443
FITM1	SRR10318392	8.113329696545115
FITM1	SRR10318393	18.052437114294605
FITM1	SRR10318394	16.217627437168936
FITM1	SRR10318395	27.12290856699164
FITM1	SRR10318396	8.066029533590712
FITM1	SRR10318397	16.097019143114473
FITM1	SRR10318398	40.14363466614794
FITM1	SRR10318399	1.0502301871086661
FITM1	SRR10318400	60.90179682948012
FITM1	SRR10318401	10.036964837029803
FITM1	SRR10318402	27.11637174657179
FITM1	SRR10318403	16.07937953823197
FITM1	SRR10318404	27.048163123809825
FITM1	SRR10318405	16.04034795114167
FITM1	SRR10318406	25.11686789313503
FITM1	SRR10318407	17.169938812710143
FITM1	SRR10318408	10.03093611368694
FITM1	SRR10318409	25.07945680361651
FITM1	SRR10318410	14.057857029339251
FITM1	SRR10318411	13.048054288138744
FITM1	SRR10318412	42.207989022011404
FITM1	SRR10318413	14.05520615971316
FITM1	SRR10318414	18.108837902778472
FITM1	SRR10318415	16.10566990968171
FITM1	SRR10318416	25.253191299764946
FITM1	SRR10318417	47.34442394343314
FITM1	SRR10318418	10.038295612714526
FITM1	SRR10318419	12.049021573758194
FITM1	SRR10318420	32.05859917783803
FITM1	SRR10318421	8.03884376803464
FITM1	SRR10318422	10.021611084168653
FITM1	SRR10318423	12.019243399870353
FITM1	SRR10318424	11.023465779650033
FITM1	SRR10318425	52.34485202713471
FITM1	SRR10318426	1.095574558517596
FITM1	SRR10318427	3.324757199681132
FITM1	SRR10318428	17.023733066187017
FITM1	SRR10318429	27.109015728889478
FITM1	SRR10318430	28.24782838537706
FITM1	SRR10318431	14.07365967581177
FITM1	SRR10318432	34.06122038709262
FITM1	SRR10318433	1.275527749073799
FITM1	SRR10318434	15.047527643754979
FITM1	SRR10318435	30.18213335728159
FITM1	SRR10318436	9.025544644787203
FITM1	SRR10318437	39.028074195327896
FITM1	SRR10318438	4.005162750945898
FITM1	SRR10318439	7.028928514669626
FITM1	SRR10318440	19.304306670272904
FITM1	SRR10318441	11.030884022326974
FITM1	SRR10318442	31.902015053859298
FITM1	SRR10318443	5.01162311091715
FITM1	SRR10318444	11.096718474815653
FITM1	SRR10318445	10.124257547386078
FITM1	SRR10318446	12.048121973940813
FITM1	SRR10318447	14.150378610420459
FITM1	SRR10318448	5.035887310330131
FITM1	SRR10318449	18.03783694969905
FITM1	SRR10318450	11.059377251859233
FITM1	SRR10318451	8
FITM1	SRR10318452	5.031735293101561
FITM1	SRR10318453	15.301924413014095
FITM1	SRR10318454	8.038352301396355
FITM1	SRR10318455	19.116896087116007
FITM1	SRR10318456	6.04015404641943
FITM1	SRR10318457	11.018161143392195
FITM1	SRR10318458	6.078364599000633
FITM1	SRR10318459	7.046698474875588
FITM1	SRR10318460	14.05662268545356
FITM1	SRR10318461	10.035908666536985
FITM1	SRR10318462	9.061336338567493
FITM1	SRR10318463	12.03839011304703
FITM1	SRR10318464	11.070260534533054
FITM1	SRR10318465	33.03317254902949
FITM1	SRR10318466	13.124442139493597
FITM1	SRR10318467	11.056796595548727
FITM1	SRR10318468	19.188605160486215
FITM1	SRR10318469	9.03362976321868
FITM1	SRR10318470	15
FITM1	SRR10318471	14
FITM1	SRR10318472	17.07639788033818
FITM1	SRR10318473	13.051376256063277
FITM1	SRR10318474	17.072804236456278
FITM1	SRR10318475	20.08203899828557
FITM1	SRR10318476	19.070491137674622
FITM1	SRR10318495	25.0296330961118
FITM1	SRR10318496	14.125147650385744
FITM1	SRR10318497	9.051960054647227
FITM1	SRR10318498	29.027391593676107
FITM1	SRR10318499	13.01580708639612
FITM1	SRR10318500	9.052460817344947
FITM1	SRR10318501	22.108471016994308
FITM1	SRR10318502	13.007017917482504
FITM1	SRR10318503	33.0628989326946
FITM1	SRR10318504	11.075038707296825
FITM1	SRR10318505	33.02375508835437
FITM1	SRR10318506	10.121400880581671
FITM1	SRR10318507	21.25789706341851
FITM1	SRR10318508	23.717915668248857
FITM1	SRR10318509	25.17636525531358
FITM1	SRR10318510	13.105629076602202
FITM1	SRR10318511	19.02394151188533
FITM1	SRR10318512	7.054263875603681
FITM1	SRR10318513	18.060833986120834
FITM1	SRR10318514	25.116337169535807
FITM1	SRR10318515	15.18277524125259
FITM1	SRR10318516	11.066512051697956
FITM1	SRR10318517	25.06755287188902
FITM1	SRR10318518	18.132133878785762
FITM1	SRR10318519	10.048247538699457
FITM1	SRR10318520	26.052298168046683
FITM1	SRR10318521	15.055129131438253
FITM1	SRR10318522	21.02931731705455
FITM1	SRR10318523	17.039052636833368
FITM1	SRR10318524	8.063466329216501
FITM1	SRR10318525	29.18366995655202
FITM1	SRR10318526	11.072974450343336
FITM1	SRR10318527	22.007916938286794
FITM1	SRR10318528	40.10319235634778
FITM1	SRR10318529	13.029465474994879
FITM1	SRR10318530	11.075856089214035
FITM1	SRR10318531	39.35347128110394
FITM1	SRR10318532	22.187090648688773
FITM1	SRR10318533	11.260186234479345
FITM1	SRR10318534	33.59003382685529
FITM1	SRR10318535	6.094815734792416
FITM1	SRR10318536	9.037316043243258
FITM1	SRR10318537	39.432211748380176
FITM1	SRR10318538	14.026684395688621
FITM1	SRR10318539	8.060023240385473
FITM1	SRR10318540	19.105413484600724
FITM1	SRR10318541	13.096201760543767
FITM1	SRR10318542	17.14104368691888
FITM1	SRR10318543	16.163704190956814
FITM1	SRR10318544	14.035247090902468
FITM1	SRR10318545	25.222550147645336
FITM1	SRR10318546	12.017282646122439
FITM1	SRR10318547	7.0284987906984275
FITM1	SRR10318548	21.10354051622184
FITM1	SRR10318549	6.043064772396157
FITM1	SRR10318568	11.03530785387915
FITM1	SRR10318569	13.011698633761956
FITM1	SRR10318570	19.2088779228374
FITM1	SRR10318571	12.01079873885719
FITM1	SRR10318572	10.048247538699457
FITM1	SRR10318573	20.030912224546277
FITM1	SRR10318574	35.08704512879935
FITM1	SRR10318575	15.072371308049183
FITM1	SRR10318576	11.04823559105208
FITM1	SRR10318577	27.080964476979627
FITM1	SRR10318578	17.01529821338102
FITM1	SRR10318579	15.047527643754979
FITM1	SRR10318580	18.02592396918366
FITM1	SRR10318581	17
FITM1	SRR10875803	17.95402579082512
FITM1	SRR10875804	9.424699485259746
FITM1	SRR10875805	9.358648198720212
FITM1	SRR10875806	17.34151480580335
FITM1	SRR10875807	10.660780707307314
FITM1	SRR10875808	9.133292956158376
FITM1	SRR10875809	12.694844521226077
FITM1	SRR10875810	15.46553326427995
FITM1	SRR10875812	8
FITM1	SRR10875813	16.28549635547843
FITM1	SRR10875814	24.097710139537465
FITM1	SRR10875815	20
FITM1	SRR10875816	17
FITM1	SRR10875817	7.7204603860370185
FITM1	SRR10875818	7.2683113479324275
FITM1	SRR10875819	12
FITM1	SRR10875820	7.469074603724527
FITM1	SRR10875821	27.641543200197056
FITM1	SRR10875822	14.801198485228896
FITM1	SRR10875823	21
FITM1	SRR10875824	10.292606389694528
FITM1	SRR10875825	7.01281857015207
FITM1	SRR10875826	15.202059821874728
FITM1	SRR10875827	12.172666167228058
FITM1	SRR10875829	10.560499137105355
FITM1	SRR10875830	11
FITM1	SRR10875831	21.07633754582165
FITM1	SRR10875832	20
FITM1	SRR10875834	26.089021690117054
FITM1	SRR10875835	13
FITM1	SRR10875836	16.96872587008648
FITM1	SRR10875837	6.433088282818364
FITM1	SRR10875838	20
FITM1	SRR10875839	12.604977313399843
FITM1	SRR10875840	16.341336833815568
FITM1	SRR10875841	5.019369131864449
FITM1	SRR10875842	9.036659833889376
FITM1	SRR10875843	11.03950673460681
FITM1	SRR10875844	8.038036211621383
FITM1	SRR10875845	19.030194845055696
FITM1	SRR10875846	6.951493364863552
FITM1	SRR10875847	12.046117670953375
FITM1	SRR10875848	22
FITM1	SRR10875849	22.212763191868245
FITM1	SRR10875850	12.002158970772523
FITM1	SRR10875851	22.756040944043804
FITM1	SRR10875852	18.616525696783846
FITM1	SRR10875853	16.036265199993696
FITM1	SRR10875854	11.779379360991877
FITM1	SRR10875855	16.099773710868536
FITM1	SRR10875856	14.859843728734628
FITM1	SRR10875857	7.54034267120167
FITM1	SRR10875858	15.004609616477655
FITM1	SRR10875859	23
FITM1	SRR10875860	13.090552229170665
FITM1	SRR10875861	8.87376109181406
FITM1	SRR10875862	6.975080807117318
FITM1	SRR10875863	10.05473002259397
FITM1	SRR10875864	20
FITM1	SRR10875865	9.32363939725718
FITM1	SRR10875866	9.672640590454726
FITM1	SRR10875867	5.763572280343687
FITM1	SRR10875868	9.842515573492054
FITM1	SRR10875869	10
FITM1	SRR10875870	8.78578071883964
FITM1	SRR10875871	21.00377819885192
FITM1	SRR10875872	15.79052617715347
FITM1	SRR10875873	9.686070877899555
FITM1	SRR10875874	7.623269973993657
FITM1	SRR10875875	12.857051811416028
FITM1	SRR10875876	15
FITM1	SRR10875877	9.711220026253645
FITM1	SRR10875878	7.055705292791656
FITM1	SRR10875879	10
FITM1	SRR10875880	23.093252063889818
FITM1	SRR10875881	10.940883515741472
FITM1	SRR10875882	17
FITM1	SRR10875883	21.13638232119929
FITM1	SRR10875884	10.72145427008414
FITM1	SRR10875885	29.05527481964071
FITM1	SRR10875886	30.226935119961603
FITM1	SRR10875887	12
FITM1	SRR10875888	9.25440242609628
FITM1	SRR10875889	7.015866024997242
FITM1	SRR10875890	21.047598074991726
FITM1	SRR10875891	21
FITM1	SRR10875892	15.968410156104994
FITM1	SRR10875893	12
FITM1	SRR10875894	11.415006320918668
FITM1	SRR10875895	18
FITM1	SRR10875896	19.192119341152992
FITM1	SRR10875897	21.054819605734156
FITM1	SRR10875898	17.154584071568475
FITM1	SRR10875899	13.506838974833192
FITM1	SRR10875900	8.030525515765495
FITM1	SRR10875901	16.03540102397494
FITM1	SRR10875902	42.19504817289184
FITM1	SRR12430469	5
FITM1	SRR12430470	5.9658372914069755
FITM1	SRR12430471	9.73304284575122
FITM1	SRR12430472	5.784065350997884
FITM1	SRR12430473	6
FITM1	SRR12430474	10.878985647014856
FITM1	SRR12430475	3.2638198486806935
FITM1	SRR12430476	6
FITM1	SRR12765534	18
FITM1	SRR12765535	8.02126321151926
FITM1	SRR12765536	12.055549206630527
FITM1	SRR12765537	6.025429914110237
FITM1	SRR12765538	17.583046551929716
FITM1	SRR12765539	9.282715303546293
FITM1	SRR12765540	6.018793721891143
FITM1	SRR12765541	6.058221907960764
FITM1	SRR12765542	26
FITM1	SRR12765543	9.1477423324786
FITM1	SRR12765544	46.53383015636073
FITM1	SRR12765545	12.113606041606348
FITM1	SRR12765546	12.363096102392216
FITM1	SRR12765547	9.072952180507778
FITM1	SRR12765548	10.204595735015827
FITM1	SRR12765549	6.046040957656544
FITM1	SRR12765550	3.1203522720278523
FITM1	SRR12765551	7.096961941070242
FITM1	SRR12765552	8.3326834783775
FITM1	SRR12765553	5.2239377065472405
FITM1	SRR12765554	12.383249491548254
FITM1	SRR12765555	13.270142902308901
FITM1	SRR12765556	1.0154992904437379
FITM1	SRR12765557	6.063184281580671
FITM1	SRR12765558	4.206658798441562
FITM1	SRR12765559	31.059086876167658
FITM1	SRR12765560	7.135203510963887
FITM1	SRR12765561	17.04825099570916
FITM1	SRR12765562	6.094443119191643
FITM1	SRR12765563	2.014622592404181
FITM1	SRR12765564	14.029636863711088
FITM1	SRR12765565	5.021332291160829
FITM1	SRR12765566	6.043249506731167
FITM1	SRR12765567	13.172771339757192
FITM1	SRR12765568	3.0312185261340905
FITM1	SRR12765569	21.241668871561497
FITM1	SRR12765570	16.11483939305642
FITM1	SRR12765571	23.257341433297398
FITM1	SRR12765572	10.066284645369288
FITM1	SRR12765573	9.311251869122605
FITM1	SRR12765574	20.13919206521354
FITM1	SRR12765575	5.121115617718509
FITM1	SRR12765576	6.149655954525811
FITM1	SRR12765577	2.092011945364681
FITM1	SRR12765578	22.334069908887205
FITM1	SRR12765579	4.034199030334316
FITM1	SRR12765580	18.20562048843755
FITM1	SRR12765581	10.162640458244836
FITM1	SRR12765582	10.010052287584692
FITM1	SRR12765583	8.071157035462695
FITM1	SRR12765584	15.187922445776838
FITM1	SRR12765585	9.100420625111958
FITM1	SRR12765586	9.047798319362881
FITM1	SRR12765587	3.0354991612808306
FITM1	SRR12765588	8.055970312824067
FITM1	SRR12765589	8.14700270256722
FITM1	SRR12765590	8.23537322727897
FITM1	SRR12765591	2.0562669413136656
FITM1	SRR12765592	10.165367644372587
FITM1	SRR12765593	6.050597673428567
FITM1	SRR12765594	17.395676514070797
FITM1	SRR12765595	3.036054663518931
FITM1	SRR12765596	8.035706295012817
FITM1	SRR12765597	6.04850136182126
FITM1	SRR12765598	3.0216950304135266
FITM1	SRR12765599	8.024748890949551
FITM1	SRR12765600	7.301654789531622
FITM1	SRR12765601	2.0443244790524675
FITM1	SRR12765602	18.156104935194293
FITM1	SRR12765603	11.110364837438665
FITM1	SRR12765604	20.163260353818856
FITM1	SRR12765605	4.031262961622918
FITM1	SRR12765606	15.199553376846552
FITM1	SRR12765607	6.05270248690371
FITM1	SRR12765608	20.177637079583594
FITM1	SRR12765609	4.019408924954708
FITM1	SRR12765610	20.175279575886577
FITM1	SRR12765611	8.04449579102119
FITM1	SRR12765612	19.08667136797369
FITM1	SRR12765613	7.042256871483911
FITM1	SRR12765614	16.07479545160642
FITM1	SRR12765615	13.11938172164152
FITM1	SRR12765616	11.068015016943734
FITM1	SRR12765617	23.195626537721637
FITM1	SRR12765618	5.117860436453591
FITM1	SRR12765619	11.240777854311204
FITM1	SRR12765620	9.073629632656948
FITM1	SRR12765621	9.023608381094835
FITM1	SRR12765622	1.0220255670364495
FITM1	SRR12765623	22
FITM1	SRR12765624	8.031835785604896
FITM1	SRR12765625	5.041788271524927
FITM1	SRR12765626	9.044650990255482
FITM1	SRR12765627	8.00431871845077
FITM1	SRR12765628	1.0416404899160054
FITM1	SRR12765629	3.0974508496970627
FITM1	SRR12765630	12.020709642429757
FITM1	SRR12765631	2.012120316232804
FITM1	SRR12765632	6.03951108777908
FITM1	SRR12765633	1.0195633163121216
FITM1	SRR12765634	6.0327939051431585
FITM1	SRR12765635	13.30178475867105
FITM1	SRR12765636	15.183296014944535
FITM1	SRR12765637	11.392434576420042
FITM1	SRR12765638	18
FITM1	SRR12765639	11.343622113728648
FITM1	SRR12765640	12.060966925391492
FITM1	SRR12765641	5.095550975526759
FITM1	SRR12765642	13.031809661256723
FITM1	SRR12765643	2.0283400598437025
FITM1	SRR12765644	8.028701047722162
FITM1	SRR12765645	6.173955603576237
FITM1	SRR12765646	16.109264991683666
FITM1	SRR12765647	2.0585939906242605
FITM1	SRR12765648	21.2500417845718
FITM1	SRR12765649	7.346769835001532
FITM1	SRR12765650	2.036769121918001
FITM1	SRR12765651	4.11312086797749
FITM1	SRR12765652	2.0215674977680456
FITM1	SRR12774664	27.143518959414983
FITM1	SRR12774665	6.08133998268242
FITM1	SRR12774666	22.235215751575637
FITM1	SRR12774667	10.15112987886643
FITM1	SRR12774668	9.48073657368623
FITM1	SRR12774669	6.111735664171635
FITM1	SRR12774670	16.78580831878204
FITM1	SRR12774671	16.775448904370606
FITM1	SRR12774672	17.10529534433955
FITM1	SRR12774673	13.18662918757912
FITM1	SRR12774674	13.317736959520014
FITM1	SRR12774675	10.346520925805718
FITM1	SRR12774676	11.07210246874515
FITM1	SRR12774677	10.109759582725257
FITM1	SRR12774678	16.702155347645384
FITM1	SRR12774679	31.72585440762721
FITM1	SRR12774680	10.142412524286229
FITM1	SRR12774681	16.139680701938545
FITM1	SRR12774682	14.149137965829883
FITM1	SRR12774683	15.10719726640685
FITM1	SRR12774684	22.11635568393424
FITM1	SRR12774685	10.073894622198626
FITM1	SRR12774686	6.109010002884344
FITM1	SRR12774687	27.79543144405258
FITM1	SRR1609360	13.644962225001365
FITM1	SRR1609361	12.317307821075278
FITM1	SRR1609362	17.096002101460925
FITM1	SRR1609363	20.148677685990375
FITM1	SRR1609364	15.13122159943274
FITM1	SRR1609365	17.24877771059945
FITM1	SRR1609366	17.097860374907388
FITM1	SRR1609367	13.035525972581166
FITM1	SRR1609368	19.10740642333962
FITM1	SRR1609369	17.01529821338102
FITM1	SRR1609370	10.02086285416126
FITM1	SRR1609371	14.426949610873107
FITM1	SRR1609372	13.01072715888799
FITM1	SRR1609373	20.151225109976878
FITM1	SRR1609374	15.039408772235811
FITM1	SRR1609375	16.10663701414317
FITM1	SRR1609376	9.146371738995809
FITM1	SRR1609377	11.059192006628297
FITM1	SRR1609378	42.74646038045197
FITM1	SRR1609379	14.02563714030414
FITM1	SRR1609380	8.128019183312755
FITM1	SRR1609381	9.006478660460283
FITM1	SRR1609382	23.334764026683636
FITM1	SRR1609383	5.0526346315429045
FITM1	SRR1609384	11.10867004735471
FITM1	SRR1609385	12.089849464718233
FITM1	SRR1609386	15.101974267735748
FITM1	SRR1609387	21.159744882786516
FITM1	SRR1609388	9.117334847227058
FITM1	SRR1609389	15.038034012990536
FITM1	SRR1609390	11.144768656177165
FITM1	SRR1609391	17.029069691608477
FITM1	SRR1609392	12.189541623269609
FITM1	SRR1609393	24.038683518772757
FITM1	SRR1609394	11.312502697311134
FITM1	SRR1609395	17.0955937135412
FITM1	SRR1609396	11.012517444503096
FITM1	SRR1609397	11.16434361689995
FITM1	SRR1609398	13.061347235234551
FITM1	SRR1609399	11.04254768358582
FITM1	SRR1609400	9.01997234543246
FITM1	SRR1609401	14.151209517982776
FITM1	SRR1609402	25.112349824026737
FITM1	SRR1609403	12.039087327402239
FITM1	SRR1609404	32.39089912328967
FITM1	SRR1609405	11.07510711035383
FITM1	SRR1609406	20.081956917187085
FITM1	SRR1609407	8.01939407405574
FITM1	SRR1609408	20.157594379383546
FITM1	SRR1609409	7.134985397004785
FITM1	SRR1609410	8
FITM1	SRR1609411	2.1069634888895243
FITM1	SRR1609412	6
FITM1	SRR1609413	27.900204282892783
FITM1	SRR1609414	8.013208104285232
FITM1	SRR1609415	11.001979056541481
FITM1	SRR1609416	15.040788062487765
FITM1	SRR1609417	7.047900827961033
FITM1	SRR1609418	11.015994654326128
FITM1	SRR1609419	15.07359481220601
FITM1	SRR1609420	17.0812125243426
FITM1	SRR1609421	4.025972930667917
FITM1	SRR1609422	6.102004474796078
FITM1	SRR1609423	11.597447027481312
FITM1	SRR1609424	21.586653566617837
FITM1	SRR1609425	11.018161143392195
FITM1	SRR1609426	15.071642689837452
FITM1	SRR1609427	12.063874407838549
FITM1	SRR1609428	12.104703918827601
FITM1	SRR1609429	6.007744126418847
FITM1	SRR1609430	5.020884617095447
FITM1	SRR1609431	3.0227538888357772
FITM1	SRR1609432	10.015456112273139
FITM1	SRR1609433	16.13586159817974
FITM1	SRR1609434	57.87119441271899
FITM1	SRR1609435	11.050746227909935
FITM1	SRR1609436	6.019644493106689
FITM1	SRR1609437	8.17730262926875
FITM1	SRR1609438	21.684454580498187
FITM1	SRR1609439	7.105307073489704
FITM1	SRR1609440	18.046436560356504
FITM1	SRR1609441	10.02266574999606
FITM1	SRR1609442	27.20006039086365
FITM1	SRR1609443	10.08915652491251
FITM1	SRR1609444	16.00863743690154
FITM1	SRR1609445	9.031765595736381
FITM1	SRR1609446	6.068575558043772
FITM1	SRR1609447	1.2343308859580486
FITM1	SRR1609448	12.106621280841912
FITM1	SRR1609449	13.032564410412123
FITM1	SRR1609450	17.03546685207414
FITM1	SRR1609451	5.065789085640955
FITM1	SRR1609452	1.2640053263343127
FITM1	SRR1609453	10.018418386249568
FITM1	SRR1609454	6.098398640764461
FITM1	SRR1609455	1.252344349611058
FITM1	SRR1609456	5.024478370143145
FITM1	SRR1609457	5.033477933841478
FITM1	SRR1609458	3.7227888309430615
FITM1	SRR1609459	5.0195699506140095
FITM1	SRR1609460	6.059393827611626
FITM1	SRR1609461	4.006836098274579
FITM1	SRR1609462	11.04114817229818
FITM1	SRR1609463	4.026417477420427
FITM1	SRR1609464	7.0804356169746425
FITM1	SRR1609465	7.0859423928188265
FITM1	SRR1609466	3.3649282823536364
FITM1	SRR1609467	2.0243081497887836
FITM1	SRR1609468	8.013806428286504
FITM1	SRR1609469	57.01025511116949
FITM1	SRR1609470	6.029113387432061
FITM1	SRR1609471	14.030020510216398
FITM1	SRR1609472	16.31047950793819
FITM1	SRR1609473	24.336243109464544
FITM1	SRR1609474	15.03888756839494
FITM1	SRR1609475	26.576657042553958
FITM1	SRR1609476	17.143986082429254
FITM1	SRR1609477	8.045831924369086
FITM1	SRR1609478	12.279356310246847
FITM1	SRR1609479	17.18101020869049
FITM1	SRR1609480	16
FITM1	SRR1609481	9.095596357467956
FITM1	SRR1609482	9.033390538898505
FITM1	SRR1609483	8.036906347570861
FITM1	SRR1609484	20.161403611966236
FITM1	SRR1609485	6.005399369428595
FITM1	SRR1609486	11.03601490402893
FITM1	SRR1609487	9.035966611787108
FITM1	SRR1609488	3.0043206615306097
FITM1	SRR1609489	25.05547873731239
FITM1	SRR1609490	7.117908329254277
FITM1	SRR1609491	10.035876309652703
FITM1	SRR1609492	26
FITM1	SRR1609493	6.027413974431878
FITM1	SRR1609494	15.089713983817637
FITM1	SRR1609495	14.031732049994485
FITM1	SRR1609496	6.005399369428595
FITM1	SRR1609497	9.008099054142892
FITM1	SRR1609498	6.002159164987308
FITM1	SRR1609499	20.042338376730125
FITM1	SRR1609500	13.02243544596557
FITM1	SRR1609501	7.009034814155321
FITM1	SRR1609502	8.104988638146555
FITM1	SRR1609503	2.515462450334251
FITM1	SRR1609504	12
FITM1	SRR1609505	6
FITM1	SRR1609506	14.27995781382656
FITM1	SRR1609507	3.0184981050954516
FITM1	SRR1609508	14.007557757288849
FITM1	SRR1609509	16.10275519617851
FITM1	SRR1609510	8.045585973675093
FITM1	SRR1609511	4.150076332528666
FITM1	SRR1609512	3.010181237757696
FITM1	SRR1609513	10.032605119068476
FITM1	SRR1609514	3.149415655796775
FITM1	SRR1609515	25.049520945122776
FITM1	SRR1609516	5.021021915363081
FITM1	SRR1609517	4.092102365260089
FITM1	SRR1609518	19.03078748329084
FITM1	SRR1609519	7.012080624750691
FITM1	SRR1609520	33.460508326581895
FITM1	SRR1609521	7.01174882531946
FITM1	SRR1609522	3.0734164410134692
FITM1	SRR1609523	9.0431463390709
FITM1	SRR1609524	10.169007391409332
FITM1	SRR1609525	15.083221172053202
FITM1	SRR1609526	2.04137445195795
FITM1	SRR1609527	13
FITM1	SRR1609528	34.302668200797655
FITM1	SRR1609529	4.104647073150656
FITM1	SRR1609530	6.029357396678014
FITM1	SRR1609531	30.115268182440406
FITM1	SRR1609532	7.051674677639747
FITM1	SRR1609533	3.1164631526780386
FITM1	SRR1609534	10.013180684646345
FITM1	SRR1609535	9.403199447736254
FITM1	SRR1609536	6.067112986707469
FITM1	SRR1609537	26.10080363758522
FITM1	SRR1609538	31
FITM1	SRR1609539	9.056170463905199
FITM1	SRR1609540	27
FITM1	SRR1609541	9.905388101974028
FITM1	SRR1609542	11.026092579497165
FITM1	SRR1609543	18.037553137490267
FITM1	SRR1609544	9.053436409198452
FITM1	SRR1609545	4.633615634163846
FITM1	SRR1609546	7
FITM1	SRR1609547	7.036519553905656
FITM1	SRR1609548	6.1109169193184325
FITM1	SRR1609549	5.054296106501058
FITM1	SRR1609550	29
FITM1	SRR1609551	4.046974109120113
FITM1	SRR1609552	3.013706987215939
FITM1	SRR1609553	8.02126321151926
FITM1	SRR1609554	4.036856675369553
FITM1	SRR1609555	8.02848150541309
FITM1	SRR1609556	6.135617009154509
FITM1	SRR1609557	8.050754589393327
FITM1	SRR1609558	13.056429959148728
FITM1	SRR1609559	1.0429313075146665
FITM1	SRR1609560	14.103883608590532
FITM1	SRR1609561	9.023494116743208
FITM1	SRR1609562	22.022115032686322
FITM1	SRR1609563	9.040294508639064
FITM1	SRR1609564	9.008620766424578
FITM1	SRR1609565	4.101991137383571
FITM1	SRR1609566	20.067593317912035
FITM1	SRR1609567	3.7766702166224047
FITM1	SRR1609568	12
FITM1	SRR1609569	15
FITM1	SRR1609570	4.072428483124546
FITM1	SRR1609571	9.220964802133281
FITM1	SRR1609572	12.162401739302734
FITM1	SRR1609573	2.040350292061208
FITM1	SRR1609574	10.05244567226415
FITM1	SRR1609575	7.515899017882546
FITM1	SRR1609576	15.060404730106697
FITM1	SRR1609577	16.067761299879784
FITM1	SRR1609578	7.012486735802548
FITM1	SRR1609579	9.061461557822062
FITM1	SRR1609580	5.038882928103854
FITM1	SRR1609581	4.1686841220269715
FITM1	SRR1609582	10.084465858122732
FITM1	SRR1609583	5.181226760052263
FITM1	SRR1609584	12.024834004930376
FITM1	SRR1609585	4.003599579619063
FITM1	SRR1609586	3.235874630058878
FITM1	SRR1609587	4.048995360710388
FITM1	SRR1609588	9.126220869098717
FITM1	SRR1609589	16.04252642303852
FITM1	SRR1609590	10.00359860831218
FITM1	SRR1609591	10.032740821844483
FITM1	SRR1609592	5.034645734110367
FITM1	SRR1609593	7.0391262998418656
FITM1	SRR1609594	40.00027870648245
FITM1	SRR1609595	3.0752159770583662
FITM1	SRR1609596	24.0630540355773
FITM1	SRR1609597	15.063526218637296
FITM1	SRR1609598	20.55905641646882
FITM1	SRR1609599	30.645787239192515
FITM1	SRR1609600	2.062572226649056
FITM1	SRR1609601	8.226988642826841
FITM1	SRR1609602	4.6535808988445435
FITM1	SRR1609603	20
FITM1	SRR1609604	27.191761142473418
FITM1	SRR1609605	12.093023786749166
FITM1	SRR1609606	4.065360642840904
FITM1	SRR1609607	4.0202679296148816
FITM1	SRR1609608	5.103298025345704
FITM1	SRR1609609	6.199238999468236
FITM1	SRR1609610	10
FITM1	SRR1609611	29.504518761948855
FITM1	SRR1609612	8.018731291696543
FITM1	SRR1609613	21.018897793000082
FITM1	SRR1609614	3.035654750942369
FITM1	SRR1609615	11.035190936959777
FITM1	SRR1609616	28
FITM1	SRR1609617	21
FITM1	SRR1609618	15.048447652924555
FITM1	SRR1609619	17.062263623144325
FITM1	SRR1609620	55.70607439040239
FITM1	SRR1609621	14.122668652274562
FITM1	SRR1609622	9.357486532015063
FITM1	SRR1609623	3.0582447128738233
FITM1	SRR1609624	1.2336696420287332
FITM1	SRR1609625	15.024305907861189
FITM1	SRR1609626	10.079578989702366
FITM1	SRR1609627	7.039051721681205
FITM1	SRR1609628	15.028798105117408
FITM1	SRR1609629	4.066512060381804
FITM1	SRR1609630	13.036897820248184
FITM1	SRR1609631	9
FITM1	SRR1609632	27
FITM1	SRR1609633	11.040323821970754
FITM1	SRR1609634	11.092423309860914
FITM1	SRR1609635	17.430029176177698
FITM1	SRR1609636	35.15707868877926
FITM1	SRR1609637	9.037258068971852
FITM1	SRR1609638	6.149970294730481
FITM1	SRR1609639	23.128557842337557
FITM1	SRR1609640	7.001259399617306
FITM1	SRR1609641	18.005133101662683
FITM1	SRR1609642	15
FITM1	SRR1609643	5.061387423442019
FITM1	SRR1609644	13.01403962351622
FITM1	SRR1609645	3.009689530584911
FITM1	SRR1609646	9.021595166821026
FITM1	SRR1609647	4.085193188566203
FITM1	SRR1609648	27.098711219394573
FITM1	SRR1609649	2.0166940615573257
FITM1	SRR1609650	12.090276353171763
FITM1	SRR1609651	13.044909611103117
FITM1	SRR1609652	9.032439972597617
FITM1	SRR1609653	9.460248699942914
FITM1	SRR1609654	7.246013481596569
FITM1	SRR1609655	3.020640034984301
FITM1	SRR1609656	19.278572843073093
FITM1	SRR1609657	5.066353068947361
FITM1	SRR1609658	6.1221770461401555
FITM1	SRR1609659	15.121003957021168
FITM1	SRR1609660	7.027641479910446
FITM1	SRR1609661	11.016333761602088
FITM1	SRR1609662	11.051909199044621
FITM1	SRR1609663	5.013342622580001
FITM1	SRR1609664	7.05149000384444
FITM1	SRR1609665	25
FITM1	SRR1609666	26.439218573741268
FITM1	SRR1609667	7.0209164043095535
FITM1	SRR1609668	6.758247147699978
FITM1	SRR1609669	7.138309405709067
FITM1	SRR1746771	1.745627206690342
FITM1	SRR1746772	4.126608938264925
FITM1	SRR1746773	1.528885225043656
FITM1	SRR1746774	4.292390726479596
FITM1	SRR1746775	4.716264414706247
FITM1	SRR1746776	8.231696533064236
FITM1	SRR1746777	5.763414327091956
FITM1	SRR1746778	3.2405599574963393
FITM1	SRR1746779	4.183601572538674
FITM1	SRR1746780	6.354554650539966
FITM1	SRR1746781	4.423921430063173
FITM1	SRR1746782	2.0091379914772927
FITM1	SRR1746783	9
FITM1	SRR1746784	4
FITM1	SRR1782685	4.06548052617215
FITM1	SRR1782686	3.073555520351902
FITM1	SRR1782687	4.049782723662109
FITM1	SRR1782688	10.169436235163218
FITM1	SRR1782689	4.072915667875915
FITM1	SRR1782690	5.10474098579696
FITM1	SRR1782691	7.012604197342598
FITM1	SRR1782692	11.092361861683859
FITM1	SRR1782693	10.09155613559072
FITM1	SRR1782694	9.146561757566305
FITM1	SRR1782695	9.006478660460283
FITM1	SRR1782696	13.044292348721084
FITM1	SRR1782697	12.106735553194042
FITM1	SRR1782698	10.021169188365063
FITM1	SRR1782699	3.0749345412264097
FITM1	SRR1782700	12.093120367046643
FITM1	SRR1782701	3.01913346687303
FITM1	SRR1782702	5.05419485153548
FITM1	SRR1782703	11.043436611287843
FITM1	SRR1782704	8.127997791056341
FITM1	SRR1782705	9.221651295034706
FITM1	SRR1782706	15.03869713363042
FITM1	SRR1782707	11.042885250330505
FITM1	SRR1782708	2.107604297362309
FITM1	SRR1782709	3.15040858107456
FITM1	SRR1782710	6
FITM1	SRR1782711	7.081539092795135
FITM1	SRR1782712	32.38807063576994
FITM1	SRR1782713	26.576960283757014
FITM1	SRR1782714	16.309895967229956
FITM1	SRR1782715	15.037574319706295
FITM1	SRR1782716	57.86427707341418
FITM1	SRR1782717	13.01072715888799
FITM1	SRR1782718	17.24972107411372
FITM1	SRR1782719	12.088968681131089
FITM1	SRR1782720	42.74670165844824
FITM1	SRR1782721	3.365278052978372
FITM1	SRR1782722	17.01529821338102
FITM1	SRR1782723	9.020399174996454
FITM1	SRR1782724	6.069444479641626
FITM1	SRR1782725	17.105588354533797
FITM1	SRR1782726	21.161312354154628
FITM1	SRR1782727	26
FITM1	SRR1782728	14.429499298495017
FITM1	SRR1782729	27.686604908172956
FITM1	SRR1782730	10.014402205102032
FITM1	SRR1782731	6.197402308082323
FITM1	SRR1782732	21.594882207961174
FITM1	SRR1782733	6.059559524364068
FITM1	SRR1782734	16.10148646177995
FITM1	SRR1782735	11.051724078904018
FITM1	SRR1782736	6.1123193746181395
FITM1	SRR1782737	15.025176054255985
FITM1	SRR1782738	13.64870642613963
FITM1	SRR1782739	5.052608741530266
FITM1	SRR1782740	3.0361400828671803
FITM1	SRR1782741	11.601481103046465
FITM1	SRR1782742	29
FITM1	SRR1782743	17.03471568529558
FITM1	SRR1782744	23.11637158131195
FITM1	SRR1782745	7.086398925316173
FITM1	SRR1782746	2.0406081421297304
FITM1	SRR1782747	3.0228606890768277
FITM1	SRR1782748	11.165329418738022
FITM1	SRR1782749	9.117686378242343
FITM1	SRR1782750	6.008453440301461
FITM1	SRR1782751	12.190745831245726
FITM1	SRR1782752	4.02743936154239
FITM1	SRR1782753	4.004252811561096
FITM1	SRR1782754	16.137089259902748
FITM1	SRR1782755	13.035882434692967
FITM1	SRR1782756	24.049677872831086
FITM1	SRR1782757	10.014708341806099
FITM1	SRR1782758	8.01440479696297
FITM1	SRR1782759	13.05816248987433
FITM1	SRR1782760	23.334593417194064
FITM1	SRR1782761	3.371550528808613
FITM1	SRR1782762	17.03880849264089
FITM1	SRR1782763	19.105093467781288
FITM1	SRR1782764	11.013375226950563
FITM1	SRR1782765	12.039657022984224
FITM1	SRR1782766	14.151891375874724
FITM1	SRR1782767	11.109300572950442
FITM1	SRR1782768	16.106666506630855
FITM1	SRR1782769	15.13080784092943
FITM1	SRR1782770	13.061651016478347
FITM1	SRR1782771	15.102438693243819
FITM1	SRR1782772	11.060122159429124
FITM1	SRR1782773	25.110393935622884
FITM1	SRR1782774	15.038285905179574
FITM1	SRR1782775	6.121834321796764
FITM1	SRR1782776	10.152330951494303
FITM1	SRR1782777	11.001979056541481
FITM1	SRR1782778	15.027879297252083
FITM1	SRR1782779	8.227432413255565
FITM1	SRR1782780	8.10517614972355
FITM1	SRR1782781	7.2475133131330685
FITM1	SRR1782782	2.041712884159413
FITM1	SRR1782783	9.057917149606558
FITM1	SRR1782784	3.0102717334750446
FITM1	SRR1782785	16.01727953663535
FITM1	SRR1782786	17.43195502940838
FITM1	SRR1782787	13
FITM1	SRR1782788	9.034189879480238
FITM1	SRR1782789	29.503928432535904
FITM1	SRR1782790	7.03974917331193
FITM1	SRR1782791	9.054148281055783
FITM1	SRR1782792	27.18688360555639
FITM1	SRR1782793	4.150061554785059
FITM1	SRR1782794	9.06228994589736
FITM1	SRR1782795	30.643595492325073
FITM1	SRR1782796	33.48240414552983
FITM1	SRR1782797	40.00246923566873
FITM1	SRR1782798	45.88621509254429
FITM1	SRR1782799	19.03078748329084
FITM1	SRR1782800	7.012604197342598
FITM1	SRR1782801	17.0955937135412
FITM1	SRR1782802	20.1492936238818
FITM1	SRR1782803	14.051940838286564
FITM1	SRR1782804	13.03578047204481
FITM1	SRR1782805	14.025208394685196
FITM1	SRR1782806	21.05710328748287
FITM1	SRR1782807	3.1070984120261516
FITM1	SRR1782808	9.241443187456753
FITM1	SRR1782809	32.44008732991632
FITM1	SRR1782810	32.54188673290526
FITM1	SRR1782811	12.037820477413012
FITM1	SRR1782812	36.46251262253514
FITM1	SRR1782813	32.20213090023
FITM1	SRR1782814	28.36892853992387
FITM1	SRR1782815	28.687387703505177
FITM1	SRR1782816	16.00863743690154
FITM1	SRR1782817	3.0107725999610953
FITM1	SRR1782818	9.126625974169935
FITM1	SRR1782819	20.561332195727335
FITM1	SRR1782820	5.180309048808718
FITM1	SRR1782821	5.01366383560814
FITM1	SRR1782822	20.16063990057058
FITM1	SRR1782823	9.034893566856422
FITM1	SRR1782824	8.046077882581702
FITM1	SRR1782825	15.087730984698098
FITM1	SRR1782826	7.048663204231604
FITM1	SRR1782827	12.162791204459065
FITM1	SRR1782828	24
FITM1	SRR1782829	16
FITM1	SRR1782830	9.35543405278337
FITM1	SRR1782831	7.5174359578595595
FITM1	SRR1782832	21.691287223403737
FITM1	SRR1782833	12.279993792277468
FITM1	SRR1782834	57.01025511116949
FITM1	SRR1782835	27.8903941477782
FITM1	SRR1782836	22.819355055746968
FITM1	SRR1782837	17.478269001166158
FITM1	SRR1782838	5.067008788290929
FITM1	SRR1782839	10.142424851412711
FITM1	SRR1782840	14.120203804173439
FITM1	SRR1782841	7.106877961106277
FITM1	SRR1782842	13
FITM1	SRR1782843	6.149335862270288
FITM1	SRR1782844	18.005133101662683
FITM1	SRR1782845	3.057580327320641
FITM1	SRR1782846	7.039205212632763
FITM1	SRR1782847	1.2341754014728283
FITM1	SRR1782848	1.2339624247168026
FITM1	SRR1782849	3.722345300878772
FITM1	SRR1782850	1.2523904174212142
FITM1	SRR1782851	1.2640085575608608
FITM1	SRR1782852	3.7930340216792726
FITM1	SRR1782853	3.7774033696148677
FITM1	SRR1782854	20.065481643688965
FITM1	SRR1782855	8.019297250778918
FITM1	SRR1782856	7.037409190385651
FITM1	SRR1782857	27.19508626470514
FITM1	SRR1782858	9.009719739357383
FITM1	SRR1782859	11.01782433243154
FITM1	SRR1782860	10.02266574999606
FITM1	SRR1782861	10.018713063353687
FITM1	SRR1782862	17.080223307614414
FITM1	SRR1782863	18.047842225918334
FITM1	SRR1782864	11.14538144597072
FITM1	SRR1782865	5.021413010722434
FITM1	SRR1782866	9.031765595736381
FITM1	SRR1782867	6.10232702944832
FITM1	SRR1782868	17.062318633954803
FITM1	SRR1782869	6.021076208748033
FITM1	SRR1782870	13.032564410412123
FITM1	SRR1782871	12.064573098139961
FITM1	SRR1782872	15.041687974560707
FITM1	SRR1782873	15.070072148137847
FITM1	SRR1782874	4.0260097382482565
FITM1	SRR1782875	19.09854066788093
FITM1	SRR1782876	7.02787897106671
FITM1	SRR1782877	4.013695644633393
FITM1	SRR1782878	10.080565454487205
FITM1	SRR1782879	19.281322802383592
FITM1	SRR1782880	5.021191595091865
FITM1	SRR1782881	16.06683077470543
FITM1	SRR1782882	27.095296787209143
FITM1	SRR1782883	7.01281857015207
FITM1	SRR1782884	28.020155832543104
FITM1	SRR1782885	20
FITM1	SRR1782886	15.08357197810755
FITM1	SRR1782887	22.02047082526745
FITM1	SRR1782888	15.049270676833862
FITM1	SRR1782889	26.113297317590554
FITM1	SRR1782890	11.017001723500453
FITM1	SRR1782891	21.01511687440733
FITM1	SRR1782892	13.024162057618472
FITM1	SRR1782893	15.058819952701963
FITM1	SRR1782894	6.0695586969982
FITM1	SRR1782895	30.11130179632835
FITM1	SRR1782896	25.05402771042163
FITM1	SRR1782897	8.02246110714689
FITM1	SRR1782898	11.024932324995666
FITM1	SRR1782899	26.09861854072572
FITM1	SRR1782900	6.006479826238255
FITM1	SRR1782901	6.006031372550816
FITM1	SRR1782902	10
FITM1	SRR1782903	24.06125744828732
FITM1	SRR1782904	15
FITM1	SRR1782905	14.029636863711088
FITM1	SRR1782906	8.051377598089255
FITM1	SRR1782907	6.0294468415421525
FITM1	SRR1782908	5.01546805684347
FITM1	SRR1782909	15.051818782042057
FITM1	SRR1782910	12
FITM1	SRR1782911	5.035203469226057
FITM1	SRR1782912	17.163360896848573
FITM1	SRR1782913	27
FITM1	SRR1782914	9.025268745540252
FITM1	SRR1782915	15
FITM1	SRR1782916	17.184782778708463
FITM1	SRR1782917	17.055068318369095
FITM1	SRR1782918	16.01727953663535
FITM1	SRR1782919	11
FITM1	SRR1782920	9.009719739357383
FITM1	SRR1782921	20.04172570832252
FITM1	SRR1782922	2.3737223197473916
FITM1	SRR1782923	21.11841685373645
FITM1	SRR1782924	14.072608913175422
FITM1	SRR1782925	25.088821268993904
FITM1	SRR1782926	14.104078511166266
FITM1	SRR1782927	11.032044903180036
FITM1	SRR1782928	23.167839654615854
FITM1	SRR1782929	17.149120319876566
FITM1	SRR1782930	20.058811962241816
FITM1	SRR1782931	14.038258739702794
FITM1	SRR1782932	12.045016529818867
FITM1	SRR1782933	25.56959306037033
FITM1	SRR1782934	19.112873030430052
FITM1	SRR1782935	15.068282537217579
FITM1	SRR1782936	4.1038889995952275
FITM1	SRR1782937	15.119461549699848
FITM1	SRR1782938	2.516200075801242
FITM1	SRR1782939	9.04311983162088
FITM1	SRR1782940	16.042751541364915
FITM1	SRR1782941	5.0396296088086725
FITM1	SRR1782942	9.036242838064018
FITM1	SRR1782943	3.0141570542848966
FITM1	SRR1782944	7.009226479252441
FITM1	SRR1782945	10.053810915116633
FITM1	SRR1782946	18.038899951503574
FITM1	SRR1782947	12.02573186589977
FITM1	SRR1782948	31
FITM1	SRR1782949	9.02269572251719
FITM1	SRR1782950	25
FITM1	SRR1782951	10.033628592261401
FITM1	SRR1782952	4.66671365033986
FITM1	SRR1782953	25.047650706586822
FITM1	SRR1782954	6.758499203199313
FITM1	SRR1782955	35.16464018834802
FITM1	SRR1782956	30.45852337511526
FITM1	SRR1782957	7.1385014396215265
FITM1	SRR1782958	23.127605797148245
FITM1	SRR1782959	24.347605408663046
FITM1	SRR1782960	6
FITM1	SRR1782961	18.06580747959638
FITM1	SRR1782962	7.052037190096632
FITM1	SRR1782963	3.020938265564674
FITM1	SRR1782964	15.00626696378925
FITM1	SRR1782965	7.02206194515759
FITM1	SRR1782966	42
FITM1	SRR1782967	22.09091818896168
FITM1	SRR1782968	9.009719739357383
FITM1	SRR1782969	5.062184040492167
FITM1	SRR1782970	55.70550051118527
FITM1	SRR1782971	26.44539158414879
FITM1	SRR1782972	17.097397846976857
FITM1	SRR1782973	9.465713925869892
FITM1	SRR1782974	7
FITM1	SRR1782975	8.321054413362166
FITM1	SRR1782976	6.059689700925941
FITM1	SRR1782977	7.0025190258185255
FITM1	SRR1782978	20.339428645616
FITM1	SRR1782979	7.059750743884891
FITM1	SRR1782980	8.014270555202911
FITM1	SRR1782981	27.337616576052245
FITM1	SRR1782982	20.117311612437774
FITM1	SRR1782983	13.013067973860101
FITM1	SRR1782984	10.00359860831218
FITM1	SRR1782985	8.054940693720326
FITM1	SRR1782986	9.027566532828756
FITM1	SRR1782987	11.014197565101219
FITM1	SRR1782988	27
FITM1	SRR1782989	11.480040231823176
FITM1	SRR1782990	23.321439691574426
FITM1	SRR1782991	9.037868586745752
FITM1	SRR1782992	8.019575176157984
FITM1	SRR1782993	4.085796787360464
FITM1	SRR1782994	12
FITM1	SRR1782995	2.0169826997724676
FITM1	SRR1782996	9
FITM1	SRR1782997	9.040693151565002
FITM1	SRR1782998	11.040810658653728
FITM1	SRR1782999	3.066266958058578
FITM1	SRR1783000	9.035626976988752
FITM1	SRR1783001	4.067715571892893
FITM1	SRR1783002	7.401149511082675
FITM1	SRR1783003	27
FITM1	SRR1783004	11.050920106077982
FITM1	SRR1783005	6.0977510160336905
FITM1	SRR1783006	9.219165052074647
FITM1	SRR1813867	6.3064719720580955
FITM1	SRR1813868	2.0400341145170353
FITM1	SRR1813869	5.052930990438667
FITM1	SRR1813870	3.78257547795593
FITM1	SRR1813871	5.080043481197301
FITM1	SRR1813872	5.872896964994766
FITM1	SRR1813873	4.540598500147688
FITM1	SRR1813874	7.076326574682189
FITM1	SRR1813875	4
FITM1	SRR1813876	5.026973452362977
FITM1	SRR1813877	6.794643111891262
FITM1	SRR1813878	9.006478660460283
FITM1	SRR1813879	4
FITM1	SRR1813880	8
FITM1	SRR1813881	1.021262493620424
FITM1	SRR1813882	4.582847061954996
FITM1	SRR1813883	2.001766259543233
FITM1	SRR1813884	2.0274160567105386
FITM1	SRR1813885	1
FITM1	SRR1813886	6.0075604774374725
FITM1	SRR1813887	2.0223371207339302
FITM1	SRR1928188	4.032703257524532
FITM1	SRR1928189	3.0218921288629375
FITM1	SRR1928190	7.061311559611075
FITM1	SRR1928191	1.0112464490004
FITM1	SRR1928192	2.025614103381985
FITM1	SRR1928193	3.045645640857917
FITM1	SRR2046996	32.27325031030326
FITM1	SRR2046997	14.153846788962792
FITM1	SRR2046998	9.180126647987912
FITM1	SRR2046999	18.136827125954614
FITM1	SRR2047000	12.126605918606343
FITM1	SRR2047001	25.232584059557023
FITM1	SRR2047002	9.167830274545722
FITM1	SRR2047003	8.188145483554072
FITM1	SRR2047004	17.133033483373033
FITM1	SRR2047005	20.160722303270482
FITM1	SRR2047006	19.28551456423476
FITM1	SRR2047007	7.182568526545139
FITM1	SRR2047008	22.273130622304695
FITM1	SRR2047009	7.1285707130409195
FITM1	SRR2313973	3.0389689769271757
FITM1	SRR2313974	7.053374592785392
FITM1	SRR2313975	3.031333352654605
FITM1	SRR2313976	4.059653042609917
FITM1	SRR2313977	7.061332257928328
FITM1	SRR2313978	3.0814077190281166
FITM1	SRR2313979	1.0105196019933347
FITM1	SRR2313980	7.041251605167353
FITM1	SRR2313981	3.0108010181348157
FITM1	SRR2313982	3.0401097136580275
FITM1	SRR2313983	1.0170847179728304
FITM1	SRR2313984	4.021892009037589
FITM1	SRR2313985	6.117336436532838
FITM1	SRR2313986	6.037530407848117
FITM1	SRR2313987	6.020253388757166
FITM1	SRR2313988	6.054851782367538
FITM1	SRR2313989	4.043231096828708
FITM1	SRR2313990	2.0316303760646286
FITM1	SRR2313991	2.0337030839210968
FITM1	SRR2313992	3.0461192274892075
FITM1	SRR2313993	10.105059337128884
FITM1	SRR2313994	3.0664777011289726
FITM1	SRR2313995	4.017130408577947
FITM1	SRR2313996	3.0136148620843226
FITM1	SRR2313997	2.024561625087477
FITM1	SRR2313998	3.0745478982309074
FITM1	SRR2313999	4.03771778969395
FITM1	SRR2314000	7.061089609431447
FITM1	SRR2314001	2.0282349493869103
FITM1	SRR2314002	1.010893086055989
FITM1	SRR2314003	2.044069578024088
FITM1	SRR2314004	5.040006610909068
FITM1	SRR2314005	5.047859713822199
FITM1	SRR2314006	8.153886449146148
FITM1	SRR2314007	2.0121210249457455
FITM1	SRR2314008	6.007908410787807
FITM1	SRR2314009	3.0248782680171185
FITM1	SRR2314010	8.053091445908485
FITM1	SRR2314011	1.0071913803233676
FITM1	SRR2314012	3.0222386763513724
FITM1	SRR2314013	8.096052012651441
FITM1	SRR2314014	9.104868769237738
FITM1	SRR2314015	6.046963369630123
FITM1	SRR2314016	5.016333734296999
FITM1	SRR2314017	1.0198405146740634
FITM1	SRR2314018	3.11348942274663
FITM1	SRR2314019	6.020277995373611
FITM1	SRR2314020	1.0167059661554507
FITM1	SRR2314021	2.0101611542319153
FITM1	SRR2314022	5.061675027411734
FITM1	SRR2314023	3.029790417961656
FITM1	SRR2314024	6.079821350738621
FITM1	SRR2314025	8.040011427157834
FITM1	SRR2314026	4.090978233596904
FITM1	SRR2314027	9.06823242942446
FITM1	SRR2314028	9.025942637299721
FITM1	SRR2314029	6.014048468772407
FITM1	SRR2314030	7.033440451199894
FITM1	SRR2314031	4.070663071685266
FITM1	SRR2314032	1.0178177461498867
FITM1	SRR2314033	2.04933827144627
FITM1	SRR2314034	3.089388988734295
FITM1	SRR2314035	6.284305003266686
FITM1	SRR2314036	4.0701234243541355
FITM1	SRR2314037	3.04175351148028
FITM1	SRR2314038	3.0174122566126598
FITM1	SRR2314039	3.0337393470012004
FITM1	SRR2314040	3.118848225149471
FITM1	SRR2314041	3.022928954387215
FITM1	SRR2314042	4.016327575458098
FITM1	SRR2314043	5.046203929830301
FITM1	SRR2314044	5.021279091131396
FITM1	SRR2314045	1.0076154311147274
FITM1	SRR3493774	7
FITM1	SRR3493775	10
FITM1	SRR3493776	4.643903468400386
FITM1	SRR3493777	7.005038958135776
FITM1	SRR3493778	8
FITM1	SRR3493779	8.02859245157289
FITM1	SRR3493780	6.299367580999438
FITM1	SRR3493781	9
FITM1	SRR3493782	7.059744650043758
FITM1	SRR3493783	9.024786134754875
FITM1	SRR3493784	2.041619715896921
FITM1	SRR3493785	10.008998949047658
FITM1	SRR3493786	2.081456125452009
FITM1	SRR3493787	8
FITM1	SRR3493788	11
FITM1	SRR3493789	5.091394500399088
FITM1	SRR3493790	3
FITM1	SRR3493791	6.008825005083659
FITM1	SRR3493792	10.007198511622537
FITM1	SRR3493793	6.058916658632547
FITM1	SRR3493794	8.025058295854857
FITM1	SRR3493795	8.02974460764108
FITM1	SRR3493796	7.058690505045667
FITM1	SRR3493797	6
FITM1	SRR3493798	7.078321305786164
FITM1	SRR3493799	5
FITM1	SRR3493800	5.0362633260539535
FITM1	SRR3493801	6.0552850130543305
FITM1	SRR3493802	4
FITM1	SRR3493803	3
FITM1	SRR3493804	5.0035992558112685
FITM1	SRR3493805	6.014396777880683
FITM1	SRR3493806	2
FITM1	SRR3493807	4
FITM1	SRR3493808	2.0041725708322518
FITM1	SRR3493809	7.023657661269213
FITM1	SRR3493810	4
FITM1	SRR3493811	5
FITM1	SRR3493812	9.006478660460283
FITM1	SRR3493813	3.0057180847904186
FITM1	SRR3493814	2
FITM1	SRR3493815	2.976735456206478
FITM1	SRR3493816	10
FITM1	SRR3493817	4.011652692065468
FITM1	SRR3493818	2.0071752619305405
FITM1	SRR3493819	6
FITM1	SRR3493820	1.1220654621967874
FITM1	SRR3493821	3.0351111314732964
FITM1	SRR3493822	7
FITM1	SRR3493823	3.9414656295772117
FITM1	SRR3493824	7.028491136170809
FITM1	SRR3493825	9.01186261618171
FITM1	SRR3493826	3.002159553486761
FITM1	SRR3493827	2
FITM1	SRR3493828	5
FITM1	SRR3493829	6.014396777880683
FITM1	SRR3493830	8.697378843139749
FITM1	SRR3493831	4.018195721440257
FITM1	SRR3493832	7.001259399617306
FITM1	SRR3493833	10.917485830389165
FITM1	SRR3493834	2
FITM1	SRR3493835	5.02634345809302
FITM1	SRR3493836	5
FITM1	SRR3493837	3.0023334262984633
FITM1	SRR3493838	4
FITM1	SRR3493839	4.033361875675553
FITM1	SRR3493840	10.195842218326531
FITM1	SRR3493841	7.015342208871905
FITM1	SRR3493846	5.114209809409852
FITM1	SRR3493847	4.146804022949942
FITM1	SRR3493848	10.00359860831218
FITM1	SRR3493849	8.683262033913323
FITM1	SRR3493850	5
FITM1	SRR3714631	4
FITM1	SRR3714632	12.067477915440847
FITM1	SRR3714633	22.25531007478122
FITM1	SRR3714634	8.0533696855721
FITM1	SRR3714635	11
FITM1	SRR3714636	9
FITM1	SRR3714637	12
FITM1	SRR3714638	13
FITM1	SRR3714639	9.28105336674993
FITM1	SRR3714640	14.98460472574446
FITM1	SRR3714641	10.187995777102234
FITM1	SRR3714642	14.736046465734173
FITM1	SRR3714643	11.186497761036506
FITM1	SRR3714644	11.940338066540804
FITM1	SRR3714645	28.183442689963158
FITM1	SRR3714646	35.01259512909263
FITM1	SRR3714648	16.585582885378486
FITM1	SRR3714649	12.606564523014239
FITM1	SRR3714650	6.041317256218418
FITM1	SRR3714651	13.080921163736164
FITM1	SRR3714652	15.248118861481029
FITM1	SRR3714653	27
FITM1	SRR3714654	23
FITM1	SRR3714655	13.00975575654594
FITM1	SRR3714656	4.991406643107542
FITM1	SRR3714657	11.807094224020833
FITM1	SRR3714658	43.909198473223135
FITM1	SRR3714659	11.001235497669194
FITM1	SRR3714660	12
FITM1	SRR3714661	3
FITM1	SRR3714662	5.055087874898389
FITM1	SRR3714663	55.04127435461744
FITM1	SRR3714664	12.626968543245065
FITM1	SRR3714665	8
FITM1	SRR3714666	11
FITM1	SRR3714667	3.626719719970359
FITM1	SRR3714668	21
FITM1	SRR3714669	3.9788407141233777
FITM1	SRR3714670	34.45825354453294
FITM1	SRR3714671	47.05922373992687
FITM1	SRR3714672	9.02471961561671
FITM1	SRR3714673	20.310505454576305
FITM1	SRR3714674	8.772205029014644
FITM1	SRR3714675	7.538946561448691
FITM1	SRR3714676	9
FITM1	SRR3714677	50.11860263407802
FITM1	SRR3714678	15.221759548697367
FITM1	SRR3714679	54.08750126830028
FITM1	SRR3714680	27.046596695466953
FITM1	SRR3714681	21.074763951709365
FITM1	SRR3714682	19.712953193831627
FITM1	SRR3714683	47.09805541455792
FITM1	SRR3714684	22.33521136409939
FITM1	SRR3714685	38.066744185582856
FITM1	SRR3714686	8.27009905619096
FITM1	SRR3714688	10.0746468119409
FITM1	SRR3714689	13.921594433053317
FITM1	SRR3714690	20.747903323624318
FITM1	SRR3714691	21
FITM1	SRR3714692	14.001569185394036
FITM1	SRR3714693	16.308501011867836
FITM1	SRR3714694	15.911552608722705
FITM1	SRR3714695	51.432925586703476
FITM1	SRR3714696	21
FITM1	SRR3714697	11.101309282560853
FITM1	SRR3714698	3.039639814946911
FITM1	SRR3714699	2.4983995994397925
FITM1	SRR3714700	11.459410601782409
FITM1	SRR3714701	14.253366640919216
FITM1	SRR3714702	2.929849329373426
FITM1	SRR3714703	11.011695231793015
FITM1	SRR3714704	20.525418380772884
FITM1	SRR3714705	65.08192568483844
FITM1	SRR3714706	10.350850727752356
FITM1	SRR3714707	26.018716130218596
FITM1	SRR3714708	3.069799305614046
FITM1	SRR3714709	6.307672931947414
FITM1	SRR3714710	13.23239062868441
FITM1	SRR3714711	12.877396662712373
FITM1	SRR3714712	22
FITM1	SRR3714713	19
FITM1	SRR3714714	16
FITM1	SRR3714715	6.028948523219674
FITM1	SRR3714716	56
FITM1	SRR3714717	7
FITM1	SRR3714718	2
FITM1	SRR3714719	13.815959904584924
FITM1	SRR3714720	8.227377704886294
FITM1	SRR3714721	8.329878589363009
FITM1	SRR3714723	20.88592587433296
FITM1	SRR3714724	12.035325980572877
FITM1	SRR3714725	7.0870010567284
FITM1	SRR3714726	15.190656803822385
FITM1	SRR3714727	5.742706140176334
FITM1	SRR3714728	46.38083942089583
FITM1	SRR3714729	3.078679995601903
FITM1	SRR3714730	7.290723351181106
FITM1	SRR3714731	5.000899571155219
FITM1	SRR3714732	3.8184301446456983
FITM1	SRR3714734	13.431662809749046
FITM1	SRR3714735	23.926906165985756
FITM1	SRR3714736	9.33862255854688
FITM1	SRR3714737	10
FITM1	SRR3714738	6.408284482587272
FITM1	SRR3714739	8.195469483358616
FITM1	SRR3714740	31.38487417709273
FITM1	SRR3714741	31.033479102230988
FITM1	SRR3714744	10.544228175146944
FITM1	SRR3714745	57.237319324397546
FITM1	SRR3714746	8.068398060668631
FITM1	SRR3714747	16.677303345004024
FITM1	SRR3714748	10.218770861258053
FITM1	SRR3714749	2.04176381265973
FITM1	SRR3714750	11.186748542024125
FITM1	SRR3714751	9.009719739357383
FITM1	SRR3714752	2
FITM1	SRR3714753	8.063251278968522
FITM1	SRR3714754	21
FITM1	SRR3714755	5.57873992265597
FITM1	SRR3714756	13.281842324982186
FITM1	SRR3714757	6.593097577041535
FITM1	SRR3714758	23.697614140769865
FITM1	SRR3714759	16.245013251484103
FITM1	SRR3714760	9.008099054142892
FITM1	SRR3714761	6.002159164987308
FITM1	SRR3714762	16.999098529100408
FITM1	SRR3714764	8
FITM1	SRR3714765	27.008235487679837
FITM1	SRR3714766	28
FITM1	SRR3714767	9.602333305482011
FITM1	SRR3714768	17
FITM1	SRR5176628	3.020808730941176
FITM1	SRR5176629	6.034615371113226
FITM1	SRR5176630	14.031732049994485
FITM1	SRR5176631	11.107719716978426
FITM1	SRR5176632	12.03422582591173
FITM1	SRR5176633	9.058753032997743
FITM1	SRR5176634	4.159327420809227
FITM1	SRR5176635	7.043348763860739
FITM1	SRR5176636	9.236481760262324
FITM1	SRR5176637	8.237312145061205
FITM1	SRR5176638	3.3681030896086446
FITM1	SRR5176639	16
FITM1	SRR5176640	1.0441979418626173
FITM1	SRR5176641	8.118915899017471
FITM1	SRR5176642	7.0133421978443105
FITM1	SRR5176643	19.03279026718045
FITM1	SRR5176644	11.001979056541481
FITM1	SRR5176645	7.271626860935313
FITM1	SRR5176646	26.48545622734036
FITM1	SRR5176647	19.11138441439107
FITM1	SRR5176648	5.014107481318985
FITM1	SRR5176649	9.061201152365335
FITM1	SRR5176650	26.626638852820022
FITM1	SRR5176651	30.476971765691637
FITM1	SRR5176652	7.039022951042045
FITM1	SRR5176653	15.04053172313341
FITM1	SRR5176654	20.163260353818856
FITM1	SRR5176655	21.026461671031154
FITM1	SRR5176656	17.12176465169803
FITM1	SRR5176657	3.2410085973935936
FITM1	SRR5176658	3.004953039106962
FITM1	SRR5176659	15.032416626252978
FITM1	SRR5176660	16.018410030288138
FITM1	SRR5176661	11.061028859505681
FITM1	SRR5176662	28.150593597976183
FITM1	SRR5176663	17.10939906036794
FITM1	SRR5176664	31
FITM1	SRR5176665	12.107233925547966
FITM1	SRR5176666	13.05040181879261
FITM1	SRR5176667	3.2361342979573906
FITM1	SRR5176668	19.08247455567891
FITM1	SRR5176669	26.249177405049203
FITM1	SRR5176670	19.123956015317145
FITM1	SRR5176671	8.01440479696297
FITM1	SRR5176672	5.027873536458604
FITM1	SRR5176673	9.043109377117714
FITM1	SRR5176674	10.023414114620678
FITM1	SRR5176675	11.046621509202103
FITM1	SRR5176676	10.184049631193234
FITM1	SRR5176677	10.014402205102032
FITM1	SRR5176678	2.044693460595827
FITM1	SRR5176679	10.090464643103706
FITM1	SRR5176680	15.042574407978673
FITM1	SRR5176681	13.014437458066434
FITM1	SRR5176682	10.099470559941912
FITM1	SRR5176683	15.068606697121854
FITM1	SRR5176684	11.029236915838982
FITM1	SRR5176685	18.053785039653135
FITM1	SRR5176686	10.043575891380984
FITM1	SRR5176687	5.022623499921054
FITM1	SRR5176688	2.026562827039063
FITM1	SRR5176689	5.037516000689498
FITM1	SRR5176690	8.204324182812897
FITM1	SRR5176691	9.008374428518502
FITM1	SRR5176692	12.117417528497919
FITM1	SRR5176693	9.066505159978764
FITM1	SRR5176694	26
FITM1	SRR5176695	3.0430664005254227
FITM1	SRR5176696	6.767359164315453
FITM1	SRR5176697	3.0827368208092323
FITM1	SRR5176698	4.659295134577551
FITM1	SRR5176699	5.12507506163596
FITM1	SRR5176700	16.33521630302296
FITM1	SRR5176701	21.718335999954576
FITM1	SRR5176702	7
FITM1	SRR5176703	6.13548392822111
FITM1	SRR5176704	8.034945841777914
FITM1	SRR5176705	7.015010255108199
FITM1	SRR5176706	17.463554141276582
FITM1	SRR5176707	29.569993699785762
FITM1	SRR5176708	12.118584664804649
FITM1	SRR5176709	25.120198074879344
FITM1	SRR5176710	13
FITM1	SRR5176711	7.0133421978443105
FITM1	SRR5176712	17.217830902966508
FITM1	SRR5176713	5.044102349830161
FITM1	SRR5176714	24.386089604411104
FITM1	SRR5176715	22.027721750604066
FITM1	SRR5176716	11.021789215854021
FITM1	SRR5176717	8.052471071864375
FITM1	SRR5176718	27.23777628830538
FITM1	SRR5176719	17.039803994855152
FITM1	SRR5176720	27
FITM1	SRR5176721	12
FITM1	SRR5176722	6.119005060327987
FITM1	SRR5176723	2.019222707706982
FITM1	SRR5176724	6.03263591445333
FITM1	SRR5176725	5.061481792101921
FITM1	SRR5176726	6
FITM1	SRR5176727	14.009031900754206
FITM1	SRR5176728	12.296999767205868
FITM1	SRR5176729	15.029049842601845
FITM1	SRR5176730	19.124298457168347
FITM1	SRR5176731	9.04179603704825
FITM1	SRR5176732	6
FITM1	SRR5176733	25.056664374990152
FITM1	SRR5176734	21.620518393538426
FITM1	SRR5176735	10.023414114620678
FITM1	SRR5176736	10.019640545659033
FITM1	SRR5176737	24.07017117112898
FITM1	SRR5176738	10.110604054504492
FITM1	SRR5176739	27.21448719325257
FITM1	SRR5176740	11.04579675022632
FITM1	SRR5176741	9.368856135582758
FITM1	SRR5176742	34.35941517025501
FITM1	SRR5176743	6.0710909261657084
FITM1	SRR5176744	7.093934393000776
FITM1	SRR5176745	21.192622862441958
FITM1	SRR5176746	12.027198899995271
FITM1	SRR5176747	9
FITM1	SRR5176748	13.016381034447859
FITM1	SRR5176749	57.932976990747044
FITM1	SRR5176750	17.275825520580934
FITM1	SRR5176751	11.039986333525627
FITM1	SRR5176752	9.040844586252968
FITM1	SRR5176753	13.034154269271037
FITM1	SRR5176754	6.031568432490759
FITM1	SRR5176755	10.005398398063464
FITM1	SRR5176756	12.346256906170195
FITM1	SRR5176757	11.613430879284472
FITM1	SRR5176758	9.102181036322326
FITM1	SRR5176759	6.1644391681548
FITM1	SRR5176760	4.02323253130727
FITM1	SRR5176761	15.087730984698098
FITM1	SRR5176762	7.520679642907593
FITM1	SRR5176763	15.11468907641266
FITM1	SRR5176764	18.012957320920567
FITM1	SRR5176765	6.010354821214879
FITM1	SRR5176766	16.04541270184392
FITM1	SRR5176767	6.006031372550816
FITM1	SRR5176768	11.167153268239247
FITM1	SRR5176769	9.026579684985538
FITM1	SRR5176770	14.03277976046895
FITM1	SRR5176771	14.034256558276471
FITM1	SRR5176772	8.050175384717031
FITM1	SRR5176773	3.0225087151445518
FITM1	SRR5176774	23.142451628804665
FITM1	SRR5176775	8.07675317680527
FITM1	SRR5176776	7.057931069291837
FITM1	SRR5176777	15.150078782661765
FITM1	SRR5176778	13.074876559195266
FITM1	SRR5176779	8.041382038385347
FITM1	SRR5176780	15.046200652982105
FITM1	SRR5176781	5.03188911145505
FITM1	SRR5176782	7.057573479847252
FITM1	SRR5176783	20.186043911086127
FITM1	SRR5176784	5.020272187802134
FITM1	SRR5176785	11.019424694805874
FITM1	SRR5176786	16
FITM1	SRR5176787	7.053737192631505
FITM1	SRR5176788	3.0802784753719887
FITM1	SRR5176789	55.777862523803144
FITM1	SRR5176790	12.113117862766298
FITM1	SRR5176791	15.131888829294073
FITM1	SRR5176792	20
FITM1	SRR5176793	14.128805727486279
FITM1	SRR5176794	5.022537899614755
FITM1	SRR5176795	11.046283828244809
FITM1	SRR5176796	14.31704557413781
FITM1	SRR5176797	4.027985156412034
FITM1	SRR5176798	11.058028269137784
FITM1	SRR5176799	21
FITM1	SRR5176800	4.031966666115707
FITM1	SRR5176801	9.156966848935534
FITM1	SRR5176802	4.056716981140669
FITM1	SRR5176803	9.036917549228507
FITM1	SRR5176804	3.06402190333838
FITM1	SRR5176805	13.050359742847569
FITM1	SRR5176806	4.119101590385207
FITM1	SRR5176807	16.01151761859606
FITM1	SRR5176808	57.02051206737943
FITM1	SRR5176809	7.010081543571422
FITM1	SRR5176810	25
FITM1	SRR5176811	15
FITM1	SRR5176812	9.009719739357383
FITM1	SRR5176813	6.007111943066833
FITM1	SRR5176814	15
FITM1	SRR5176815	12.16938530684613
FITM1	SRR5176816	7.100937078344394
FITM1	SRR5176817	15.078788933388006
FITM1	SRR5176818	18.04594308621549
FITM1	SRR5176819	9.476761294693608
FITM1	SRR5176820	2.044681473721294
FITM1	SRR5176821	3.028011333156207
FITM1	SRR5176822	4.1178647078607264
FITM1	SRR5176823	9.033913715959622
FITM1	SRR5176824	23.13003972671298
FITM1	SRR5176825	4.004442294789672
FITM1	SRR5176826	5.041533448376871
FITM1	SRR5176827	15.056713520424095
FITM1	SRR5176828	27.107071181862242
FITM1	SRR5176829	9.024594904094652
FITM1	SRR5176830	7.003778878644424
FITM1	SRR5176831	9.04636363797496
FITM1	SRR5176832	16.16171865045338
FITM1	SRR5176833	6.03474288623488
FITM1	SRR5176834	3.0117639905403926
FITM1	SRR5176835	13.046804411917535
FITM1	SRR5176836	15.013498423571486
FITM1	SRR5176837	3.1530307717609274
FITM1	SRR5176838	6.149820152198791
FITM1	SRR5176839	3.122298946467907
FITM1	SRR5176840	6.003239038838078
FITM1	SRR5176841	6.084578445048194
FITM1	SRR5176842	11.06892983561488
FITM1	SRR5176843	16.124160489395525
FITM1	SRR5176844	15.043697595245506
FITM1	SRR5176845	5.073411766764482
FITM1	SRR5176846	16.071582865289628
FITM1	SRR5176847	4.0821352710332315
FITM1	SRR5176848	12.103382204510549
FITM1	SRR5176849	42.81964064524522
FITM1	SRR5176850	32.43909567832989
FITM1	SRR5176851	17.018359507675058
FITM1	SRR5176852	7.155890705533151
FITM1	SRR5176853	9.022544591823777
FITM1	SRR5176854	9.42226949427368
FITM1	SRR5176855	20.04554387859256
FITM1	SRR5176856	12.19405735549309
FITM1	SRR5176857	5.017800940883181
FITM1	SRR5176858	8.055233912887411
FITM1	SRR5176859	4.0071352776014555
FITM1	SRR5176860	28
FITM1	SRR5176861	8.015846702439289
FITM1	SRR5176862	10.05937378799828
FITM1	SRR5176863	25.06262386617716
FITM1	SRR5176864	13.063658864910405
FITM1	SRR5176865	13.024778367425148
FITM1	SRR5176866	27
FITM1	SRR5176867	26.110442744207635
FITM1	SRR5176868	15.528657359213742
FITM1	SRR5176869	8.019575176157984
FITM1	SRR5176870	15.067821919275003
FITM1	SRR5176871	10.034377775451013
FITM1	SRR5176872	6.1174661616548605
FITM1	SRR5861974	55.728757812305965
FITM1	SRR5861975	14.130525179476539
FITM1	SRR5861976	9.36222629126856
FITM1	SRR5861977	13
FITM1	SRR5861978	15.072991760452311
FITM1	SRR5861979	12.115129765207904
FITM1	SRR5861980	8
FITM1	SRR5861981	3.060342773079182
FITM1	SRR5861982	1.2340601766014685
FITM1	SRR5861983	15.0249760320269
FITM1	SRR5861984	10.082636562876502
FITM1	SRR5861985	6.104086924425971
FITM1	SRR5861986	15.029949052360138
FITM1	SRR5861987	7.090635082362297
FITM1	SRR5861988	4.071114443661736
FITM1	SRR5861989	12.150462408770114
FITM1	SRR5861990	13.039599907459637
FITM1	SRR5861991	9
FITM1	SRR5861992	27
FITM1	SRR5861993	11.041723228768573
FITM1	SRR5861994	11
FITM1	SRR5861995	11.097060947783458
FITM1	SRR5861996	9.038022621286611
FITM1	SRR5861997	6.155329185306453
FITM1	SRR5861998	23.132692255934032
FITM1	SRR5861999	4.108181905814022
FITM1	SRR5862000	18.006477494961924
FITM1	SRR5862001	15
FITM1	SRR5862002	13.01403962351622
FITM1	SRR5862003	9.022383033119834
FITM1	SRR5862004	8.045049527811711
FITM1	SRR5862005	23.121773574248618
FITM1	SRR5862006	27.102084336763372
FITM1	SRR5862007	2.017167189681303
FITM1	SRR5862008	26.104617367727617
FITM1	SRR5862009	13.046405587951332
FITM1	SRR5862010	9.464767133061494
FITM1	SRR5862011	7.25289465378037
FITM1	SRR5862012	3.0211735712368006
FITM1	SRR5862013	6.125844644745172
FITM1	SRR5862014	5.0245683406321495
FITM1	SRR5862015	13
FITM1	SRR5862016	19.079563689192753
FITM1	SRR5862017	15.124391340085591
FITM1	SRR5862018	7.028120032924905
FITM1	SRR5862019	8.065272694016205
FITM1	SRR5862020	12.043051571583243
FITM1	SRR5862021	9.054715004481052
FITM1	SRR5862022	11.053329365288494
FITM1	SRR5862023	7.05330595194498
FITM1	SRR5862024	5.01366383560814
FITM1	SRR5862025	25
FITM1	SRR5862026	12.0948909010249
FITM1	SRR5862027	15.008097597095196
FITM1	SRR5862028	6.76087278738606
FITM1	SRR5862029	7.1453518296357785
FITM1	SRR5862030	15.04211457590042
FITM1	SRR5862031	7.049500351040635
FITM1	SRR5862032	7.516495189769272
FITM1	SRR5862033	11.017001723500453
FITM1	SRR5862034	1.2459835850410172
FITM1	SRR5862035	4.026536163761214
FITM1	SRR5862036	6.107175768465437
FITM1	SRR5862037	11.602232726071268
FITM1	SRR5862038	21.59328688622982
FITM1	SRR5862039	11.018983838893943
FITM1	SRR5862040	8.052471071864375
FITM1	SRR5862041	12.06620807796468
FITM1	SRR5862042	12.10687278793086
FITM1	SRR5862043	13
FITM1	SRR5862044	6.00843308835044
FITM1	SRR5862045	5.021239420152665
FITM1	SRR5862046	3.024259834474761
FITM1	SRR5862047	16.142655167915994
FITM1	SRR5862048	2.4953130839399913
FITM1	SRR5862049	57.88959746198796
FITM1	SRR5862050	6.020277995373611
FITM1	SRR5862051	11.053072292569402
FITM1	SRR5862052	20.06909170938941
FITM1	SRR5862053	18.048095484035528
FITM1	SRR5862054	4.107024485942042
FITM1	SRR5862055	8.186026037003785
FITM1	SRR5862056	21.69337630632001
FITM1	SRR5862057	27.21162346514179
FITM1	SRR5862058	10.022972139313746
FITM1	SRR5862059	6.169476425625863
FITM1	SRR5862060	10.09460241350689
FITM1	SRR5862061	9.032166508019502
FITM1	SRR5862062	16.00863743690154
FITM1	SRR5862063	6.074574113533323
FITM1	SRR5862064	18.034859811122214
FITM1	SRR5862065	13.032782710302607
FITM1	SRR5862066	12.109430097285122
FITM1	SRR5862067	1.2346054739520673
FITM1	SRR5862068	7.033463127866263
FITM1	SRR5862069	17.03673884308671
FITM1	SRR5862070	5.067589867659278
FITM1	SRR5862071	1.2526030228986182
FITM1	SRR5862072	1.2641489791098965
FITM1	SRR5862073	10.018713063353687
FITM1	SRR5862074	5.025443020695223
FITM1	SRR5862075	5.034431046848682
FITM1	SRR5862076	3.723309433972183
FITM1	SRR5862077	5.019676017203765
FITM1	SRR5862078	3.2336572128398364
FITM1	SRR5862079	6.062454822656072
FITM1	SRR5862080	4.074581613297234
FITM1	SRR5862081	4.006903214143252
FITM1	SRR5862082	11.041972584177557
FITM1	SRR5862083	15
FITM1	SRR5862084	4.027985156412034
FITM1	SRR5862085	16
FITM1	SRR5862086	9.225825819511872
FITM1	SRR5862087	7.085317956436637
FITM1	SRR5862088	3.365367653523934
FITM1	SRR5862089	2.0248379516398902
FITM1	SRR5862090	8.013806428286504
FITM1	SRR5862091	12.169535837033418
FITM1	SRR5862092	2.0417652061494467
FITM1	SRR5862093	57.01025511116949
FITM1	SRR5862094	6.03003321685723
FITM1	SRR5862095	16.315035887633446
FITM1	SRR5862096	14.03068441774381
FITM1	SRR5862097	10.05397931987203
FITM1	SRR5862098	17.162588480647162
FITM1	SRR5862099	26.592902639917277
FITM1	SRR5862100	15.039868521598612
FITM1	SRR5862101	24.35136058643718
FITM1	SRR5862102	8.047170636591805
FITM1	SRR5862103	12.283413870986424
FITM1	SRR5862104	15.0625922858659
FITM1	SRR5862105	17.19138661148879
FITM1	SRR5862106	16.06852163431179
FITM1	SRR5862107	16
FITM1	SRR5862108	9.062566976869205
FITM1	SRR5862109	7.012604197342598
FITM1	SRR5862110	5.0402192020728345
FITM1	SRR5862111	9.136482465912296
FITM1	SRR5862112	9.034238225977566
FITM1	SRR5862113	10.0885426642168
FITM1	SRR5862114	8.037752144759724
FITM1	SRR5862115	15.102688900646502
FITM1	SRR5862116	17.438797251794576
FITM1	SRR5862117	12.039657022984224
FITM1	SRR5862118	20.168325391599243
FITM1	SRR5862119	9.037440930559649
FITM1	SRR5862120	6.005667226277815
FITM1	SRR5862121	3.0044125025418293
FITM1	SRR5862122	12.025035424993511
FITM1	SRR5862123	25.057430348284367
FITM1	SRR5862124	5.015995880436263
FITM1	SRR5862125	26
FITM1	SRR5862126	4.003599579619063
FITM1	SRR5862127	10.037988754978041
FITM1	SRR5862128	9.033390538898505
FITM1	SRR5862129	3.2364879041575136
FITM1	SRR5862130	15.093094357352427
FITM1	SRR5862131	14.031732049994485
FITM1	SRR5862132	6.005399369428595
FITM1	SRR5862133	9.008620766424578
FITM1	SRR5862134	7.001996206202154
FITM1	SRR5862135	4.051254330109766
FITM1	SRR5862136	6.002159164987308
FITM1	SRR5862137	20.043222168337305
FITM1	SRR5862138	13.023189652204731
FITM1	SRR5862139	7.009558159325007
FITM1	SRR5862140	3.009914255746056
FITM1	SRR5862141	19.084219052884826
FITM1	SRR5862142	16.043233838008973
FITM1	SRR5862143	10.00359860831218
FITM1	SRR5862144	6.034640036431484
FITM1	SRR5862145	10.03304751915352
FITM1	SRR5862146	8.108885025149593
FITM1	SRR5862147	5.036708971533297
FITM1	SRR5862148	12
FITM1	SRR5862149	7.040318147258989
FITM1	SRR5862150	8.019575176157984
FITM1	SRR5862151	3.0374718675176093
FITM1	SRR5862152	1.0247021665376759
FITM1	SRR5862153	14.290510363322618
FITM1	SRR5862154	6
FITM1	SRR5862155	3.0189729983463303
FITM1	SRR5862156	3.0775595476296687
FITM1	SRR5862157	40.0171675050372
FITM1	SRR5862158	14.007557757288849
FITM1	SRR5862159	8.047466647923908
FITM1	SRR5862160	4.153064204678706
FITM1	SRR5862161	24.065586410919074
FITM1	SRR5862162	10.033354225838188
FITM1	SRR5862163	3.010588531912127
FITM1	SRR5862164	3.150487153229003
FITM1	SRR5862165	15.064917362960541
FITM1	SRR5862166	5.021413010722434
FITM1	SRR5862167	25.05215713540315
FITM1	SRR5862168	19.03136924767743
FITM1	SRR5862169	9.033390538898505
FITM1	SRR5862170	4.044507749779093
FITM1	SRR5862171	7.012080624750691
FITM1	SRR5862172	7.012294981554736
FITM1	SRR5862173	3.0756611315453037
FITM1	SRR5862174	20.568499907837165
FITM1	SRR5862175	9.043946542917311
FITM1	SRR5862176	10.173137397493107
FITM1	SRR5862177	2.064543618568541
FITM1	SRR5862178	8.23047744318119
FITM1	SRR5862179	15.084347394301059
FITM1	SRR5862180	4.654965269745462
FITM1	SRR5862181	2.042384492643702
FITM1	SRR5862182	34.31998123831216
FITM1	SRR5862183	6.03003321685723
FITM1	SRR5862184	4.109758810353515
FITM1	SRR5862185	20
FITM1	SRR5862186	27.198228446279806
FITM1	SRR5862187	7.052994941442235
FITM1	SRR5862188	3.117869891343702
FITM1	SRR5862189	12.100455522329135
FITM1	SRR5862190	10.013654513321438
FITM1	SRR5862191	6.071994706615832
FITM1	SRR5862192	9.407040561222914
FITM1	SRR5862193	15.053814464479053
FITM1	SRR5862194	4.021262068061479
FITM1	SRR5862195	9.05712352758281
FITM1	SRR5862196	27
FITM1	SRR5862197	31
FITM1	SRR5862198	9.909805943083695
FITM1	SRR5862199	11.02725295610286
FITM1	SRR5862200	18.039451394242043
FITM1	SRR5862201	4.663706786172752
FITM1	SRR5862202	5.1094957323992265
FITM1	SRR5862203	6.2061574256497485
FITM1	SRR5862204	10
FITM1	SRR5862205	7
FITM1	SRR5862206	29.525410670910126
FITM1	SRR5862207	7.037260071239154
FITM1	SRR5862208	6.1169153258792335
FITM1	SRR5862209	5.05647587307177
FITM1	SRR5862210	29
FITM1	SRR5862211	15.492249473401138
FITM1	SRR5862212	26.230905561425683
FITM1	SRR5862213	3.014106566973823
FITM1	SRR5862214	8.022107362437788
FITM1	SRR5862215	8.018976421452484
FITM1	SRR5862216	8.029247768709503
FITM1	SRR5862217	8.052011172731863
FITM1	SRR5862218	21.02063509459558
FITM1	SRR5862219	6.140105891738748
FITM1	SRR5862220	13.058421908493903
FITM1	SRR5862221	28
FITM1	SRR5862222	11.035830050118719
FITM1	SRR5862223	1.0433348417292698
FITM1	SRR5862224	14.111066076128877
FITM1	SRR5862225	9.024130991613353
FITM1	SRR5862226	22.023759362873605
FITM1	SRR5862227	21
FITM1	SRR5862228	15.136071375203615
FITM1	SRR5862229	17.100468903569837
FITM1	SRR5862230	6.031816721300268
FITM1	SRR5862231	14.029207995825764
FITM1	SRR5862232	17.25727874310907
FITM1	SRR5862233	13.035924463961406
FITM1	SRR5862234	19.112045547897665
FITM1	SRR5862235	17.01529821338102
FITM1	SRR5862236	10.02144322158314
FITM1	SRR5862237	14.434216689419086
FITM1	SRR5862238	13.011698633761956
FITM1	SRR5862239	20.15434115408709
FITM1	SRR5862240	15.04099150682442
FITM1	SRR5862241	6.037180759012131
FITM1	SRR5862242	16.111230181100808
FITM1	SRR5862243	11.061854755820775
FITM1	SRR5862244	12.17375051203124
FITM1	SRR5862245	42.76760982287892
FITM1	SRR5862246	14.026684395688621
FITM1	SRR5862247	5.0282327421830395
FITM1	SRR5862248	9.006478660460283
FITM1	SRR5862249	23.34884643480248
FITM1	SRR5862250	5.052930990438667
FITM1	SRR5862251	11.113650952844454
FITM1	SRR5862252	12.03062872414366
FITM1	SRR5862253	12.093393466173703
FITM1	SRR5862254	15.107408876748769
FITM1	SRR5862255	21.168826669082517
FITM1	SRR5862256	30.464978713312135
FITM1	SRR5862257	9.123838018980768
FITM1	SRR5862258	15.038285905179574
FITM1	SRR5862259	11.150893562314241
FITM1	SRR5862260	17.036530830279816
FITM1	SRR5862261	12.200023545671648
FITM1	SRR5862262	10.099915908540963
FITM1	SRR5862263	24.046624355350325
FITM1	SRR5862264	17.099192154365877
FITM1	SRR5862265	11.013860875302033
FITM1	SRR5862266	19.10418944806368
FITM1	SRR5862267	22.160100440383307
FITM1	SRR5862268	13.064672587475469
FITM1	SRR5862269	11.043436611287843
FITM1	SRR5862270	9.020399174996454
FITM1	SRR5862271	19.113379181917427
FITM1	SRR5862272	14.1578249518134
FITM1	SRR5862273	12.041455025633645
FITM1	SRR5862274	25.114911652839016
FITM1	SRR5862275	27.350798474520392
FITM1	SRR5862276	26.452312913868496
FITM1	SRR5862277	32.40595508545489
FITM1	SRR5949109	1.1498283651018633
FITM1	SRR5949110	1.148171272003916
FITM1	SRR5949111	1.1498283651018633
FITM1	SRR5949112	1.1499000124654937
FITM1	SRR5949113	1.1493287860193127
FITM1	SRR5949114	1.1499000124654937
FITM1	SRR5949115	1.1498283651018633
FITM1	SRR5949116	1.149801355279094
FITM1	SRR5949117	1.1499000124654937
FITM1	SRR5949118	1.149757132515299
FITM1	SRR5949119	1.1498700492655702
FITM1	SRR5949120	1.149752993629983
FITM1	SRR5949121	1.149727479151349
FITM1	SRR5949122	1.149659680044542
FITM1	SRR5949123	1.1495224477062624
FITM1	SRR5949124	1.1489713533334538
FITM1	SRR5949125	1.1493657120956842
FITM1	SRR5949126	1.1496653216499102
FITM1	SRR5949127	1.149752993629983
FITM1	SRR5949128	1.149752993629983
FITM1	SRR5949129	1.1498758641415114
FITM1	SRR5949130	1.1498041981068907
FITM1	SRR5949131	1.1496516232140812
FITM1	SRR5949132	1.1498283651018633
FITM1	SRR5949133	1.1496993836519698
FITM1	SRR5949134	1.1499000124654937
FITM1	SRR5949135	1.149801355279094
FITM1	SRR5949136	1.1498700492655702
FITM1	SRR5949137	1.1489979896611313
FITM1	SRR5949138	1.1496058907069004
FITM1	SRR5949139	1.1496653216499102
FITM1	SRR5949140	1.1498283651018633
FITM1	SRR5949141	1.1498758641415114
FITM1	SRR5949142	1.1498041981068907
FITM1	SRR5949143	1.1499000124654937
FITM1	SRR5949144	1.149757132515299
FITM1	SRR5949145	1.1497815594090803
FITM1	SRR5949146	1.149752993629983
FITM1	SRR5949147	1.149752993629983
FITM1	SRR5949148	1.1489471817569916
FITM1	SRR5949149	1.149757132515299
FITM1	SRR5949150	1.1498758641415114
FITM1	SRR5949151	1.1494823274298185
FITM1	SRR5949152	1.1476551316063306
FITM1	SRR5949153	1.149659680044542
FITM1	SRR5949154	1.1487635500794011
FITM1	SRR5949155	1.1497815594090803
FITM1	SRR5949156	1.1498758641415114
FITM1	SRR5949157	1.1498700492655702
FITM1	SRR5949158	1.1499000124654937
FITM1	SRR5949159	1.1489204896371397
FITM1	SRR5949160	1.1498283651018633
FITM1	SRR5949161	1.1498283651018633
FITM1	SRR5949162	1.1498283651018633
FITM1	SRR5949163	1.1498758641415114
FITM1	SRR5949164	1.1499000124654937
FITM1	SRR5949165	1.149801355279094
FITM1	SRR5949166	1.1498758641415114
FITM1	SRR5949167	1.149757132515299
FITM1	SRR5949168	1.1497815594090803
FITM1	SRR5949169	1.1447151303318799
FITM1	SRR5949170	1.1499000124654937
FITM1	SRR5949171	1.1496516232140812
FITM1	SRR5949172	1.1496058907069004
FITM1	SRR5949173	1.1498283651018633
FITM1	SRR5949174	1.1497815594090803
FITM1	SRR5949175	1.1499000124654937
FITM1	SRR5949176	1.149727479151349
FITM1	SRR5949177	1.1489132956948793
FITM1	SRR5949178	1.1496653216499102
FITM1	SRR5949179	1.1497815594090803
FITM1	SRR5949180	1.1499000124654937
FITM1	SRR5949181	1.1498700492655702
FITM1	SRR5949182	1.149727479151349
FITM1	SRR5949183	1.1498758641415114
FITM1	SRR5949184	1.149801355279094
FITM1	SRR5949185	1.1495611354981103
FITM1	SRR5949186	1.1492630102128836
FITM1	SRR5949187	1.1498041981068907
FITM1	SRR5949188	1.149801355279094
FITM1	SRR5949189	1.149752993629983
FITM1	SRR5949190	1.149757132515299
FITM1	SRR5949191	1.1496058907069004
FITM1	SRR5949192	1.1498700492655702
FITM1	SRR5949193	1.1498758641415114
FITM1	SRR5949194	1.1498283651018633
FITM1	SRR5949195	1.149801355279094
FITM1	SRR5949196	1.149639556483191
FITM1	SRR5949197	1.1494508753827517
FITM1	SRR5949198	1.1489684643066176
FITM1	SRR5949199	1.1496653216499102
FITM1	SRR5949200	1.1498758641415114
FITM1	SRR5949201	1.1497815594090803
FITM1	SRR5949202	1.1498041981068907
FITM1	SRR5949203	1.1498700492655702
FITM1	SRR5949204	1.1499000124654937
FITM1	SRR5949205	1.1499000124654937
FITM1	SRR5949206	1.149801355279094
FITM1	SRR5949207	1.1498283651018633
FITM1	SRR5949208	1.149757132515299
FITM1	SRR5949209	1.1498283651018633
FITM1	SRR5949210	1.1497815594090803
FITM1	SRR5949211	1.1494508753827517
FITM1	SRR5949212	1.149757132515299
FITM1	SRR5949213	1.1496993836519698
FITM1	SRR5949214	1.1495224477062624
FITM1	SRR5949215	1.149752993629983
FITM1	SRR5949216	1.1498041981068907
FITM1	SRR5949217	1.1498041981068907
FITM1	SRR5949218	1.1496993836519698
FITM1	SRR5949219	1.149727479151349
FITM1	SRR5949220	1.1495611354981103
FITM1	SRR5949221	1.149515806070026
FITM1	SRR5949222	1.149752993629983
FITM1	SRR5949223	1.1489094288850477
FITM1	SRR5949224	1.1497815594090803
FITM1	SRR5949225	1.1498700492655702
FITM1	SRR5949226	1.1495611354981103
FITM1	SRR5949227	1.1498700492655702
FITM1	SRR5949228	1.1496058907069004
FITM1	SRR5949229	1.149639556483191
FITM1	SRR5949230	1.1498700492655702
FITM1	SRR5949231	1.1494707522857042
FITM1	SRR5949232	1.1487635500794011
FITM1	SRR5949233	1.1489229708372037
FITM1	SRR5949234	1.149752993629983
FITM1	SRR5949235	1.1496058907069004
FITM1	SRR5949236	1.1478430081697302
FITM1	SRR5949237	1.1494610034998385
FITM1	SRR5949238	1.1492438683694057
FITM1	SRR5949239	1.147930185304594
FITM1	SRR5949240	1.1498758641415114
FITM1	SRR5949241	1.149757132515299
FITM1	SRR5949242	1.1497815594090803
FITM1	SRR5949243	1.1496516232140812
FITM1	SRR5949244	1.1496653216499102
FITM1	SRR5949245	1.1496653216499102
FITM1	SRR5949246	1.149801355279094
FITM1	SRR5949247	1.149752993629983
FITM1	SRR5949248	1.149801355279094
FITM1	SRR5949249	1.1497815594090803
FITM1	SRR5949250	1.1499000124654937
FITM1	SRR5949251	1.1496058907069004
FITM1	SRR5949252	1.1498283651018633
FITM1	SRR5949253	1.1494121443044876
FITM1	SRR5949254	1.1495510677538354
FITM1	SRR5949255	1.1497815594090803
FITM1	SRR5949256	1.149659680044542
FITM1	SRR5949257	1.1498758641415114
FITM1	SRR5949258	1.1498758641415114
FITM1	SRR5949259	1.149727479151349
FITM1	SRR5949260	1.1499000124654937
FITM1	SRR5949261	1.1499000124654937
FITM1	SRR5949262	1.149659680044542
FITM1	SRR5949263	1.1498041981068907
FITM1	SRR5949264	1.149727479151349
FITM1	SRR5949265	1.1498700492655702
FITM1	SRR5949266	1.1490859664004887
FITM1	SRR5949267	1.1491016556665985
FITM1	SRR5949268	1.1498700492655702
FITM1	SRR5949269	1.149752993629983
FITM1	SRR5949270	1.1497815594090803
FITM1	SRR5949271	1.1495224477062624
FITM1	SRR5949272	1.1499000124654937
FITM1	SRR5949273	1.1499000124654937
FITM1	SRR5949274	1.149801355279094
FITM1	SRR5949275	1.1495012298161975
FITM1	SRR5949276	1.149801355279094
FITM1	SRR5949277	1.1491016556665985
FITM1	SRR5949278	1.1498041981068907
FITM1	SRR5949279	1.1498041981068907
FITM1	SRR5949280	1.1493806150832857
FITM1	SRR5949281	1.149801355279094
FITM1	SRR5949282	1.1499000124654937
FITM1	SRR5949283	1.1494610034998385
FITM1	SRR5949284	1.1499000124654937
FITM1	SRR5949285	1.1485352709618715
FITM1	SRR5949286	1.1490061236504394
FITM1	SRR5949287	1.1499000124654937
FITM1	SRR5949288	1.1498041981068907
FITM1	SRR5949289	1.1496653216499102
FITM1	SRR5949290	1.1499000124654937
FITM1	SRR5949291	1.1497815594090803
FITM1	SRR5949292	1.149752993629983
FITM1	SRR5949293	1.1499000124654937
FITM1	SRR5949294	1.1498758641415114
FITM1	SRR5949295	1.1498041981068907
FITM1	SRR5949296	1.1498041981068907
FITM1	SRR5949297	1.1498283651018633
FITM1	SRR5949298	1.149614382860247
FITM1	SRR5949299	1.149757132515299
FITM1	SRR5949300	1.1498758641415114
FITM1	SRR5949301	1.1498758641415114
FITM1	SRR5949302	1.1496653216499102
FITM1	SRR5949303	1.1496516232140812
FITM1	SRR5949304	1.1498283651018633
FITM1	SRR5949305	1.1490061236504394
FITM1	SRR5949306	1.1498700492655702
FITM1	SRR5949307	1.149757132515299
FITM1	SRR5949308	1.149801355279094
FITM1	SRR5949309	1.1495565511841175
FITM1	SRR5949310	1.1495565511841175
FITM1	SRR5949311	1.1497815594090803
FITM1	SRR5949312	1.149461221160821
FITM1	SRR5949313	1.1497815594090803
FITM1	SRR5949314	1.1498758641415114
FITM1	SRR5949315	1.1497815594090803
FITM1	SRR5949316	1.1498041981068907
FITM1	SRR5949317	1.1492438683694057
FITM1	SRR5949318	1.1491016556665985
FITM1	SRR5949319	1.1498283651018633
FITM1	SRR5949320	1.1499000124654937
FITM1	SRR5949321	1.149801355279094
FITM1	SRR5949322	1.149614382860247
FITM1	SRR5949323	1.1497815594090803
FITM1	SRR5949324	1.1499000124654937
FITM1	SRR5949325	1.1498041981068907
FITM1	SRR5949326	1.1497815594090803
FITM1	SRR5949327	1.1490004023259148
FITM1	SRR5949328	1.1498283651018633
FITM1	SRR5949329	1.1498283651018633
FITM1	SRR5949330	1.1498041981068907
FITM1	SRR5949331	1.1498700492655702
FITM1	SRR5949332	1.1499000124654937
FITM1	SRR5949333	1.1496993836519698
FITM1	SRR5949334	1.1494508753827517
FITM1	SRR5949335	1.1498758641415114
FITM1	SRR5949336	1.149801355279094
FITM1	SRR5949337	1.1498700492655702
FITM1	SRR5949338	1.1498041981068907
FITM1	SRR5949339	1.1498041981068907
FITM1	SRR5949340	1.149614382860247
FITM1	SRR5949341	1.149727479151349
FITM1	SRR5949342	1.1498700492655702
FITM1	SRR5949343	1.149727479151349
FITM1	SRR5949344	1.1498283651018633
FITM1	SRR5949345	1.1498700492655702
FITM1	SRR5949346	1.1489824166943214
FITM1	SRR5949347	1.1494257243385793
FITM1	SRR5949348	1.1487709425734813
FITM1	SRR5949349	1.1498041981068907
FITM1	SRR5949350	1.149757132515299
FITM1	SRR5949351	1.1497815594090803
FITM1	SRR5949352	1.149801355279094
FITM1	SRR5949353	1.1498041981068907
FITM1	SRR5949354	1.1495224477062624
FITM1	SRR5949355	1.149727479151349
FITM1	SRR5949356	1.1467122388088349
FITM1	SRR5949357	1.149752993629983
FITM1	SRR5949358	1.1497815594090803
FITM1	SRR5949359	1.1498041981068907
FITM1	SRR5949360	1.149727479151349
FITM1	SRR5949361	1.1496653216499102
FITM1	SRR5949362	1.1478188840514512
FITM1	SRR5949363	1.1498758641415114
FITM1	SRR5949364	1.1496058907069004
FITM1	SRR5949365	1.1494121443044876
FITM1	SRR5949366	1.1474377159067004
FITM1	SRR5949367	1.1499000124654937
FITM1	SRR5949368	1.148804618132568
FITM1	SRR5949369	1.1498758641415114
FITM1	SRR5949370	1.1498283651018633
FITM1	SRR5949371	1.1495565511841175
FITM1	SRR5949372	1.149801355279094
FITM1	SRR5949373	1.1498758641415114
FITM1	SRR5949374	1.1496516232140812
FITM1	SRR5949375	1.1498758641415114
FITM1	SRR5949376	1.1499000124654937
FITM1	SRR5949377	1.1498041981068907
FITM1	SRR5949378	1.1499000124654937
FITM1	SRR5949379	1.1498041981068907
FITM1	SRR5949380	1.1489471817569916
FITM1	SRR5949381	1.1495012298161975
FITM1	SRR5949382	1.1498283651018633
FITM1	SRR5949383	1.1496993836519698
FITM1	SRR5949384	1.1498758641415114
FITM1	SRR5949385	1.149659680044542
FITM1	SRR5949386	1.1499000124654937
FITM1	SRR5949387	1.147930185304594
FITM1	SRR5949388	1.1495224477062624
FITM1	SRR5949389	1.1499000124654937
FITM1	SRR5949390	1.1497815594090803
FITM1	SRR5949391	1.1495565511841175
FITM1	SRR5949392	1.1499000124654937
FITM1	SRR5949393	1.1495565511841175
FITM1	SRR5949394	1.1495012298161975
FITM1	SRR5949395	1.1497815594090803
FITM1	SRR5949396	1.1489204896371397
FITM1	SRR5949397	1.1498758641415114
FITM1	SRR5949398	1.1498700492655702
FITM1	SRR5949399	1.1497815594090803
FITM1	SRR5949400	1.1442239823514004
FITM1	SRR5949401	1.1499000124654937
FITM1	SRR5949402	1.149801355279094
FITM1	SRR5949403	1.149757132515299
FITM1	SRR5949404	1.1495611354981103
FITM1	SRR5949405	1.1498041981068907
FITM1	SRR5949406	1.1498758641415114
FITM1	SRR5949407	1.1498041981068907
FITM1	SRR5949408	1.1498041981068907
FITM1	SRR5949409	1.149801355279094
FITM1	SRR5949410	1.149801355279094
FITM1	SRR5949411	1.1499000124654937
FITM1	SRR5949412	1.1496653216499102
FITM1	SRR5949413	1.1498041981068907
FITM1	SRR5949414	1.1498283651018633
FITM1	SRR5949415	1.1498700492655702
FITM1	SRR5949416	1.149752993629983
FITM1	SRR5949417	1.1496993836519698
FITM1	SRR5949418	1.1498041981068907
FITM1	SRR5949419	1.1498283651018633
FITM1	SRR5949420	1.149727479151349
FITM1	SRR5949421	1.1496993836519698
FITM1	SRR5949422	1.149752993629983
FITM1	SRR5949423	1.149752993629983
FITM1	SRR5949424	1.1499000124654937
FITM1	SRR5949425	1.149752993629983
FITM1	SRR5949426	1.1498700492655702
FITM1	SRR5949427	1.149752993629983
FITM1	SRR5949428	1.1499000124654937
FITM1	SRR5949429	1.149461221160821
FITM1	SRR5949430	1.1497815594090803
FITM1	SRR5949431	1.1497815594090803
FITM1	SRR5949432	1.149801355279094
FITM1	SRR5949433	1.149757132515299
FITM1	SRR5949434	1.149757132515299
FITM1	SRR5949435	1.1495510677538354
FITM1	SRR5949436	1.1498283651018633
FITM1	SRR5949437	1.149461221160821
FITM1	SRR5949438	1.1493806150832857
FITM1	SRR5949439	1.1498758641415114
FITM1	SRR5949440	1.1498700492655702
FITM1	SRR5949441	1.1498700492655702
FITM1	SRR5949442	1.1496516232140812
FITM1	SRR5949443	1.1495611354981103
FITM1	SRR5949444	1.1495012298161975
FITM1	SRR5949445	1.1499000124654937
FITM1	SRR5949446	1.1498700492655702
FITM1	SRR5949447	1.149757132515299
FITM1	SRR5949448	1.1499000124654937
FITM1	SRR5949449	1.1499000124654937
FITM1	SRR5949450	1.1497815594090803
FITM1	SRR5949451	1.1496993836519698
FITM1	SRR5949452	1.1498041981068907
FITM1	SRR5949453	1.1497815594090803
FITM1	SRR5949454	1.1498041981068907
FITM1	SRR5949455	1.149757132515299
FITM1	SRR5949456	1.1498758641415114
FITM1	SRR5949457	1.1498700492655702
FITM1	SRR5949458	1.1498758641415114
FITM1	SRR5949459	1.149801355279094
FITM1	SRR5949460	1.1495611354981103
FITM1	SRR5949461	1.1490004023259148
FITM1	SRR5949462	1.1498283651018633
FITM1	SRR5949463	1.1495510677538354
FITM1	SRR5949464	1.1494610034998385
FITM1	SRR5949465	1.1489587806071277
FITM1	SRR5949466	1.1497815594090803
FITM1	SRR5949467	1.1489471817569916
FITM1	SRR5949468	1.1498283651018633
FITM1	SRR5949469	1.1498700492655702
FITM1	SRR5949470	1.1498041981068907
FITM1	SRR5949471	1.149727479151349
FITM1	SRR5949472	1.149801355279094
FITM1	SRR5949473	1.149801355279094
FITM1	SRR5949474	1.149757132515299
FITM1	SRR5949475	1.1499000124654937
FITM1	SRR5949476	1.1498041981068907
FITM1	SRR5949477	1.1498700492655702
FITM1	SRR5949478	1.149801355279094
FITM1	SRR5949479	1.149283393549715
FITM1	SRR5949480	1.149752993629983
FITM1	SRR5949481	1.1498700492655702
FITM1	SRR5949482	1.1496653216499102
FITM1	SRR5949483	1.1492630102128836
FITM1	SRR5949484	1.1498283651018633
FITM1	SRR5949485	1.1495012298161975
FITM1	SRR5949486	1.149757132515299
FITM1	SRR5949487	1.149752993629983
FITM1	SRR5949488	1.149461221160821
FITM1	SRR5949489	1.1496058907069004
FITM1	SRR5949490	1.1496058907069004
FITM1	SRR5949491	1.149757132515299
FITM1	SRR5949492	1.1496058907069004
FITM1	SRR5949493	1.149727479151349
FITM1	SRR5949494	1.1499000124654937
FITM1	SRR5949495	1.1494707522857042
FITM1	SRR5949496	1.149727479151349
FITM1	SRR5949497	1.149727479151349
FITM1	SRR5949498	1.1497815594090803
FITM1	SRR5949499	1.1498283651018633
FITM1	SRR5949500	1.1494121443044876
FITM1	SRR5949501	1.149515806070026
FITM1	SRR5949502	1.1492573238148507
FITM1	SRR5949503	1.149639556483191
FITM1	SRR5949504	1.1498041981068907
FITM1	SRR5949505	1.1498041981068907
FITM1	SRR5949506	1.1498041981068907
FITM1	SRR5949507	1.1498700492655702
FITM1	SRR5949508	1.149752993629983
FITM1	SRR5949509	1.1498283651018633
FITM1	SRR5949510	1.1498041981068907
FITM1	SRR5949511	1.1489592829745587
FITM1	SRR5949512	1.149801355279094
FITM1	SRR5949513	1.1499000124654937
FITM1	SRR5949514	1.149659680044542
FITM1	SRR5949515	1.1498283651018633
FITM1	SRR5949516	1.149757132515299
FITM1	SRR5949517	1.1498041981068907
FITM1	SRR5949518	1.149283393549715
FITM1	SRR5949519	1.1496058907069004
FITM1	SRR5949520	1.1498700492655702
FITM1	SRR5949521	1.1490859664004887
FITM1	SRR5949522	1.149801355279094
FITM1	SRR5949523	1.1498700492655702
FITM1	SRR5949524	1.149757132515299
FITM1	SRR5949525	1.149659680044542
FITM1	SRR5949526	1.1489944018824365
FITM1	SRR5949527	1.149639556483191
FITM1	SRR5949528	1.1483720675437479
FITM1	SRR5949529	1.1495224477062624
FITM1	SRR5949530	1.149727479151349
FITM1	SRR5949531	1.1496653216499102
FITM1	SRR5949532	1.1498700492655702
FITM1	SRR5949533	1.1499000124654937
FITM1	SRR5949534	1.149659680044542
FITM1	SRR5949535	1.1498283651018633
FITM1	SRR5949536	1.1497815594090803
FITM1	SRR5949537	1.1498700492655702
FITM1	SRR5949538	1.1499000124654937
FITM1	SRR5949539	1.149727479151349
FITM1	SRR5949540	1.1495611354981103
FITM1	SRR5949541	1.149727479151349
FITM1	SRR5949542	1.1495224477062624
FITM1	SRR5949543	1.149752993629983
FITM1	SRR5949544	1.1495611354981103
FITM1	SRR5949545	1.149283393549715
FITM1	SRR5949546	1.149639556483191
FITM1	SRR5949547	1.1499000124654937
FITM1	SRR5949548	1.149757132515299
FITM1	SRR5949549	1.1494121443044876
FITM1	SRR5949550	1.1489471817569916
FITM1	SRR5949551	1.149801355279094
FITM1	SRR5949552	1.1494823274298185
FITM1	SRR5949553	1.1498758641415114
FITM1	SRR5949554	1.1498041981068907
FITM1	SRR5949555	1.1409427054301
FITM1	SRR5949556	1.149515806070026
FITM1	SRR5949557	1.1497815594090803
FITM1	SRR5949558	1.1494707522857042
FITM1	SRR5949559	1.1498283651018633
FITM1	SRR5949560	1.1498283651018633
FITM1	SRR5949561	1.1490061236504394
FITM1	SRR5949562	1.1495012298161975
FITM1	SRR5949563	1.1497815594090803
FITM1	SRR5949564	1.149801355279094
FITM1	SRR5949565	1.1498758641415114
FITM1	SRR5949566	1.1498283651018633
FITM1	SRR5949567	1.1479342052496542
FITM1	SRR5949568	1.1495565511841175
FITM1	SRR5949569	1.149614382860247
FITM1	SRR5949570	1.149727479151349
FITM1	SRR5949571	1.1493287860193127
FITM1	SRR5949572	1.1496993836519698
FITM1	SRR5949573	1.1495565511841175
FITM1	SRR5949574	1.1497815594090803
FITM1	SRR5949575	1.149752993629983
FITM1	SRR5949576	1.1496993836519698
FITM1	SRR5949577	1.1498758641415114
FITM1	SRR5949578	1.1497815594090803
FITM1	SRR5949579	1.1498283651018633
FITM1	SRR5949580	1.1498283651018633
FITM1	SRR5949581	1.1499000124654937
FITM1	SRR5949582	1.149614382860247
FITM1	SRR5949583	1.1498758641415114
FITM1	SRR5949584	1.1489713533334538
FITM1	SRR5949585	1.149801355279094
FITM1	SRR5949586	1.1498041981068907
FITM1	SRR5949587	1.149757132515299
FITM1	SRR5949588	1.14823324140182
FITM1	SRR5949589	1.1499000124654937
FITM1	SRR5949590	1.149639556483191
FITM1	SRR5949591	1.1498283651018633
FITM1	SRR5949592	1.1496653216499102
FITM1	SRR5949593	1.1499000124654937
FITM1	SRR5949594	1.1496993836519698
FITM1	SRR5949595	1.1498041981068907
FITM1	SRR5949596	1.149757132515299
FITM1	SRR5949597	1.1492327898220787
FITM1	SRR5949598	1.149727479151349
FITM1	SRR5949599	1.149639556483191
FITM1	SRR5949600	1.1497815594090803
FITM1	SRR5949601	1.1496993836519698
FITM1	SRR5949602	1.1499000124654937
FITM1	SRR5949603	1.149801355279094
FITM1	SRR5949604	1.1498041981068907
FITM1	SRR5949605	1.1496993836519698
FITM1	SRR5949606	1.1494707522857042
FITM1	SRR5949607	1.1498700492655702
FITM1	SRR5949608	1.1490004023259148
FITM1	SRR5950246	1.1489592829745587
FITM1	SRR5950247	1.1494707522857042
FITM1	SRR5950248	1.1497815594090803
FITM1	SRR5950249	1.1499000124654937
FITM1	SRR5950250	1.1495611354981103
FITM1	SRR5950251	1.1497815594090803
FITM1	SRR5950252	1.1498758641415114
FITM1	SRR5950253	1.1498041981068907
FITM1	SRR5950254	1.1494707522857042
FITM1	SRR5950255	1.1492327898220787
FITM1	SRR5950256	1.14882817140177
FITM1	SRR5950257	1.1487945702274995
FITM1	SRR5950258	1.149801355279094
FITM1	SRR5950259	1.1498283651018633
FITM1	SRR5950260	1.1497815594090803
FITM1	SRR5950261	1.149801355279094
FITM1	SRR5950262	1.149659680044542
FITM1	SRR5950263	1.1492573238148507
FITM1	SRR5950264	1.1498700492655702
FITM1	SRR5950265	1.1495611354981103
FITM1	SRR5950266	1.1489684643066176
FITM1	SRR5950267	1.149801355279094
FITM1	SRR5950268	1.1496993836519698
FITM1	SRR5950269	1.149727479151349
FITM1	SRR5950270	1.1494610034998385
FITM1	SRR5950271	1.1499000124654937
FITM1	SRR5950272	1.1499000124654937
FITM1	SRR5950273	1.1497815594090803
FITM1	SRR5950274	1.1496516232140812
FITM1	SRR5950275	1.1496993836519698
FITM1	SRR5950276	1.149801355279094
FITM1	SRR5950277	1.149515806070026
FITM1	SRR5950278	1.1492438683694057
FITM1	SRR5950279	1.149757132515299
FITM1	SRR5950280	1.1498041981068907
FITM1	SRR5950281	1.1496993836519698
FITM1	SRR5950282	1.1493287860193127
FITM1	SRR5950283	1.149801355279094
FITM1	SRR5950284	1.1466271340242074
FITM1	SRR5950285	1.1494823274298185
FITM1	SRR5950286	1.1497815594090803
FITM1	SRR5950287	1.1491016556665985
FITM1	SRR5950288	1.1495510677538354
FITM1	SRR5950289	1.1490061236504394
FITM1	SRR5950290	1.1498283651018633
FITM1	SRR5950291	1.149801355279094
FITM1	SRR5950292	1.1496653216499102
FITM1	SRR5950293	1.1494610034998385
FITM1	SRR5950294	1.1499000124654937
FITM1	SRR5950295	1.1498758641415114
FITM1	SRR5950296	1.149752993629983
FITM1	SRR5950297	1.1494508753827517
FITM1	SRR5950298	1.1498283651018633
FITM1	SRR5950299	1.149614382860247
FITM1	SRR5950300	1.149757132515299
FITM1	SRR5950301	1.149801355279094
FITM1	SRR5950302	1.149752993629983
FITM1	SRR5950303	1.149614382860247
FITM1	SRR5950304	1.149461221160821
FITM1	SRR5950305	1.149752993629983
FITM1	SRR5950306	1.149752993629983
FITM1	SRR5950307	1.1496058907069004
FITM1	SRR5950308	1.1496653216499102
FITM1	SRR5950309	1.1496993836519698
FITM1	SRR5950310	1.1497815594090803
FITM1	SRR5950311	1.1498700492655702
FITM1	SRR5950312	1.149801355279094
FITM1	SRR5950313	1.1496653216499102
FITM1	SRR5950314	1.1498283651018633
FITM1	SRR5950315	1.149801355279094
FITM1	SRR5950316	1.1498700492655702
FITM1	SRR5950317	1.149614382860247
FITM1	SRR5950318	1.1494610034998385
FITM1	SRR5950319	1.149639556483191
FITM1	SRR5950320	1.149614382860247
FITM1	SRR5950321	1.148836459359721
FITM1	SRR5950322	1.1495224477062624
FITM1	SRR5950323	1.1496516232140812
FITM1	SRR5950324	1.1498283651018633
FITM1	SRR5950325	1.149659680044542
FITM1	SRR5950326	1.149515806070026
FITM1	SRR5950327	1.149801355279094
FITM1	SRR5950328	1.149801355279094
FITM1	SRR5950329	1.149752993629983
FITM1	SRR5950330	1.149639556483191
FITM1	SRR5950331	1.1493287860193127
FITM1	SRR5950332	1.1494707522857042
FITM1	SRR5950333	1.1498283651018633
FITM1	SRR5950334	1.1498283651018633
FITM1	SRR5950335	1.1498283651018633
FITM1	SRR5950336	1.1477909267796054
FITM1	SRR5950337	1.1490522198255662
FITM1	SRR5950338	1.1484554126990747
FITM1	SRR5950339	1.1499000124654937
FITM1	SRR5950340	1.1496058907069004
FITM1	SRR5950341	1.1496653216499102
FITM1	SRR5950342	1.1498700492655702
FITM1	SRR5950343	1.1496653216499102
FITM1	SRR5950344	1.1495224477062624
FITM1	SRR5950345	1.1496516232140812
FITM1	SRR5950346	1.149801355279094
FITM1	SRR5950347	1.149752993629983
FITM1	SRR5950348	1.1496058907069004
FITM1	SRR5950349	1.1498758641415114
FITM1	SRR5950350	1.1497815594090803
FITM1	SRR5950351	1.1491016556665985
FITM1	SRR5950352	1.1498700492655702
FITM1	SRR5950353	1.149752993629983
FITM1	SRR5950354	1.1498700492655702
FITM1	SRR5950355	1.1498700492655702
FITM1	SRR5950356	1.1489979896611313
FITM1	SRR5950357	1.1498700492655702
FITM1	SRR5950358	1.149614382860247
FITM1	SRR5950359	1.149727479151349
FITM1	SRR5950360	1.1498700492655702
FITM1	SRR5950361	1.1498700492655702
FITM1	SRR5950362	1.1495224477062624
FITM1	SRR5950363	1.1494508753827517
FITM1	SRR5950364	1.149639556483191
FITM1	SRR5950365	1.1498041981068907
FITM1	SRR5950366	1.1498283651018633
FITM1	SRR5950367	1.1489024179979748
FITM1	SRR5950368	1.149752993629983
FITM1	SRR5950369	1.1499000124654937
FITM1	SRR5950370	1.1499000124654937
FITM1	SRR5950371	1.149801355279094
FITM1	SRR5950372	1.1498041981068907
FITM1	SRR5950373	1.149757132515299
FITM1	SRR5950374	1.149757132515299
FITM1	SRR5950375	1.1498700492655702
FITM1	SRR5950376	1.1499000124654937
FITM1	SRR5950377	1.1494121443044876
FITM1	SRR5950378	1.149757132515299
FITM1	SRR5950379	1.149752993629983
FITM1	SRR5950380	1.1496653216499102
FITM1	SRR5950381	1.149659680044542
FITM1	SRR5950382	1.1491016556665985
FITM1	SRR5950383	1.1498758641415114
FITM1	SRR5950384	1.1498283651018633
FITM1	SRR5950385	1.1490859664004887
FITM1	SRR5950386	1.1498700492655702
FITM1	SRR5950387	1.1498758641415114
FITM1	SRR5950388	1.1495611354981103
FITM1	SRR5950389	1.1485352709618715
FITM1	SRR5950390	1.1496993836519698
FITM1	SRR5950391	1.1499000124654937
FITM1	SRR5950392	1.1491016556665985
FITM1	SRR5950393	1.1495565511841175
FITM1	SRR5950394	1.149727479151349
FITM1	SRR5950395	1.149752993629983
FITM1	SRR5950396	1.1499000124654937
FITM1	SRR5950397	1.1498758641415114
FITM1	SRR5950398	1.1498758641415114
FITM1	SRR5950399	1.149659680044542
FITM1	SRR5950400	1.1496993836519698
FITM1	SRR5950401	1.1498700492655702
FITM1	SRR5950402	1.1498700492655702
FITM1	SRR5950403	1.1497815594090803
FITM1	SRR5950404	1.1498041981068907
FITM1	SRR5950405	1.14823324140182
FITM1	SRR5950406	1.1493806150832857
FITM1	SRR5950407	1.149801355279094
FITM1	SRR5950408	1.149461221160821
FITM1	SRR5950409	1.1495565511841175
FITM1	SRR5950410	1.1499000124654937
FITM1	SRR5950411	1.1498283651018633
FITM1	SRR5950412	1.1498700492655702
FITM1	SRR5950413	1.1493657120956842
FITM1	SRR5950414	1.149801355279094
FITM1	SRR5950415	1.149614382860247
FITM1	SRR5950416	1.1496653216499102
FITM1	SRR5950417	1.1496993836519698
FITM1	SRR5950418	1.1495510677538354
FITM1	SRR5950419	1.1498700492655702
FITM1	SRR5950420	1.149752993629983
FITM1	SRR5950421	1.1495611354981103
FITM1	SRR5950422	1.1494707522857042
FITM1	SRR5950423	1.149757132515299
FITM1	SRR5950424	1.1498283651018633
FITM1	SRR5950425	1.1498700492655702
FITM1	SRR5950426	1.1496058907069004
FITM1	SRR5950427	1.1498283651018633
FITM1	SRR5950428	1.149757132515299
FITM1	SRR5950429	1.1498700492655702
FITM1	SRR5950430	1.149727479151349
FITM1	SRR5950431	1.149727479151349
FITM1	SRR5950432	1.1498041981068907
FITM1	SRR5950433	1.149801355279094
FITM1	SRR5950434	1.1495611354981103
FITM1	SRR5950435	1.149757132515299
FITM1	SRR5950436	1.1498700492655702
FITM1	SRR5950437	1.149727479151349
FITM1	SRR5950438	1.1498283651018633
FITM1	SRR5950439	1.1498758641415114
FITM1	SRR5950440	1.145365413736815
FITM1	SRR5950441	1.1494707522857042
FITM1	SRR5950442	1.1497815594090803
FITM1	SRR5950443	1.149659680044542
FITM1	SRR5950444	1.149801355279094
FITM1	SRR5950445	1.1498041981068907
FITM1	SRR5950446	1.1496516232140812
FITM1	SRR5950447	1.1494257243385793
FITM1	SRR5950448	1.149801355279094
FITM1	SRR5950449	1.1498041981068907
FITM1	SRR5950450	1.1498700492655702
FITM1	SRR5950451	1.1499000124654937
FITM1	SRR5950452	1.1494823274298185
FITM1	SRR5950453	1.1498283651018633
FITM1	SRR5950454	1.1494823274298185
FITM1	SRR5950455	1.1498283651018633
FITM1	SRR5950456	1.149757132515299
FITM1	SRR5950457	1.149659680044542
FITM1	SRR5950458	1.1499000124654937
FITM1	SRR5950459	1.149752993629983
FITM1	SRR5950460	1.149752993629983
FITM1	SRR5950461	1.1497815594090803
FITM1	SRR5950462	1.1492630102128836
FITM1	SRR5950463	1.149614382860247
FITM1	SRR5950464	1.149515806070026
FITM1	SRR5950465	1.1449587156171235
FITM1	SRR5950466	1.149801355279094
FITM1	SRR5950467	1.149752993629983
FITM1	SRR5950468	1.149801355279094
FITM1	SRR5950469	1.149639556483191
FITM1	SRR5950470	1.1498700492655702
FITM1	SRR5963912	1.1499000124654937
FITM1	SRR5963913	1.1495224477062624
FITM1	SRR5963914	1.1499000124654937
FITM1	SRR5963915	1.1495611354981103
FITM1	SRR5963916	1.1494121443044876
FITM1	SRR5963917	1.1496993836519698
FITM1	SRR5963918	1.149727479151349
FITM1	SRR5963919	1.1498041981068907
FITM1	SRR5963920	1.149757132515299
FITM1	SRR5963921	1.1498283651018633
FITM1	SRR5963922	1.1496653216499102
FITM1	SRR5963923	1.149727479151349
FITM1	SRR5963924	1.1498041981068907
FITM1	SRR5963925	1.1495224477062624
FITM1	SRR5963926	1.149515806070026
FITM1	SRR5963927	1.1498758641415114
FITM1	SRR5963928	1.1494823274298185
FITM1	SRR5963929	1.149801355279094
FITM1	SRR5963930	1.1493287860193127
FITM1	SRR5963931	1.1499000124654937
FITM1	SRR5963932	1.149757132515299
FITM1	SRR5963933	1.149659680044542
FITM1	SRR5963934	1.1494257243385793
FITM1	SRR5963935	1.1499000124654937
FITM1	SRR5963936	1.1495510677538354
FITM1	SRR5963937	1.1492573238148507
FITM1	SRR5963938	1.149801355279094
FITM1	SRR5963939	1.1498041981068907
FITM1	SRR5963940	1.1498700492655702
FITM1	SRR5963941	1.1499000124654937
FITM1	SRR5963942	1.1499000124654937
FITM1	SRR5963943	1.1498283651018633
FITM1	SRR5963944	1.1499000124654937
FITM1	SRR5963945	1.1498758641415114
FITM1	SRR5963946	1.149801355279094
FITM1	SRR5963947	1.149801355279094
FITM1	SRR5963948	1.149801355279094
FITM1	SRR6467548	24.23534696457763
FITM1	SRR6467549	13.216234138471734
FITM1	SRR6467550	10.094573463716312
FITM1	SRR6467551	7.1151557334446105
FITM1	SRR6467552	9.14870503310178
FITM1	SRR6467553	8.255342027263977
FITM1	SRR6467554	10.225494456218692
FITM1	SRR6467555	10.14415162044149
FITM1	SRR6467556	12.14193526516276
FITM1	SRR6467557	14.159873263740762
FITM1	SRR6467558	9.18195100159532
FITM1	SRR6467559	12.026099488234284
FITM1	SRR6467560	11.112363750185008
FITM1	SRR6467561	14.104315596088304
FITM1	SRR6467562	13.04930927036286
FITM1	SRR6467563	16.099148690699014
FITM1	SRR6467564	26.190086030383128
FITM1	SRR6467565	10.096995243760967
FITM1	SRR6467566	16.440477219352253
FITM1	SRR6467567	7.077510084147373
FITM1	SRR6467568	9.036917549228507
FITM1	SRR6467569	7.102477969814722
FITM1	SRR6467570	11.976081367868426
FITM1	SRR6467571	6.004319106973522
FITM1	SRR6467572	12.073829107652214
FITM1	SRR6467573	7.047587991610016
FITM1	SRR6467574	18
FITM1	SRR6467575	11.431939132154335
FITM1	SRR6467576	14.065446020155616
FITM1	SRR6467577	12.017282646122439
FITM1	SRR6467578	6.059242800344914
FITM1	SRR6467579	4.0423353250519405
FITM1	SRR6467580	27.613583940088933
FITM1	SRR6467581	10.322483873470903
FITM1	SRR6467582	7.529854687215117
FITM1	SRR6467583	15
FITM1	SRR6467584	10.036310190827418
FITM1	SRR6467585	4.355866227178818
FITM1	SRR6467586	7.706434009864381
FITM1	SRR6467587	12.657726522532732
FITM1	SRR6467588	21.15350677653453
FITM1	SRR6467589	14
FITM1	SRR6467590	3.008290260914171
FITM1	SRR6467591	13.136754825913352
FITM1	SRR6467592	8.06223631715326
FITM1	SRR6467593	12.05445944833729
FITM1	SRR6467594	5.148021927563553
FITM1	SRR6467595	9.019725697121022
FITM1	SRR6467596	10
FITM1	SRR6467597	5.945915178102003
FITM1	SRR6467598	12.464422881510101
FITM1	SRR6467599	11.04114817229818
FITM1	SRR6467600	5.02409284425282
FITM1	SRR6467601	6.0334729042981765
FITM1	SRR6467602	10.821282116039285
FITM1	SRR6467603	15
FITM1	SRR6467604	14.059146299779172
FITM1	SRR6467605	4.014295646389128
FITM1	SRR6467606	9
FITM1	SRR6467607	14
FITM1	SRR6467608	6.015763508894325
FITM1	SRR6467609	9.001619228079393
FITM1	SRR6467610	5.049908489921639
FITM1	SRR6467611	16.398454346729547
FITM1	SRR6467612	6.0348245132253195
FITM1	SRR6467613	13
FITM1	SRR6467614	15
FITM1	SRR6467615	4.050814964094092
FITM1	SRR6467616	7.069249285110484
FITM1	SRR6467617	7.046682048957073
FITM1	SRR6467618	10
FITM1	SRR6467619	15.519525031566216
FITM1	SRR6467620	4.0103700182386515
FITM1	SRR6467621	13.066393520574277
FITM1	SRR6467622	3.0451826099151464
FITM1	SRR6467623	10.776110968491258
FITM1	SRR6467624	23.004138027314003
FITM1	SRR6467625	9
FITM1	SRR6467626	23
FITM1	SRR6467627	5.050318737769148
FITM1	SRR6467628	7
FITM1	SRR6467629	16.628683496571828
FITM1	SRR6467630	12.008638213947044
FITM1	SRR6467631	12.01079873885719
FITM1	SRR6467632	5.035887310330131
FITM1	SRR6467633	11
FITM1	SRR6467634	14.055948062779947
FITM1	SRR6467635	6.487614010868462
FITM1	SRR6467636	8.08064769848139
FITM1	SRR6467637	8
FITM1	SRR6467638	15
FITM1	SRR6467639	6.0190110575019915
FITM1	SRR6467640	22.46020628204367
FITM1	SRR6467641	8.07426226390045
FITM1	SRR6467642	9.373714942469952
FITM1	SRR6467643	5.062565002530913
FITM1	SRR6467644	17
FITM1	SRR6467645	21.079785804896165
FITM1	SRR6467646	11
FITM1	SRR6467647	5.314530216192757
FITM1	SRR6467648	16.09237814381419
FITM1	SRR6467649	9.047629223080136
FITM1	SRR6467650	6.032838013556383
FITM1	SRR6467651	10.02913173016367
FITM1	SRR6467652	12.002158970772523
FITM1	SRR6467653	5.049612297660549
FITM1	SRR6467654	4.014962971744793
FITM1	SRR6467655	6
FITM1	SRR6467656	9.459105516422435
FITM1	SRR6467657	13
FITM1	SRR6467658	9
FITM1	SRR6467659	6.333045922332574
FITM1	SRR6467660	15.102640207899952
FITM1	SRR6467661	11.950180183575076
FITM1	SRR6467662	16.99805615614166
FITM1	SRR6467663	7.019535889137761
FITM1	SRR6467664	6.444573325399541
FITM1	SRR6467665	14
FITM1	SRR6467666	11
FITM1	SRR6467667	5.456907230157608
FITM1	SRR6467668	5.8029324956236445
FITM1	SRR6467669	9
FITM1	SRR6467670	10
FITM1	SRR6467671	6.53890587272328
FITM1	SRR6467672	8.070798779667516
FITM1	SRR6467673	5.047950102987684
FITM1	SRR6467674	7.043785475822803
FITM1	SRR6467675	9.077777622063083
FITM1	SRR6467676	9.291967196773319
FITM1	SRR6467677	10
FITM1	SRR6467678	4
FITM1	SRR6467679	11
FITM1	SRR6467680	13.139481458395762
FITM1	SRR6467681	7
FITM1	SRR6467682	8.047880352049466
FITM1	SRR6467683	18.20153180177706
FITM1	SRR6467684	15.03888756839494
FITM1	SRR6467685	3.0422876105368415
FITM1	SRR6467686	10.014402205102032
FITM1	SRR6467687	15.98872581600117
FITM1	SRR6467688	11
FITM1	SRR6467689	7.06932036294085
FITM1	SRR6467690	7.038272026014419
FITM1	SRR6467691	10.055480781368802
FITM1	SRR6467692	8.008041830067754
FITM1	SRR6467693	9.908751978013159
FITM1	SRR6467694	15.113560588804791
FITM1	SRR6467695	8.03655196590917
FITM1	SRR6467696	8.777604018637076
FITM1	SRR6467697	6
FITM1	SRR6467698	8.037617511930193
FITM1	SRR6467699	19
FITM1	SRR6467700	5.081320524110799
FITM1	SRR6467701	18
FITM1	SRR6467702	3.043011911034273
FITM1	SRR6467703	6.074010032894082
FITM1	SRR6467704	6.016745047832367
FITM1	SRR6467705	4.026122203380488
FITM1	SRR6467706	7.129293586003126
FITM1	SRR6467707	18
FITM1	SRR6467708	6.010354821214879
FITM1	SRR6467709	17
FITM1	SRR6467710	12.01079873885719
FITM1	SRR6467711	15.020481769982156
FITM1	SRR6467712	6.067483931337895
FITM1	SRR6467713	9.16965162479401
FITM1	SRR6467714	10.05971437060134
FITM1	SRR6467715	15
FITM1	SRR6467716	3
FITM1	SRR6467717	7.08596568780617
FITM1	SRR6467718	7.107863995199229
FITM1	SRR6467719	6.021626648398411
FITM1	SRR6467720	10
FITM1	SRR6467721	13.021065120146364
FITM1	SRR6467722	23.9622708019366
FITM1	SRR6467723	19
FITM1	SRR6467724	31
FITM1	SRR6467725	11
FITM1	SRR6467726	13.521515734673631
FITM1	SRR6467727	9.020608971737293
FITM1	SRR6467728	13
FITM1	SRR6467729	8.05512259857244
FITM1	SRR6467730	6.012758265892413
FITM1	SRR6467731	3.02964355106883
FITM1	SRR6467732	10.614878797524945
FITM1	SRR6467733	9.015532231822318
FITM1	SRR6467734	22.83921366702663
FITM1	SRR6467735	7.057856291898338
FITM1	SRR6467736	8.049617422673514
FITM1	SRR6467737	9.055856614411455
FITM1	SRR6467738	7.0025190258185255
FITM1	SRR6467739	12
FITM1	SRR6467740	18.09617414047618
FITM1	SRR6467741	12.024466421280053
FITM1	SRR6467742	12
FITM1	SRR6467743	11
FITM1	SRR6467744	11
FITM1	SRR6467745	9.003238747480962
FITM1	SRR6467746	5.0396664557603135
FITM1	SRR6467747	15.483570911363108
FITM1	SRR6467748	21.867210774569394
FITM1	SRR6467749	9
FITM1	SRR6467750	4.009488210726242
FITM1	SRR6467751	4.060471665546305
FITM1	SRR6467752	9.07393067909078
FITM1	SRR6467753	13.312269054254008
FITM1	SRR6467754	15.903845823670483
FITM1	SRR6467755	16.110251268353583
FITM1	SRR6467756	18.022681432312417
FITM1	SRR6467757	4
FITM1	SRR6467758	7
FITM1	SRR6467759	7.03964375351049
FITM1	SRR6467760	23.177887346706648
FITM1	SRR6467761	12.043989623968095
FITM1	SRR6467762	12.06006643371446
FITM1	SRR6467763	10.528221983668704
FITM1	SRR6467764	14.140011741525996
FITM1	SRR6467765	9.011189775659833
FITM1	SRR6467766	2.029667057183248
FITM1	SRR6467767	7.047644276800283
FITM1	SRR6467768	6.074859786113602
FITM1	SRR6467769	8.14384388599927
FITM1	SRR6467770	11
FITM1	SRR6467771	7.523783729603273
FITM1	SRR6467772	4.028451738799193
FITM1	SRR6467773	12.04705596216157
FITM1	SRR6868540	14.207669400282734
FITM1	SRR6868541	5.139044179096811
FITM1	SRR6868542	4.191961089303871
FITM1	SRR6868543	6.091777628356532
FITM1	SRR6868544	19.149162698659993
FITM1	SRR6868545	11.274263171064577
FITM1	SRR6868546	5.079541751021512
FITM1	SRR6868557	3.1780801318850744
FITM1	SRR6868558	10.493300957915759
FITM1	SRR6868559	6.196990869908787
FITM1	SRR6868560	10.099883345290225
FITM1	SRR6868569	2.1238680436145336
FITM1	SRR6868570	8.174558172604248
FITM1	SRR6868571	3.13423227205724
FITM1	SRR6868572	10.118502062800996
FITM1	SRR6868573	9.371548986331286
FITM1	SRR6868574	7.085728309095428
FITM1	SRR6868575	5.129984908772223
FITM1	SRR6868576	6.096007340049289
FITM1	SRR6868577	4.131163035437434
FITM1	SRR6868578	3.046731180628502
FITM1	SRR6868579	4.176279772206242
FITM1	SRR6868580	6.064663027003229
FITM1	SRR6868581	7.239421035090791
FITM1	SRR6868582	2.0658779368703026
FITM1	SRR6868585	7.156742683557153
FITM1	SRR6868586	5.298719516054088
FITM1	SRR6868587	3.180184231457238
FITM1	SRR6868588	13.093550299458911
FITM1	SRR6868589	7.077241569077639
FITM1	SRR6868590	7.226511847656828
FITM1	SRR6868591	2.0262519433803727
FITM1	SRR6868604	3.2277165294099603
FITM1	SRR6868605	8.256783987284056
FITM1	SRR6868606	5.205298375463095
FITM1	SRR6868607	5.17326310622888
FITM1	SRR6868608	6.146787940153119
FITM1	SRR6868609	8.353532203965063
FITM1	SRR6868610	12.472055720965377
FITM1	SRR6868620	11.125381757460799
FITM1	SRR6868621	16.352904170259283
FITM1	SRR6868622	6.145409042424528
FITM1	SRR6868623	5.274926546184294
FITM1	SRR6868636	8.352181338880671
FITM1	SRR6868637	12.313350191933683
FITM1	SRR6868638	11.51019509730067
FITM1	SRR6868639	14.151688581640531
FITM1	SRR6868650	6.23899113121384
FITM1	SRR6868651	15.437124272594398
FITM1	SRR6868652	11.337827734213898
FITM1	SRR6868653	9.170592647916564
FITM1	SRR6868654	7.105837607041704
FITM1	SRR6868655	7.248013025706766
FITM1	SRR6868665	6.086810766767748
FITM1	SRR6868666	5.0513134512489994
FITM1	SRR6868667	7.080795989974539
FITM1	SRR6868668	7.052350223943731
FITM1	SRR6868669	11.08406001876009
FITM1	SRR6868670	4.072362592126701
FITM1	SRR6868671	12.175568540205319
FITM1	SRR6868683	7.089739137945528
FITM1	SRR6868684	6.094680391900024
FITM1	SRR6868685	5.108295203436903
FITM1	SRR6868686	9.092917458163566
FITM1	SRR6868687	13.36603224933485
FITM1	SRR6868688	5.136941967760596
FITM1	SRR6868689	5.074376520476036
FITM1	SRR6868698	14.257337886036824
FITM1	SRR6868699	15.105867856184002
FITM1	SRR6868700	8.129228080814883
FITM1	SRR6868701	15.159135302575597
FITM1	SRR6868702	11.084561598602635
FITM1	SRR6868713	5.05239436709612
FITM1	SRR6868714	11.205649508217377
FITM1	SRR6868715	9.075064220269995
FITM1	SRR6868716	13.087347006855929
FITM1	SRR6868717	10.103010202621464
FITM1	SRR6868718	13.050705345467549
FITM1	SRR6868719	18.02916708943343
FITM1	SRR6868720	18.091205683266967
FITM1	SRR6868721	6.067792266534806
FITM1	SRR6868722	18.30420423335462
FITM1	SRR6868723	7.137578101658499
FITM1	SRR6868724	8.077954752535355
FITM1	SRR6868725	11.045946157609984
FITM1	SRR6868726	28.06754037772621
FITM1	SRR6868741	10.145442086713796
FITM1	SRR7632756	3.0247743241523954
FITM1	SRR7632757	6.166399716307867
FITM1	SRR7632758	2.02126564191182
FITM1	SRR7632759	8.238199686301659
FITM1	SRR7632760	8.162135207395472
FITM1	SRR7632761	7.050054206599359
FITM1	SRR7632762	13.632223081515006
FITM1	SRR7632763	5.081907410967434
FITM1	SRR7632764	11.406879464357727
FITM1	SRR7632765	12.03152701778865
FITM1	SRR7632766	9.280028236451065
FITM1	SRR7632767	6.0142323160893625
FITM1	SRR7632768	14.22663437825258
FITM1	SRR7632769	8.091816968064425
FITM1	SRR7632770	6.04967470707337
FITM1	SRR7632771	9.233593321171057
FITM1	SRR7632772	3.057493612925711
FITM1	SRR7632773	8.043429333147504
FITM1	SRR7632774	5.031735293101561
FITM1	SRR7632775	5.112340755473821
FITM1	SRR7632776	2.0757773060336837
FITM1	SRR7632777	3.072178916985614
FITM1	SRR7632778	11.045946157609984
FITM1	SRR7632779	7.1828162374578515
FITM1	SRR7632780	9.033239229066279
FITM1	SRR7632781	6.368553188575554
FITM1	SRR7632782	9.12309603756937
FITM1	SRR7632783	4.029356226628493
FITM1	SRR7632784	2.0174017704978233
FITM1	SRR7632785	4.028709848264105
FITM1	SRR7632786	5.207033008213636
FITM1	SRR7632787	7.027397930859613
FITM1	SRR7632788	13.029465474994879
FITM1	SRR7632789	6.10885443237039
FITM1	SRR7632790	12.117886395788243
FITM1	SRR7632791	5.223712243487805
FITM1	SRR7632792	15.109460644314687
FITM1	SRR7632793	5.0605329369662995
FITM1	SRR7632794	6.041686623692174
FITM1	SRR7632795	15.048399135057812
FITM1	SRR7632796	8.137473843280405
FITM1	SRR7632797	1.1507956722511705
FITM1	SRR7632798	5.028644952730678
FITM1	SRR7632799	12.36941132608784
FITM1	SRR7632800	9.134745414013613
FITM1	SRR7632801	7.036829837905885
FITM1	SRR7632802	13.454941898814328
FITM1	SRR7632803	3.0719875433255974
FITM1	SRR7632804	2.0809477580379636
FITM1	SRR7632805	9.027842502318245
FITM1	SRR7632806	15.069199401695364
FITM1	SRR7632807	2.0174345410032393
FITM1	SRR7632808	13.106869435681533
FITM1	SRR7632809	8.390217312190442
FITM1	SRR7632810	10.041728190577267
FITM1	SRR7632811	6.040841510744621
FITM1	SRR7632812	4.028733448132131
FITM1	SRR7632813	5.0310464809103035
FITM1	SRR7632814	16.05696301082618
FITM1	SRR7632815	4.031482243386615
FITM1	SRR7632816	6.451690891023361
FITM1	SRR7632817	6.249516905154619
FITM1	SRR7632818	3.0162762750892154
FITM1	SRR7632819	6.0146813821184875
FITM1	SRR7632820	6.041308481990741
FITM1	SRR7632821	11.018983838893943
FITM1	SRR7632822	9.113251317985709
FITM1	SRR7632823	13.047835732448416
FITM1	SRR7632824	2.0091487433859676
FITM1	SRR7632825	14.039306937507058
FITM1	SRR7632826	16.010322172290522
FITM1	SRR7632827	3.1643888648958782
FITM1	SRR7632828	2.051993963508889
FITM1	SRR7632829	7.101444389681663
FITM1	SRR7632830	5.242234771614319
FITM1	SRR7632831	3.027836165149756
FITM1	SRR7632832	12.17466922959667
FITM1	SRR7632833	8.413896293932043
FITM1	SRR7632834	3.0875688583638317
FITM1	SRR7632835	7.7693701030733555
FITM1	SRR7632836	5.074685282643658
FITM1	SRR7632837	15.096750233909782
FITM1	SRR7632838	2.0503118879419135
FITM1	SRR7632839	3.034463512569105
FITM1	SRR7632840	7.214013415572781
FITM1	SRR7632841	2.2385121973421565
FITM1	SRR7632842	9.016756649376227
FITM1	SRR7632843	10.375153886962647
FITM1	SRR7632844	5.198157003247703
FITM1	SRR7632845	6.03003321685723
FITM1	SRR7632846	4.197961999319962
FITM1	SRR7632847	4.094109013566114
FITM1	SRR7632848	3.027390740958739
FITM1	SRR7632849	3.034153984263222
FITM1	SRR7632850	5.064428220860431
FITM1	SRR7632851	12.12134208149971
FITM1	SRR7632852	8.010080636583297
FITM1	SRR7632853	13.066009203049704
FITM1	SRR7632854	4.026413077749329
FITM1	SRR7632855	15
FITM1	SRR7632856	7.0453861284599295
FITM1	SRR7632857	11.809340999239991
FITM1	SRR7632858	8.297263613645505
FITM1	SRR7632859	9.356680010331587
FITM1	SRR7632860	16.130310800511992
FITM1	SRR7632861	14.761351483869031
FITM1	SRR7632862	4.1405609958591585
FITM1	SRR7632863	4.509852760518656
FITM1	SRR7632864	2.2431051012728194
FITM1	SRR7632865	5.007317560199026
FITM1	SRR7632866	7.03964375351049
FITM1	SRR7632867	7.072032978865101
FITM1	SRR7632868	5.128143591196223
FITM1	SRR7632869	13.317734693436531
FITM1	SRR7632870	8.030391003982434
FITM1	SRR7632871	11.560886466836246
FITM1	SRR7632872	8.257699722550118
FITM1	SRR7632873	9.037868586745752
FITM1	SRR7632874	12.03189481727889
FITM1	SRR7632875	7.011557091249578
FITM1	SRR7632876	12.170040359062217
FITM1	SRR7632877	12.493195632607124
FITM1	SRR7632878	8.176641768203107
FITM1	SRR7632879	13.029465474994879
FITM1	SRR7632880	18.31574409682383
FITM1	SRR7632881	4.05502553955122
FITM1	SRR7632882	6.143284587572021
FITM1	SRR7632883	6.13487438234946
FITM1	SRR7632884	4.134825632967394
FITM1	SRR7632885	9.044736361187544
FITM1	SRR7632886	13.419932339358537
FITM1	SRR7632887	7.070751909573354
FITM1	SRR7632888	8.303814580615404
FITM1	SRR7632889	8.273594231776967
FITM1	SRR7632890	2.2041273184184322
FITM1	SRR7632891	10.470515559564515
FITM1	SRR7632892	9.05248695858061
FITM1	SRR7632893	7.26695427689978
FITM1	SRR7632894	3.1411727239603207
FITM1	SRR7632895	11.12750880018202
FITM1	SRR7632896	2.0452964546334567
FITM1	SRR7632897	8.03268104917213
FITM1	SRR7632898	7.026156482503418
FITM1	SRR7632899	8.055615090550404
FITM1	SRR7632900	5.033324066919741
FITM1	SRR7632901	4.025443861608997
FITM1	SRR7632902	5.219021369707624
FITM1	SRR7632903	3.013196800202575
FITM1	SRR7632904	9.473575890780106
FITM1	SRR7632905	9.838583328239418
FITM1	SRR7632906	10.16502585346888
FITM1	SRR7632907	8.221803279264883
FITM1	SRR7632908	5.0200351800316225
FITM1	SRR7632909	18.062182538450468
FITM1	SRR7632910	4.152030919241321
FITM1	SRR7632911	2.0259685106472616
FITM1	SRR7632912	11.171960346467975
FITM1	SRR7632913	5.293612216692171
FITM1	SRR7632914	6.187033634181129
FITM1	SRR7632915	3.1348699438417866
FITM1	SRR7632916	6.119307171961641
FITM1	SRR7632917	3.157183665295765
FITM1	SRR7632918	4.103387416851866
FITM1	SRR7632919	3.026202500577879
FITM1	SRR7632920	3.0347493353933026
FITM1	SRR7632921	8.097259186025013
FITM1	SRR7632922	8.069593666368677
FITM1	SRR7632923	3.031425131553463
FITM1	SRR7632924	4.117982971340188
FITM1	SRR7632925	10.350871842259231
FITM1	SRR7632926	4.07399577457069
FITM1	SRR7632927	1.020518834230417
FITM1	SRR7632928	14.046266526814929
FITM1	SRR7632929	2.0815710665907736
FITM1	SRR7632930	8.007199159238127
FITM1	SRR7632931	8.00575880929803
FITM1	SRR7632932	3.077077888767684
FITM1	SRR7632933	5.10638862718441
FITM1	SRR7632934	9.03949462792281
FITM1	SRR7632935	5.050559200624879
FITM1	SRR7632936	3.063157554610714
FITM1	SRR7632937	5.072402039300949
FITM1	SRR7632938	3.0800284531599176
FITM1	SRR7632939	4.112415039921538
FITM1	SRR7632940	3.019654573924624
FITM1	SRR7632941	12.257700794295793
FITM1	SRR7632942	1.0358472927277014
FITM1	SRR7632943	6
FITM1	SRR7632944	3.055153682877002
FITM1	SRR7632945	8
FITM1	SRR8928966	3.0267060177174403
FITM1	SRR8928967	6.104682891290372
FITM1	SRR8928968	9.07521888874487
FITM1	SRR8928969	2.016831517804291
FITM1	SRR8928970	2.0195580861901936
FITM1	SRR8928971	1.0078135964082673
FITM1	SRR8928972	32.70829442283895
FITM1	SRR8928973	4.024063186440894
FITM1	SRR8928974	1.0870766859358787
FITM1	SRR8928975	31.30491544463162
FITM1	SRR8928976	15.650907504729641
FITM1	SRR8928977	8.158177010634718
FITM1	SRR8928978	8.151275780450403
FITM1	SRR8928979	1.0197172970945956
FITM1	SRR8928980	1.016019416300132
FITM1	SRR8928981	1.0118211977273175
FITM1	SRR8928982	5.057458907205849
FITM1	SRR8928983	9.017827540244198
FITM1	SRR8928984	5.028269505807169
FITM1	SRR8928985	1.0170563672128556
FITM1	SRR8928986	5.0455349551607895
FITM1	SRR8928987	4
FITM1	SRR8928988	10
FITM1	SRR8928989	1.0180482199929832
FITM1	SRR8928990	9.095510506481517
FITM1	SRR8928991	2.036023053538453
FITM1	SRR9835604	55.79387987128223
FITM1	SRR9835605	15.084347394301059
FITM1	SRR9835606	15.033083902258602
FITM1	SRR9835607	10.092485506134343
FITM1	SRR9835608	7.104895586974565
FITM1	SRR9835609	9
FITM1	SRR9835610	9.042194746185935
FITM1	SRR9835611	18.019990326553526
FITM1	SRR9835612	9.024666978546486
FITM1	SRR9835613	23.13734305238308
FITM1	SRR9835614	2.0203514952089034
FITM1	SRR9835615	7.277792549178198
FITM1	SRR9835616	3.022499855507022
FITM1	SRR9835617	6.14021811610022
FITM1	SRR9835618	5.026989659936015
FITM1	SRR9835619	13
FITM1	SRR9835620	12.058797376134255
FITM1	SRR9835621	9.059983320455533
FITM1	SRR9835622	5.013864426095854
FITM1	SRR9835623	25.00449785577609
FITM1	SRR9835624	7.155480481157058
FITM1	SRR9835625	15.047687071044125
FITM1	SRR9835626	7.054019403930481
FITM1	SRR9835627	11.022949139577387
FITM1	SRR9835628	4.028981203187128
FITM1	SRR9835629	6.123060992707379
FITM1	SRR9835630	11.613131871198357
FITM1	SRR9835631	21.616353219162676
FITM1	SRR9835632	11.025755526082746
FITM1	SRR9835633	8.060565647362555
FITM1	SRR9835634	12.076661817352212
FITM1	SRR9835635	12.118713060189402
FITM1	SRR9835636	6.012316294120519
FITM1	SRR9835637	5.022607306425002
FITM1	SRR9835638	3.029726397985824
FITM1	SRR9835639	16.169310354558625
FITM1	SRR9835640	57.953486781794574
FITM1	SRR9835641	6.023527981080785
FITM1	SRR9835642	11.06500929054519
FITM1	SRR9835643	20.077034956911334
FITM1	SRR9835644	18.05935349458918
FITM1	SRR9835645	4.118613642487768
FITM1	SRR9835646	27.2554265164686
FITM1	SRR9835647	10.024301059742207
FITM1	SRR9835648	6.181726890936731
FITM1	SRR9835649	10.119543846885094
FITM1	SRR9835650	9.034588253215032
FITM1	SRR9835651	16.01151761859606
FITM1	SRR9835652	6.096116497800792
FITM1	SRR9835653	13.036280936970128
FITM1	SRR9835654	12.122108971253422
FITM1	SRR9835655	7.036186598066901
FITM1	SRR9835656	17.045935952884534
FITM1	SRR9835657	5.075594564770855
FITM1	SRR9835658	10.020114680017954
FITM1	SRR9835659	5.030232750771797
FITM1	SRR9835660	5.038231167795599
FITM1	SRR9835661	5.020272187802134
FITM1	SRR9835662	6.07384918382688
FITM1	SRR9835663	4.081229442596507
FITM1	SRR9835664	4.006903214143252
FITM1	SRR9835665	11.046098802329501
FITM1	SRR9835666	15
FITM1	SRR9835667	4.033769855998264
FITM1	SRR9835668	16
FITM1	SRR9835669	9.239479169951057
FITM1	SRR9835670	7.097612815753685
FITM1	SRR9835671	2.027196179694096
FITM1	SRR9835672	8.014270555202911
FITM1	SRR9835673	2.045643925767389
FITM1	SRR9835674	57.030770868961746
FITM1	SRR9835675	6.032387591923218
FITM1	SRR9835676	16.337020130537137
FITM1	SRR9835677	14.037210620158705
FITM1	SRR9835678	10.060909130166536
FITM1	SRR9835679	17.372688539308616
FITM1	SRR9835680	26.63748117638315
FITM1	SRR9835681	15.045740710054222
FITM1	SRR9835682	24.39622309349535
FITM1	SRR9835683	8.050754589393327
FITM1	SRR9835684	12.303612936078213
FITM1	SRR9835685	15.076877876635443
FITM1	SRR9835686	17.230070523761363
FITM1	SRR9835687	16.075235023860387
FITM1	SRR9835688	16
FITM1	SRR9835689	9.066505159978764
FITM1	SRR9835690	7.014080276012568
FITM1	SRR9835691	5.045094361258265
FITM1	SRR9835692	9.165467458723226
FITM1	SRR9835693	9.036766180318645
FITM1	SRR9835694	10.104411930997234
FITM1	SRR9835695	8.041847762368391
FITM1	SRR9835696	20.197706227656088
FITM1	SRR9835697	9.046472861831285
FITM1	SRR9835698	6.006031372550816
FITM1	SRR9835699	3.004861181572238
FITM1	SRR9835700	12.027198899995271
FITM1	SRR9835701	25.070774043160338
FITM1	SRR9835702	26
FITM1	SRR9835703	4.004319884158837
FITM1	SRR9835704	10.046652924666128
FITM1	SRR9835705	9.035966611787108
FITM1	SRR9835706	3.237790546546438
FITM1	SRR9835707	6.006663442184508
FITM1	SRR9835708	9.009568826012465
FITM1	SRR9835709	7.003255964965364
FITM1	SRR9835710	4.058254632568281
FITM1	SRR9835711	6.0026570921492866
FITM1	SRR9835712	20.050434938927086
FITM1	SRR9835713	13.024778367425148
FITM1	SRR9835714	7.010819278591198
FITM1	SRR9835715	19.09808113169919
FITM1	SRR9835716	16.04780892413612
FITM1	SRR9835717	10.034545854694706
FITM1	SRR9835718	8.124956804203123
FITM1	SRR9835719	5.044201625925571
FITM1	SRR9835720	7.044096080222812
FITM1	SRR9835721	3.045852337511526
FITM1	SRR9835722	14.324998970876516
FITM1	SRR9835723	6
FITM1	SRR9835724	3.0211735712368006
FITM1	SRR9835725	3.083585020232703
FITM1	SRR9835726	14.010077916271552
FITM1	SRR9835727	8.055277020498613
FITM1	SRR9835728	4.164000543507684
FITM1	SRR9835729	24.07784192138588
FITM1	SRR9835730	3.0118560590915253
FITM1	SRR9835731	3.1534218311088162
FITM1	SRR9835732	15.070944945126238
FITM1	SRR9835733	5.022537899614755
FITM1	SRR9835734	25.065681287059686
FITM1	SRR9835735	19.034793261841333
FITM1	SRR9835736	4.049042372513704
FITM1	SRR9835737	7.015183784866384
FITM1	SRR9835738	7.012604197342598
FITM1	SRR9835739	3.082853354228805
FITM1	SRR9835740	20.60474256580731
FITM1	SRR9835741	9.04808707023809
FITM1	SRR9835742	10.189224125769462
FITM1	SRR9835743	2.0689576539919834
FITM1	SRR9835744	15.087983709328329
FITM1	SRR9835745	2.045322397757989
FITM1	SRR9835746	34.37785087228342
FITM1	SRR9835747	6.032368142835573
FITM1	SRR9835748	4.123411063366834
FITM1	SRR9835749	20
FITM1	SRR9835750	27.22728561659452
FITM1	SRR9835751	7.058095222884894
FITM1	SRR9835752	3.122913001461648
FITM1	SRR9835753	12.13187559492728
FITM1	SRR9835754	10.013654513321438
FITM1	SRR9835755	6.090059183010559
FITM1	SRR9835756	9.421966946980065
FITM1	SRR9835757	15.060816563406402
FITM1	SRR9835758	4.023394929252826
FITM1	SRR9835759	9.059831565192624
FITM1	SRR9835760	27
FITM1	SRR9835761	31.005577341162354
FITM1	SRR9835762	9.926528346539307
FITM1	SRR9835763	11.032346579233
FITM1	SRR9835764	18.049189808189304
FITM1	SRR9835765	4.73981506010818
FITM1	SRR9835766	5.1326641997346
FITM1	SRR9835767	6.224726083729726
FITM1	SRR9835768	10
FITM1	SRR9835769	7
FITM1	SRR9835770	29.58793897422398
FITM1	SRR9835771	7.038385586128724
FITM1	SRR9835772	5.063780794036234
FITM1	SRR9835773	29
FITM1	SRR9835774	15.533787569623126
FITM1	SRR9835775	3.015559052823305
FITM1	SRR9835776	8.026192657475585
FITM1	SRR9835777	8.019575176157984
FITM1	SRR9835778	8.034260817155895
FITM1	SRR9835779	8.05681811628842
FITM1	SRR9835780	21.03367594977312
FITM1	SRR9835781	6.153498602040689
FITM1	SRR9835782	13.065828645429704
FITM1	SRR9835783	28
FITM1	SRR9835784	11.045608497297316
FITM1	SRR9835785	1.0441860904847313
FITM1	SRR9835786	14.13901780928007
FITM1	SRR9835787	9.0260673674462
FITM1	SRR9835788	22.036995929298087
FITM1	SRR9835789	21
FITM1	SRR9835790	7.050984195958913
FITM1	SRR9835791	4.1114624965294055
FITM1	SRR9835792	28.846744027196262
FITM1	SRR9835793	11.022575125976095
FITM1	SRR9835794	11.001979056541481
FITM1	SRR9835795	2.114786578089573
FITM1	SRR9835796	6.034771625554297
FITM1	SRR9835797	6
FITM1	SRR9835798	15.024305907861189
FITM1	SRR9835799	8.016310947520035
FITM1	SRR9835800	16.018965181511554
FITM1	SRR9835801	9.045602841633483
FITM1	SRR9835802	17.068458694120924
FITM1	SRR9867812	1.5837866325432974
FITM1	SRR9867813	1.7479437651041199
FITM1	SRR9867814	4.128069761065915
FITM1	SRR9867815	2.203389797186802
FITM1	SRR9867816	3
FITM1	SRR9867817	1.0130692804155355
FITM1	SRR9867818	3
FITM1	SRR9867819	1.0365871752587312
FITM1	SRR9867820	5
FITM1	SRR9867821	3
FITM1	SRR9867822	5.051243647751967
FITM1	SRR9867823	5.689941548740257
FITM1	SRR9867824	1.8004372245027127
FITM1	SRR9867825	2.4076204256503697
FITM1	SRR9867826	1.6010473150495519
FITM1	SRR9867827	4.957092483417688
FITM1	SRR9867828	2.0215822783383675
FITM1	SRR9867829	5.453643416437626
FITM1	SRR9867830	7
FITM1	SRR9867831	1.7256070570334006
FITM1	SRR9879292	57.39751950649885
FITM1	SRR9879293	23.334782690060287
FITM1	SRR9879294	10.200688164522312
FITM1	SRR9879295	17.335290868828217
FITM1	SRR9879296	13.155678502845285
FITM1	SRR9879297	17.26339042633822
FITM1	SRR9879298	22.234385365153784
FITM1	SRR9879299	37.10778740160558
FITM1	SRR9879300	33.48380814062773
FITM1	SRR9879301	45.01619373740481
FITM1	SRR9879302	33.341267558152445
FITM1	SRR9879303	31.129484625991772
FITM1	SRR9879304	16.26729545848721
FITM1	SRR9879305	25.2520166616363
FITM1	SRR9879306	38
FITM1	SRR9879307	41.67826362292094
FITM1	SRR9879308	21.239077889842555
FITM1	SRR9879309	27.287734752674755
FITM1	T50_307	1.0053671982704868
FITM1	T50_313	2.032038832600264
FITM1	T50_317	2.032813753462841
FITM1	T50_324	1.0105775508373083
FITM1	T50_427	1.0156539222354464
FITM1	T50_428	4.026164006443586
FITM1	T50_431	4.0189989279881795
FITM1	T50_436	3.0215500860990985
FITM1	T50_476	5.036417282827794
FITM1	UN_307	1.0128719438885714
FITM1	UN_313	1.0139486719753832
FITM1	UN_317	2.015999433602552
FITM1	UN_323	7.0633252501725945
FITM1	UN_324	4.085585316503954
FITM1	UN_427	3.0231128914862375
FITM1	UN_428	1.0098893750946523
FITM1	UN_431	3.0273209730964736
FITM1	UN_436	5.035511322680263
FITM1	UN_476	3.026613495222245
