Gene	sample	counts
NSRP1P1	CM317	1.052160686909921
NSRP1P1	CMCD140	1.0094128350688558
NSRP1P1	CMCD147	1.0404565910580479
NSRP1P1	CMCD152	3
NSRP1P1	CMCD154	1.0098993269771894
NSRP1P1	CMCD159	1.0863042186135794
NSRP1P1	CMCD161	9.027566532828756
NSRP1P1	CMCD174	1.092629434806816
NSRP1P1	CMCD196	1.0091897168260358
NSRP1P1	CMCD198	1.029495742835047
NSRP1P1	CMCD203	4.012957251380963
NSRP1P1	CMCD211	2.4101360923730697
NSRP1P1	CMCD227	0.8221105025334557
NSRP1P1	CMCD240	1.8599320778626804
NSRP1P1	CMCD259	4
NSRP1P1	CMCD270	2.0103816269904455
NSRP1P1	CMCD275	1.008539072196977
NSRP1P1	CMCD282	4.052643147700787
NSRP1P1	CMCD286	1.8850076785844414
NSRP1P1	CMCD287	2
NSRP1P1	CMCD294	1.0639520056991958
NSRP1P1	CMCD327	5.025693936376418
NSRP1P1	CMCD335	6.028232569639037
NSRP1P1	CMCD337	2.0133486302459707
NSRP1P1	CMCD357	1.0211504641864628
NSRP1P1	CMCD398	5.030011788506802
NSRP1P1	CMCD403	1.0071810043238532
NSRP1P1	CMCD422	2.0041725708322518
NSRP1P1	CMCD426	1.1140469611806236
NSRP1P1	CMCD71	2.0127725980554785
NSRP1P1	CMCD72	6.90645003699115
NSRP1P1	CMCD76	5.011486069656873
NSRP1P1	CMCD88	7.001259399617306
NSRP1P1	CMSA256	4
NSRP1P1	CMSA316	2.0163090229167335
NSRP1P1	CMUC110	2
NSRP1P1	CMUC192	3.040381349238842
NSRP1P1	CMUC199	3.084562216249444
NSRP1P1	CMUC200	3.0070242343862037
NSRP1P1	CMUC208	1.002446897019748
NSRP1P1	CMUC231	2
NSRP1P1	CMUC234	3
NSRP1P1	CMUC285	2.0222538748895467
NSRP1P1	CMUC291	1.0066043693551068
NSRP1P1	CMUC295	1.0008998949047658
NSRP1P1	CMUC299	1.0029270323451933
NSRP1P1	CMUC301	3.001619519419039
NSRP1P1	CMUC307	4.011040749136297
NSRP1P1	CMUC313	1.0420413939922741
NSRP1P1	CMUC314	1.055846512835873
NSRP1P1	CMUC323	3.072314720674028
NSRP1P1	CMUC324	2.0017997898095317
NSRP1P1	CMUC331	1.0091574614003984
NSRP1P1	CMUC333	1.0232387540038606
NSRP1P1	CMUC334	1.0150130071590526
NSRP1P1	CMUC346	1.0108493839910517
NSRP1P1	CMUC352	5.030269827463551
NSRP1P1	CMUC360	1.0014402205102033
NSRP1P1	CMUC363	1.0263755677043285
NSRP1P1	CMUC365	2.0133846821398103
NSRP1P1	CMUC366	1.0033489938746742
NSRP1P1	CMUC368	2
NSRP1P1	CMUC377	1.0040818938645244
NSRP1P1	CMUC379	1.0708063663103926
NSRP1P1	CMUC380	2.03655284870852
NSRP1P1	CMUC383	6.0857158598784675
NSRP1P1	CMUC394	1.0076216931317499
NSRP1P1	CMUC419	1.0249492522957178
NSRP1P1	CMUC427	1
NSRP1P1	CMUC428	2.0126941172406245
NSRP1P1	CMUC431	1.0018586198168056
NSRP1P1	CMUC435	5.0250971219310685
NSRP1P1	CMUC439	2.0128722151629495
NSRP1P1	CMUC89	1
NSRP1P1	CS219	1.0024775414638962
NSRP1P1	CS256	2.004579771497176
NSRP1P1	CS257	1.0944271775349645
NSRP1P1	CS259	2.003091222454628
NSRP1P1	CS261	2.0476460713678555
NSRP1P1	CS266	1.0357806251843706
NSRP1P1	CS270	4.052038016252701
NSRP1P1	CS277	0.964744493942961
NSRP1P1	CS288	5.045078640779054
NSRP1P1	CS290	3.02397499958678
NSRP1P1	CS292	1.0139795313343294
NSRP1P1	CS293	10.16848591736414
NSRP1P1	CS301	3.0802375309762766
NSRP1P1	CS306	1.0388615456941386
NSRP1P1	CS308	4.106306460824827
NSRP1P1	CS315	1.028018282586956
NSRP1P1	CS317	1.0722984600508352
NSRP1P1	CS322	1.0134187324826138
NSRP1P1	CS327	1.0047603772359066
NSRP1P1	CS328	1.0566294945036847
NSRP1P1	CS330	1.0768616883015538
NSRP1P1	CS331	1.0187996043213206
NSRP1P1	CS335	9.086617246903133
NSRP1P1	CS338	4.123330808725644
NSRP1P1	CS339	1.1707547739034676
NSRP1P1	CS343	2.0161578239049964
NSRP1P1	CS344	1.014131256091266
NSRP1P1	CS350	1.0232380192782662
NSRP1P1	CS351	1.008311894542825
NSRP1P1	CS361	3.071971181518845
NSRP1P1	CS388	4.139853129643512
NSRP1P1	CS396	1.01090379638317
NSRP1P1	CS405	1.0253724548654906
NSRP1P1	CS415	1.0768988297741249
NSRP1P1	CS424	1.0376219614625826
NSRP1P1	IM293	1.0053335186310612
NSRP1P1	IM296	1.0674965693084089
NSRP1P1	IM297	1.098769887658002
NSRP1P1	IM300	4
NSRP1P1	IM305	1.0100500854392669
NSRP1P1	IM309	1.068243382745569
NSRP1P1	IM310	1.0137597798867521
NSRP1P1	IM311	1.0124769275654149
NSRP1P1	IM316	1.0051863509411016
NSRP1P1	IM320	1.0476097382082026
NSRP1P1	IM330	1.0105944783553105
NSRP1P1	IM332	1.0306075684228129
NSRP1P1	IM340	1.056280146775053
NSRP1P1	IM348	1.0369614627065955
NSRP1P1	IM354	1.0072486895623194
NSRP1P1	IM356	1.0086100524478088
NSRP1P1	IM364	1.017386683482945
NSRP1P1	IM372	4.999953589341447
NSRP1P1	IM374	1.0494515301768887
NSRP1P1	IM376	1.0151740030663836
NSRP1P1	IM381	1.012555790998895
NSRP1P1	IM382	1.0318406015848964
NSRP1P1	IM385	2
NSRP1P1	IM390	1.028703799246213
NSRP1P1	IM397	3.034153984263222
NSRP1P1	IM404	3.0086475457665736
NSRP1P1	IM409	2.0114579810922715
NSRP1P1	IM412	3
NSRP1P1	IM421	1.0158984637588822
NSRP1P1	IM425	1.0543133661346646
NSRP1P1	IM432	1.0420143643186235
NSRP1P1	IM438	2
NSRP1P1	IM442	2.085219456237517
NSRP1P1	IM445	1.0115547971482344
NSRP1P1	IM448	1.0230255913150224
NSRP1P1	IM449	1.008446585812273
NSRP1P1	IM451	1.0051863509411016
NSRP1P1	IMSA256	2.0081984421393138
NSRP1P1	IMSA276	1
NSRP1P1	IMSA286	1
NSRP1P1	IMSA343	3.0375623606408153
NSRP1P1	IS_238	1
NSRP1P1	IS238	8.18930128358899
NSRP1P1	IS243	1
NSRP1P1	IS253	4
NSRP1P1	IS283	3
NSRP1P1	IS322	21.22343420289631
NSRP1P1	IS399	3.02175888068164
NSRP1P1	IS418	1.0947511027862358
NSRP1P1	IS430	1.0847548398304163
NSRP1P1	IS437	2.1644767574487536
NSRP1P1	IS444	4.151398890597223
NSRP1P1	R276CMSA	5.324627653950278
NSRP1P1	R286CMSA	1
NSRP1P1	R292CMSA	1.004207620749528
NSRP1P1	R292IMSA	1.0768750693977573
NSRP1P1	R308CMSA	1.070354522560454
NSRP1P1	R316IMSA	1.0198650539779268
NSRP1P1	R347CMSA	1.0679448775774594
NSRP1P1	R347IMSA	1.0654084912781197
NSRP1P1	R371CMSA	2.0079925803971355
NSRP1P1	SRR10104064	10.01774446356221
NSRP1P1	SRR10104065	40.23462322487555
NSRP1P1	SRR10104066	13.243832342467488
NSRP1P1	SRR10104067	13.302342784515242
NSRP1P1	SRR10104068	33.154158725903265
NSRP1P1	SRR10104069	18.206834443649083
NSRP1P1	SRR10104070	8.236692436458009
NSRP1P1	SRR10104071	6.971901178616604
NSRP1P1	SRR10104072	13.932402117331828
NSRP1P1	SRR10104073	31.375073631743287
NSRP1P1	SRR10104074	13.196667849527076
NSRP1P1	SRR10104075	8.083279599920404
NSRP1P1	SRR10104076	22.612127315194396
NSRP1P1	SRR10104077	7.728526624562515
NSRP1P1	SRR10104078	16.670742425869285
NSRP1P1	SRR10104079	15.299992406464947
NSRP1P1	SRR10104080	4.501712365441225
NSRP1P1	SRR10104081	22.349659600230197
NSRP1P1	SRR10104082	5.42823630140537
NSRP1P1	SRR10104083	12.787160477290993
NSRP1P1	SRR10104084	7.49086908384877
NSRP1P1	SRR10104085	14.314792981831072
NSRP1P1	SRR10104086	8.199464124410602
NSRP1P1	SRR10104087	40.12839219592418
NSRP1P1	SRR10104088	25.22797074482814
NSRP1P1	SRR10104089	2.2774248231285403
NSRP1P1	SRR10104090	19.503604376732397
NSRP1P1	SRR10104091	11.472244382661332
NSRP1P1	SRR10104092	22.28083794911201
NSRP1P1	SRR10104093	9.31294091478554
NSRP1P1	SRR10104094	18.619993484187198
NSRP1P1	SRR10104095	6.333177951676341
NSRP1P1	SRR10104096	4.599997531653641
NSRP1P1	SRR10104097	11.719762557148528
NSRP1P1	SRR10104098	8.239732353042786
NSRP1P1	SRR10104099	11.531463014556072
NSRP1P1	SRR10104100	7.204960391956839
NSRP1P1	SRR10104101	43.239889147470265
NSRP1P1	SRR10104102	19.29172540097008
NSRP1P1	SRR10104103	13.693026113616092
NSRP1P1	SRR10104104	14.217224041522105
NSRP1P1	SRR10104105	7.586543919150452
NSRP1P1	SRR10104106	10.20339933545487
NSRP1P1	SRR10104107	20.191764568490655
NSRP1P1	SRR10104108	28.192075530796732
NSRP1P1	SRR10104109	1.122307744225592
NSRP1P1	SRR10104110	4.77280415287017
NSRP1P1	SRR10104111	11.362682204578135
NSRP1P1	SRR10104112	2.379744782138404
NSRP1P1	SRR10104113	10.362854178746606
NSRP1P1	SRR10104114	3.5259326472401744
NSRP1P1	SRR10104115	6.888717373864257
NSRP1P1	SRR10104116	5.238115956208808
NSRP1P1	SRR10104117	9.35363485988225
NSRP1P1	SRR10104118	4.591960941548653
NSRP1P1	SRR10104119	3.576629055199393
NSRP1P1	SRR10104120	11.301836728472166
NSRP1P1	SRR10104121	4.338268049219177
NSRP1P1	SRR10104122	7.651665742098872
NSRP1P1	SRR10104123	10.85068060584876
NSRP1P1	SRR10104124	6.716409639008844
NSRP1P1	SRR10104125	3.309696626610502
NSRP1P1	SRR10104126	7.28251289277909
NSRP1P1	SRR10104127	4.75864060279381
NSRP1P1	SRR10104128	10.289581177608564
NSRP1P1	SRR10104129	13.343528438211488
NSRP1P1	SRR10104130	15.631534096017875
NSRP1P1	SRR10104131	23.261136128048673
NSRP1P1	SRR10104132	25.180894841708966
NSRP1P1	SRR10104133	5.839052057375917
NSRP1P1	SRR10104134	16.486727409002025
NSRP1P1	SRR10104135	5.523962613685403
NSRP1P1	SRR10104136	19.286015520909107
NSRP1P1	SRR10104137	3.3334630055739862
NSRP1P1	SRR10104138	3.5961376186935414
NSRP1P1	SRR10104139	16.18214881762489
NSRP1P1	SRR10104140	5.7287614295532325
NSRP1P1	SRR10104141	12.734618492511537
NSRP1P1	SRR10104142	13.685765937720491
NSRP1P1	SRR10104143	30.24580534350774
NSRP1P1	SRR10104144	12.732998539591598
NSRP1P1	SRR10104145	11.709831812658486
NSRP1P1	SRR10104146	22.211821834122027
NSRP1P1	SRR10104147	61.104250498687335
NSRP1P1	SRR10104148	11.584612235150662
NSRP1P1	SRR10104149	11.527450142327572
NSRP1P1	SRR10104150	49.57095218807213
NSRP1P1	SRR10104151	38.291074800032895
NSRP1P1	SRR10104152	45.25304218290317
NSRP1P1	SRR10104153	18.786461439412783
NSRP1P1	SRR10104154	5.153303932247293
NSRP1P1	SRR10104155	7.634235562329878
NSRP1P1	SRR10104156	30.12201455653777
NSRP1P1	SRR10104157	7.3511158318728915
NSRP1P1	SRR10104158	17.350191567114205
NSRP1P1	SRR10104159	24.304146815463763
NSRP1P1	SRR10104160	1.1286682368212853
NSRP1P1	SRR10104161	74.12770946165017
NSRP1P1	SRR10104162	29.59396626091156
NSRP1P1	SRR10104163	12.363453781873462
NSRP1P1	SRR10104164	30.590395474724193
NSRP1P1	SRR10104165	21.82150956260226
NSRP1P1	SRR10104166	23.945538985898168
NSRP1P1	SRR10104167	25.56601351813627
NSRP1P1	SRR10104168	18.52206826183245
NSRP1P1	SRR10104169	24.597932138545858
NSRP1P1	SRR10104170	18.543644147724777
NSRP1P1	SRR10104171	27.65080726935602
NSRP1P1	SRR10104172	24.82193727391872
NSRP1P1	SRR10104173	12.741702362618573
NSRP1P1	SRR10104174	12.410477714259757
NSRP1P1	SRR10104175	13.29459558542693
NSRP1P1	SRR10104176	7.158221372463224
NSRP1P1	SRR10104177	21.5345855915705
NSRP1P1	SRR10104178	22.851305940947384
NSRP1P1	SRR10104179	10.349830414340861
NSRP1P1	SRR10104180	21.4621450377135
NSRP1P1	SRR10104181	24.649098721572862
NSRP1P1	SRR10104182	11.390171346488764
NSRP1P1	SRR10104183	10.485327945215122
NSRP1P1	SRR10104184	33.70614323836994
NSRP1P1	SRR10104185	9.58952050516116
NSRP1P1	SRR10104186	21.70156202461289
NSRP1P1	SRR10104187	11.87733558157451
NSRP1P1	SRR10104188	9.500276150890313
NSRP1P1	SRR10104189	12.73721870972601
NSRP1P1	SRR10104190	6.8946099339995905
NSRP1P1	SRR10104191	10.279158825750383
NSRP1P1	SRR10104192	22.575976554183477
NSRP1P1	SRR10104193	27.0472894969032
NSRP1P1	SRR10104194	21.912418144258602
NSRP1P1	SRR10104195	12.510338622845119
NSRP1P1	SRR10104196	7.287611584713456
NSRP1P1	SRR10104197	40.67774494065287
NSRP1P1	SRR10104198	30.778554184930215
NSRP1P1	SRR10104199	13.01462771106629
NSRP1P1	SRR10104200	6.2145659034106195
NSRP1P1	SRR10104201	13.341855955813244
NSRP1P1	SRR10104202	6.410671928698518
NSRP1P1	SRR10104203	24.54527060167216
NSRP1P1	SRR10104204	11.34772686312538
NSRP1P1	SRR10104205	21.5666171273521
NSRP1P1	SRR10104206	21.609386513373313
NSRP1P1	SRR10104207	14.460580062860123
NSRP1P1	SRR10104208	31.54837254158226
NSRP1P1	SRR10104209	16.371179369209063
NSRP1P1	SRR10104210	19.502823505966564
NSRP1P1	SRR10104211	26.488789712354333
NSRP1P1	SRR10104212	26.48842209538258
NSRP1P1	SRR10104213	6.364346249272274
NSRP1P1	SRR10104214	10.302508387945405
NSRP1P1	SRR10104215	62.665048958054534
NSRP1P1	SRR10104216	6.373084680215598
NSRP1P1	SRR10104217	19.475209629834815
NSRP1P1	SRR10104218	18.114598934315687
NSRP1P1	SRR10104219	13.848442851155225
NSRP1P1	SRR10104220	19.675817228586578
NSRP1P1	SRR10104221	5.452583163554061
NSRP1P1	SRR10104222	22.852120096592042
NSRP1P1	SRR10104223	5.900836102459608
NSRP1P1	SRR10104224	26.66298260861073
NSRP1P1	SRR10104225	10.316603761307151
NSRP1P1	SRR10104226	11.432045943288527
NSRP1P1	SRR10104227	10.779388239392173
NSRP1P1	SRR10104228	11.232105220166012
NSRP1P1	SRR10104229	37.345024255339496
NSRP1P1	SRR10104230	28.70595603408934
NSRP1P1	SRR10104231	1.07822501247679
NSRP1P1	SRR10104232	21.223028896148765
NSRP1P1	SRR10104233	1.0734096428277802
NSRP1P1	SRR10104234	31.726418957852975
NSRP1P1	SRR10104235	16.707064407930126
NSRP1P1	SRR10104236	54.50256892852978
NSRP1P1	SRR10104237	32.59407351001897
NSRP1P1	SRR10104238	20.36755718055402
NSRP1P1	SRR10104239	14.887014149227285
NSRP1P1	SRR10104240	12.899495900985173
NSRP1P1	SRR10104241	27.064450210083514
NSRP1P1	SRR10104242	19.181412065881105
NSRP1P1	SRR10104243	2.1374973631428063
NSRP1P1	SRR10104244	5.199407938476754
NSRP1P1	SRR10104245	31.254352866990107
NSRP1P1	SRR10104246	14.414771407938241
NSRP1P1	SRR10104247	14.811362692445938
NSRP1P1	SRR10104248	32.29587673278465
NSRP1P1	SRR10104249	29.79261602549021
NSRP1P1	SRR10104250	4.628790211354468
NSRP1P1	SRR10104251	24.083627307765973
NSRP1P1	SRR10104252	7.103259432706864
NSRP1P1	SRR10104253	2.19982513068642
NSRP1P1	SRR10104254	14.524575672679747
NSRP1P1	SRR10104255	16.499912839202928
NSRP1P1	SRR10104256	32.94477428422924
NSRP1P1	SRR10104257	16.609965149035087
NSRP1P1	SRR10104258	10.309181491976231
NSRP1P1	SRR10224277	1.0245658638211308
NSRP1P1	SRR10224278	1.0942848190075063
NSRP1P1	SRR10224279	9.817629276527555
NSRP1P1	SRR10224280	62.392948080904276
NSRP1P1	SRR10224281	30.485434646414372
NSRP1P1	SRR10224282	1.0506840927867773
NSRP1P1	SRR10224283	6.25451800607406
NSRP1P1	SRR10224284	1.1113405704367834
NSRP1P1	SRR10224285	1.1302600125483513
NSRP1P1	SRR10224286	8.203782000557062
NSRP1P1	SRR10224287	3.1026194285649393
NSRP1P1	SRR10224288	1.0982502736059643
NSRP1P1	SRR10224289	1.095574558517596
NSRP1P1	SRR10224290	3.293981697038253
NSRP1P1	SRR10224291	13.40636523819714
NSRP1P1	SRR10224292	19.22608892927064
NSRP1P1	SRR10224293	1.0308254672852508
NSRP1P1	SRR10224294	1.0583494992707134
NSRP1P1	SRR10224295	1.0871371976243258
NSRP1P1	SRR10224296	22.157231705794125
NSRP1P1	SRR10224297	1.1298237190995832
NSRP1P1	SRR10224298	1.0332669442805347
NSRP1P1	SRR10318388	1.0075645039987202
NSRP1P1	SRR10318389	2.0096158459903477
NSRP1P1	SRR10318390	1.0125492618247403
NSRP1P1	SRR10318391	2.024376558981896
NSRP1P1	SRR10318392	1.0141662120681394
NSRP1P1	SRR10318393	3.008739519049101
NSRP1P1	SRR10318394	1.0136017148230585
NSRP1P1	SRR10318395	1.0045521691478385
NSRP1P1	SRR10318396	1.008253691698839
NSRP1P1	SRR10318397	1.0060636964446545
NSRP1P1	SRR10318398	2.0071817333073967
NSRP1P1	SRR10318399	1.0502301871086661
NSRP1P1	SRR10318400	2.030059894316004
NSRP1P1	SRR10318401	2.0073929674059605
NSRP1P1	SRR10318402	4.017240258751376
NSRP1P1	SRR10318403	3.014883663418494
NSRP1P1	SRR10318404	1.0017838194003639
NSRP1P1	SRR10318405	1.0025217469463543
NSRP1P1	SRR10318406	3.0140241471762033
NSRP1P1	SRR10318407	3.029989202242966
NSRP1P1	SRR10318408	2.006187222737388
NSRP1P1	SRR10318409	1.0031782721446603
NSRP1P1	SRR10318410	2.0082652899056073
NSRP1P1	SRR10318411	2.0073929674059605
NSRP1P1	SRR10318412	3.0148563587151003
NSRP1P1	SRR10318413	2.0078865942447375
NSRP1P1	SRR10318414	1.0060465501543596
NSRP1P1	SRR10318415	4.026417477420427
NSRP1P1	SRR10318416	4.040510607962392
NSRP1P1	SRR10318417	2.0146563380184315
NSRP1P1	SRR10318418	3.011488683814358
NSRP1P1	SRR10318419	2.0081702622930324
NSRP1P1	SRR10318420	4.007324897229754
NSRP1P1	SRR10318421	1.00485547100433
NSRP1P1	SRR10318422	2.0043222168337302
NSRP1P1	SRR10318423	1.0016036166558628
NSRP1P1	SRR10318424	1.0021332526954574
NSRP1P1	SRR10318425	1.0066317697525906
NSRP1P1	SRR10318426	1.095574558517596
NSRP1P1	SRR10318427	1.1082523998937106
NSRP1P1	SRR10318428	4.005584250867533
NSRP1P1	SRR10318429	1.0040376195884992
NSRP1P1	SRR10318430	1.0088510137634663
NSRP1P1	SRR10318431	3.0157842162453794
NSRP1P1	SRR10318432	5.009002998101856
NSRP1P1	SRR10318433	1.275527749073799
NSRP1P1	SRR10318434	3.0095055287509958
NSRP1P1	SRR10318435	2.0121422238187727
NSRP1P1	SRR10318436	1.002838293865245
NSRP1P1	SRR10318437	1.0007198511622537
NSRP1P1	SRR10318438	1.0012906877364744
NSRP1P1	SRR10318439	2.0082652899056073
NSRP1P1	SRR10318440	2.0320322810813582
NSRP1P1	SRR10318441	3.008422915180084
NSRP1P1	SRR10318442	1.0290972598019128
NSRP1P1	SRR10318443	2.00464924436686
NSRP1P1	SRR10318444	1.0087925886196047
NSRP1P1	SRR10318445	1.0124257547386077
NSRP1P1	SRR10318446	4.0160406579802705
NSRP1P1	SRR10318447	4.042965317262988
NSRP1P1	SRR10318448	1.0071774620660263
NSRP1P1	SRR10318449	1.0021020527610582
NSRP1P1	SRR10318450	2.010795863974406
NSRP1P1	SRR10318451	4
NSRP1P1	SRR10318452	1.0063470586203123
NSRP1P1	SRR10318453	2.0402565884018795
NSRP1P1	SRR10318454	2.0095880753490887
NSRP1P1	SRR10318455	2.012304851275369
NSRP1P1	SRR10318456	3.020077023209715
NSRP1P1	SRR10318457	5.00825506517827
NSRP1P1	SRR10318458	1.0130607665001055
NSRP1P1	SRR10318459	2.013342421393025
NSRP1P1	SRR10318460	2.0080889550647942
NSRP1P1	SRR10318461	1.0035908666536983
NSRP1P1	SRR10318462	2.013630297459443
NSRP1P1	SRR10318463	1.0031991760872525
NSRP1P1	SRR10318464	1.0063873213211867
NSRP1P1	SRR10318465	3.003015686275408
NSRP1P1	SRR10318466	1.0095724722687383
NSRP1P1	SRR10318467	1.005163326868066
NSRP1P1	SRR10318468	3.029779762182034
NSRP1P1	SRR10318469	3.0112099210728935
NSRP1P1	SRR10318470	3
NSRP1P1	SRR10318471	4
NSRP1P1	SRR10318472	1.0044939929610694
NSRP1P1	SRR10318473	1.0039520196971752
NSRP1P1	SRR10318474	3.0128478064334607
NSRP1P1	SRR10318475	1.0041019499142785
NSRP1P1	SRR10318476	1.0037100598776116
NSRP1P1	SRR10318495	2.0023706476889442
NSRP1P1	SRR10318496	1.008939117884696
NSRP1P1	SRR10318497	1.0057733394052475
NSRP1P1	SRR10318498	3.0028336131389075
NSRP1P1	SRR10318499	4.004863718891114
NSRP1P1	SRR10318500	1.0058289797049942
NSRP1P1	SRR10318501	1.0049305007724685
NSRP1P1	SRR10318502	2.0010796796126926
NSRP1P1	SRR10318503	2.0038120565269457
NSRP1P1	SRR10318504	1.0068217006633478
NSRP1P1	SRR10318505	3.002159553486761
NSRP1P1	SRR10318506	3.036420264174501
NSRP1P1	SRR10318507	1.0122808125437386
NSRP1P1	SRR10318508	3.093641174119416
NSRP1P1	SRR10318509	1.0070546102125433
NSRP1P1	SRR10318510	1.008125313584785
NSRP1P1	SRR10318511	2.002520159145824
NSRP1P1	SRR10318512	2.0155039644581945
NSRP1P1	SRR10318513	4.013518663582407
NSRP1P1	SRR10318514	5.0232674339071615
NSRP1P1	SRR10318515	2.024370032167012
NSRP1P1	SRR10318516	1.0060465501543596
NSRP1P1	SRR10318517	1.0027021148755608
NSRP1P1	SRR10318518	3.0220223131309605
NSRP1P1	SRR10318519	3.014474261609837
NSRP1P1	SRR10318520	2.004022936003591
NSRP1P1	SRR10318521	2.0073505508584337
NSRP1P1	SRR10318522	2.0027921254337664
NSRP1P1	SRR10318523	1.0022972139313746
NSRP1P1	SRR10318524	2.0158665823041253
NSRP1P1	SRR10318525	1.006333446777656
NSRP1P1	SRR10318526	1.0066340409403034
NSRP1P1	SRR10318527	2.000719721662436
NSRP1P1	SRR10318528	2.005159617817389
NSRP1P1	SRR10318529	1.002266574999606
NSRP1P1	SRR10318530	3.020688024331101
NSRP1P1	SRR10318531	5.045316830910762
NSRP1P1	SRR10318532	2.0170082407898886
NSRP1P1	SRR10318533	1.0236532940435767
NSRP1P1	SRR10318534	1.0178798129350086
NSRP1P1	SRR10318535	2.0316052449308053
NSRP1P1	SRR10318536	1.0041462270270287
NSRP1P1	SRR10318537	1.0110823525225687
NSRP1P1	SRR10318538	2.0038120565269457
NSRP1P1	SRR10318539	1.007502905048184
NSRP1P1	SRR10318540	2.0110961562737604
NSRP1P1	SRR10318541	2.0148002708528874
NSRP1P1	SRR10318542	2.016593374931633
NSRP1P1	SRR10318543	1.0102315119348009
NSRP1P1	SRR10318544	1.0025176493501762
NSRP1P1	SRR10318545	1.0089020059058134
NSRP1P1	SRR10318546	4.005760882040813
NSRP1P1	SRR10318547	3.012213767442183
NSRP1P1	SRR10318548	1.0049305007724685
NSRP1P1	SRR10318549	4.028709848264105
NSRP1P1	SRR10318568	1.0032098048981044
NSRP1P1	SRR10318569	2.0017997898095317
NSRP1P1	SRR10318570	1.010993574886179
NSRP1P1	SRR10318571	2.0017997898095317
NSRP1P1	SRR10318572	4.019299015479782
NSRP1P1	SRR10318573	3.004636833681942
NSRP1P1	SRR10318574	2.004974007359963
NSRP1P1	SRR10318575	3.014474261609837
NSRP1P1	SRR10318576	2.0087701074640147
NSRP1P1	SRR10318577	3.008996052997736
NSRP1P1	SRR10318578	1.0008998949047658
NSRP1P1	SRR10318579	2.0063370191673306
NSRP1P1	SRR10318580	2.0028804410204066
NSRP1P1	SRR10318581	3
NSRP1P1	SRR10875803	22.85057827923197
NSRP1P1	SRR10875804	14.414246271573727
NSRP1P1	SRR10875805	16.11767189779592
NSRP1P1	SRR10875806	28.61349942957553
NSRP1P1	SRR10875807	21.321561414614628
NSRP1P1	SRR10875808	14.613268729853402
NSRP1P1	SRR10875809	20.946493460023028
NSRP1P1	SRR10875810	23.653168521839923
NSRP1P1	SRR10875812	15
NSRP1P1	SRR10875813	16.28549635547843
NSRP1P1	SRR10875814	15.061068837210916
NSRP1P1	SRR10875815	21
NSRP1P1	SRR10875816	11
NSRP1P1	SRR10875817	20.073197003696247
NSRP1P1	SRR10875818	13.809791561071613
NSRP1P1	SRR10875819	16
NSRP1P1	SRR10875820	19.917532276598738
NSRP1P1	SRR10875821	32.40732651057586
NSRP1P1	SRR10875822	19.90506003185955
NSRP1P1	SRR10875823	8
NSRP1P1	SRR10875824	21.19066021407697
NSRP1P1	SRR10875825	7.01281857015207
NSRP1P1	SRR10875826	27.870443006770337
NSRP1P1	SRR10875827	12.172666167228058
NSRP1P1	SRR10875829	18.103712806466323
NSRP1P1	SRR10875830	18
NSRP1P1	SRR10875831	12.04362145475523
NSRP1P1	SRR10875832	8
NSRP1P1	SRR10875834	11.03766302274183
NSRP1P1	SRR10875835	16
NSRP1P1	SRR10875836	17.911432862869063
NSRP1P1	SRR10875837	10.453768459579841
NSRP1P1	SRR10875838	16
NSRP1P1	SRR10875839	4.448815522376416
NSRP1P1	SRR10875840	26.963205775795686
NSRP1P1	SRR10875841	11.04261209010179
NSRP1P1	SRR10875842	41.707660771797116
NSRP1P1	SRR10875843	6.623704040764086
NSRP1P1	SRR10875844	8.038036211621383
NSRP1P1	SRR10875845	9.968197299791079
NSRP1P1	SRR10875846	9.62514465904184
NSRP1P1	SRR10875847	4.517294126607516
NSRP1P1	SRR10875848	26
NSRP1P1	SRR10875849	12.555040064969008
NSRP1P1	SRR10875850	17.003058541927743
NSRP1P1	SRR10875851	19.255111568037066
NSRP1P1	SRR10875852	17.807111536054116
NSRP1P1	SRR10875853	15.03399862499409
NSRP1P1	SRR10875854	15.98630056134612
NSRP1P1	SRR10875855	19.027005294662818
NSRP1P1	SRR10875856	40.52684653291262
NSRP1P1	SRR10875857	19.720896216988983
NSRP1P1	SRR10875858	34.69815973810458
NSRP1P1	SRR10875859	18
NSRP1P1	SRR10875860	32.726380572926665
NSRP1P1	SRR10875861	27.80445142101739
NSRP1P1	SRR10875862	14.531418348161079
NSRP1P1	SRR10875863	25.136825056484927
NSRP1P1	SRR10875864	12
NSRP1P1	SRR10875865	29.666125354909212
NSRP1P1	SRR10875866	26.785773942797704
NSRP1P1	SRR10875867	15.369526080916499
NSRP1P1	SRR10875868	34.44880450722219
NSRP1P1	SRR10875869	21
NSRP1P1	SRR10875870	14.19241500735634
NSRP1P1	SRR10875871	16.0028786276967
NSRP1P1	SRR10875872	7.6028459371479675
NSRP1P1	SRR10875873	21.793659475273998
NSRP1P1	SRR10875874	14.660134565372417
NSRP1P1	SRR10875875	20.76908369536435
NSRP1P1	SRR10875876	17
NSRP1P1	SRR10875877	25.08731840115525
NSRP1P1	SRR10875878	25.198947474255913
NSRP1P1	SRR10875879	33
NSRP1P1	SRR10875880	9.036489938043841
NSRP1P1	SRR10875881	14.848341914220569
NSRP1P1	SRR10875882	8
NSRP1P1	SRR10875883	7.045460773733096
NSRP1P1	SRR10875884	18.51887555741806
NSRP1P1	SRR10875885	10.01906028263473
NSRP1P1	SRR10875886	3.0226935119961604
NSRP1P1	SRR10875887	10
NSRP1P1	SRR10875888	12.339203234795042
NSRP1P1	SRR10875889	14.031732049994485
NSRP1P1	SRR10875890	13.029465474994879
NSRP1P1	SRR10875891	4
NSRP1P1	SRR10875892	14.970384521348432
NSRP1P1	SRR10875893	22
NSRP1P1	SRR10875894	10.377278473562425
NSRP1P1	SRR10875895	8
NSRP1P1	SRR10875896	5.05055772135605
NSRP1P1	SRR10875897	11.028715031575034
NSRP1P1	SRR10875898	13.342454277886592
NSRP1P1	SRR10875899	24.312310154699748
NSRP1P1	SRR10875900	9.034341205236183
NSRP1P1	SRR10875901	12.026550767981208
NSRP1P1	SRR10875902	8.037152032931779
NSRP1P1	SRR12430469	25
NSRP1P1	SRR12430470	12.783937053014949
NSRP1P1	SRR12430471	8.759738561176098
NSRP1P1	SRR12430472	17.35219605299365
NSRP1P1	SRR12430473	17
NSRP1P1	SRR12430474	20.398098088152857
NSRP1P1	SRR12430475	9.79145954604208
NSRP1P1	SRR12430476	20
NSRP1P1	SRR12765534	4
NSRP1P1	SRR12765535	2.005315802879815
NSRP1P1	SRR12765536	2.0092582011050877
NSRP1P1	SRR12765537	2.0084766380367456
NSRP1P1	SRR12765538	3.1028905679875964
NSRP1P1	SRR12765539	1.0314128115051437
NSRP1P1	SRR12765540	5.015661434909286
NSRP1P1	SRR12765541	3.029110953980382
NSRP1P1	SRR12765542	2
NSRP1P1	SRR12765543	2.032831629439689
NSRP1P1	SRR12765544	1.0116050033991464
NSRP1P1	SRR12765545	4.037868680535449
NSRP1P1	SRR12765546	2.0605160170653694
NSRP1P1	SRR12765547	3.0243173935025927
NSRP1P1	SRR12765548	1.0204595735015827
NSRP1P1	SRR12765549	1.0076734929427573
NSRP1P1	SRR12765550	2.080234848018568
NSRP1P1	SRR12765551	1.0138517058671774
NSRP1P1	SRR12765552	1.0415854347971876
NSRP1P1	SRR12765553	1.044787541309448
NSRP1P1	SRR12765554	2.0638749152580425
NSRP1P1	SRR12765555	2.0415604465090618
NSRP1P1	SRR12765556	1.0154992904437379
NSRP1P1	SRR12765557	1.0105307135967785
NSRP1P1	SRR12765558	1.0516646996103904
NSRP1P1	SRR12765559	1.0019060282634729
NSRP1P1	SRR12765560	1.0193147872805552
NSRP1P1	SRR12765561	1.002838293865245
NSRP1P1	SRR12765562	1.015740519865274
NSRP1P1	SRR12765563	1.0073112962020905
NSRP1P1	SRR12765564	1.0021169188365064
NSRP1P1	SRR12765565	2.0085329164643317
NSRP1P1	SRR12765566	1.0072082511218612
NSRP1P1	SRR12765567	2.026580206116491
NSRP1P1	SRR12765568	1.0104061753780302
NSRP1P1	SRR12765569	2.023016083005857
NSRP1P1	SRR12765570	1.0071774620660263
NSRP1P1	SRR12765571	2.022377515938904
NSRP1P1	SRR12765572	1.0066284645369288
NSRP1P1	SRR12765573	2.0691670820272456
NSRP1P1	SRR12765574	2.013919206521354
NSRP1P1	SRR12765575	2.0484462470874036
NSRP1P1	SRR12765576	1.0249426590876354
NSRP1P1	SRR12765577	2.092011945364681
NSRP1P1	SRR12765578	2.0303699917170186
NSRP1P1	SRR12765579	1.008549757583579
NSRP1P1	SRR12765580	2.0228467209375056
NSRP1P1	SRR12765581	2.032528091648967
NSRP1P1	SRR12765582	2.0020104575169384
NSRP1P1	SRR12765583	1.008894629432837
NSRP1P1	SRR12765584	3.0375844891553676
NSRP1P1	SRR12765585	4.044631388938648
NSRP1P1	SRR12765586	1.0053109243736533
NSRP1P1	SRR12765587	1.0118330537602769
NSRP1P1	SRR12765588	1.0069962891030084
NSRP1P1	SRR12765589	1.0183753378209024
NSRP1P1	SRR12765590	2.0588433068197425
NSRP1P1	SRR12765591	3.0844004119704986
NSRP1P1	SRR12765592	1.0165367644372587
NSRP1P1	SRR12765593	1.0084329455714278
NSRP1P1	SRR12765594	1.023275089062988
NSRP1P1	SRR12765595	1.012018221172977
NSRP1P1	SRR12765596	1.0044632868766021
NSRP1P1	SRR12765597	1.0080835603035434
NSRP1P1	SRR12765598	2.0144633536090177
NSRP1P1	SRR12765599	3.009280834106082
NSRP1P1	SRR12765600	1.0430935413616602
NSRP1P1	SRR12765601	2.0443244790524675
NSRP1P1	SRR12765602	3.0260174891990483
NSRP1P1	SRR12765603	1.0100331670398786
NSRP1P1	SRR12765604	2.0163260353818857
NSRP1P1	SRR12765605	2.015631480811459
NSRP1P1	SRR12765606	1.013303558456437
NSRP1P1	SRR12765607	2.01756749563457
NSRP1P1	SRR12765608	1.0088818539791797
NSRP1P1	SRR12765609	2.009704462477354
NSRP1P1	SRR12765610	2.017527957588658
NSRP1P1	SRR12765611	1.0055619738776487
NSRP1P1	SRR12765612	1.0045616509459838
NSRP1P1	SRR12765613	1.006036695926273
NSRP1P1	SRR12765614	2.0093494314508025
NSRP1P1	SRR12765615	4.03673283742816
NSRP1P1	SRR12765616	1.0061831833585213
NSRP1P1	SRR12765617	4.034022006560285
NSRP1P1	SRR12765618	2.0471441745814363
NSRP1P1	SRR12765619	1.0218888958464731
NSRP1P1	SRR12765620	2.0163621405904326
NSRP1P1	SRR12765621	1.0026231534549817
NSRP1P1	SRR12765622	1.0220255670364495
NSRP1P1	SRR12765623	3
NSRP1P1	SRR12765624	2.007958946401224
NSRP1P1	SRR12765625	1.0083576543049855
NSRP1P1	SRR12765626	2.009922442278996
NSRP1P1	SRR12765627	2.0010796796126926
NSRP1P1	SRR12765628	1.0416404899160054
NSRP1P1	SRR12765629	1.0324836165656877
NSRP1P1	SRR12765630	2.003451607071626
NSRP1P1	SRR12765631	1.006060158116402
NSRP1P1	SRR12765632	2.013170362593027
NSRP1P1	SRR12765633	1.0195633163121216
NSRP1P1	SRR12765634	1.005465650857193
NSRP1P1	SRR12765635	2.046428424410931
NSRP1P1	SRR12765636	1.0122197343296355
NSRP1P1	SRR12765637	1.0356758705836402
NSRP1P1	SRR12765638	3
NSRP1P1	SRR12765639	1.0312383739753317
NSRP1P1	SRR12765640	2.0101611542319153
NSRP1P1	SRR12765641	1.0191101951053518
NSRP1P1	SRR12765642	1.002446897019748
NSRP1P1	SRR12765643	3.042510089765554
NSRP1P1	SRR12765644	2.0071752619305405
NSRP1P1	SRR12765645	3.0869778017881186
NSRP1P1	SRR12765646	2.0136581239604583
NSRP1P1	SRR12765647	2.0585939906242605
NSRP1P1	SRR12765648	3.0357202549388287
NSRP1P1	SRR12765649	1.0495385478573618
NSRP1P1	SRR12765650	1.0183845609590005
NSRP1P1	SRR12765651	2.056560433988745
NSRP1P1	SRR12765652	1.0107837488840228
NSRP1P1	SRR12774664	28.148834476430352
NSRP1P1	SRR12774665	13.176236629145242
NSRP1P1	SRR12774666	5.053458125358099
NSRP1P1	SRR12774667	14.211581830413001
NSRP1P1	SRR12774668	7.373906223978179
NSRP1P1	SRR12774669	2.037245221390545
NSRP1P1	SRR12774670	6.294678119543264
NSRP1P1	SRR12774671	10.484655565231629
NSRP1P1	SRR12774672	11.068132281631472
NSRP1P1	SRR12774673	11.15791700487464
NSRP1P1	SRR12774674	10.244413045784626
NSRP1P1	SRR12774675	5.173260462902859
NSRP1P1	SRR12774676	9.058992928973305
NSRP1P1	SRR12774677	9.09878362445273
NSRP1P1	SRR12774678	3.1316541276835097
NSRP1P1	SRR12774679	25.58536645776388
NSRP1P1	SRR12774680	12.170895029143473
NSRP1P1	SRR12774681	11.09603048258275
NSRP1P1	SRR12774682	20.213054236899833
NSRP1P1	SRR12774683	19.13578320411534
NSRP1P1	SRR12774684	17.089911210312824
NSRP1P1	SRR12774685	15.11084193329794
NSRP1P1	SRR12774686	8.145346670512458
NSRP1P1	SRR12774687	9.265143814684192
NSRP1P1	SRR1609360	7.347287351923812
NSRP1P1	SRR1609361	1.0264423184229399
NSRP1P1	SRR1609362	2.1370002626826157
NSRP1P1	SRR1609363	2.0148677685990375
NSRP1P1	SRR1609364	3.0262443198865476
NSRP1P1	SRR1609365	3.043901948929315
NSRP1P1	SRR1609366	1.0057564926416112
NSRP1P1	SRR1609367	4.010931068486513
NSRP1P1	SRR1609368	3.016958908948361
NSRP1P1	SRR1609369	2.0017997898095317
NSRP1P1	SRR1609370	1.0020862854161259
NSRP1P1	SRR1609371	13.396453210096457
NSRP1P1	SRR1609372	2.001650332136614
NSRP1P1	SRR1609373	3.0226837664965314
NSRP1P1	SRR1609374	3.0078817544471623
NSRP1P1	SRR1609375	4.026659253535793
NSRP1P1	SRR1609376	2.03252705311018
NSRP1P1	SRR1609377	3.0161432745349903
NSRP1P1	SRR1609378	5.088864331006187
NSRP1P1	SRR1609379	2.003662448614877
NSRP1P1	SRR1609380	3.048007193742283
NSRP1P1	SRR1609381	4.002879404649015
NSRP1P1	SRR1609382	1.0145549576818973
NSRP1P1	SRR1609383	4.042107705234324
NSRP1P1	SRR1609384	3.029637285642194
NSRP1P1	SRR1609385	3.022462366179558
NSRP1P1	SRR1609386	1.0067982845157166
NSRP1P1	SRR1609387	1.0076068991803102
NSRP1P1	SRR1609388	1.0130372052474508
NSRP1P1	SRR1609389	6.015213605196214
NSRP1P1	SRR1609390	1.0131607869251968
NSRP1P1	SRR1609391	1.0643168557255298
NSRP1P1	SRR1609392	1.0157951352724675
NSRP1P1	SRR1609393	1.0451601529901198
NSRP1P1	SRR1609394	1.028409336119194
NSRP1P1	SRR1609395	2.011246319240141
NSRP1P1	SRR1609396	1.0011379495002815
NSRP1P1	SRR1609397	1.0149403288090864
NSRP1P1	SRR1609398	1.0047190180949654
NSRP1P1	SRR1609399	1.0038679712350747
NSRP1P1	SRR1609400	2.0044382989849914
NSRP1P1	SRR1609401	1.0108006798559126
NSRP1P1	SRR1609402	2.008987985922139
NSRP1P1	SRR1609403	4.01302910913408
NSRP1P1	SRR1609404	3.036646792808406
NSRP1P1	SRR1609405	6.040967514738453
NSRP1P1	SRR1609406	6.024587075156125
NSRP1P1	SRR1609407	7.016969814798772
NSRP1P1	SRR1609408	1.0078797189691773
NSRP1P1	SRR1609409	1.0192836281435407
NSRP1P1	SRR1609410	11
NSRP1P1	SRR1609411	1.0534817444447622
NSRP1P1	SRR1609412	3
NSRP1P1	SRR1609413	4.8103800487746176
NSRP1P1	SRR1609414	3.004953039106962
NSRP1P1	SRR1609415	1.0001799142310437
NSRP1P1	SRR1609416	1.002719204165851
NSRP1P1	SRR1609417	4.027371901692019
NSRP1P1	SRR1609418	2.002908118968387
NSRP1P1	SRR1609419	2.009812641627468
NSRP1P1	SRR1609420	1.0047772073142707
NSRP1P1	SRR1609421	1.0064932326669793
NSRP1P1	SRR1609422	2.034001491598693
NSRP1P1	SRR1609423	4.217253464538659
NSRP1P1	SRR1609424	1.0793326783308919
NSRP1P1	SRR1609425	2.003302026071308
NSRP1P1	SRR1609426	1.0047761793224967
NSRP1P1	SRR1609427	1.005322867319879
NSRP1P1	SRR1609428	1.0087253265689666
NSRP1P1	SRR1609429	2.002581375472949
NSRP1P1	SRR1609430	2.0083538468381787
NSRP1P1	SRR1609431	1.0075846296119257
NSRP1P1	SRR1609432	1.001545611227314
NSRP1P1	SRR1609433	1.0084913498862338
NSRP1P1	SRR1609434	3.045852337511526
NSRP1P1	SRR1609435	1.0046132934463576
NSRP1P1	SRR1609436	1.0032740821844481
NSRP1P1	SRR1609437	1.0221628286585938
NSRP1P1	SRR1609438	9.293337677356366
NSRP1P1	SRR1609439	2.0300877352827724
NSRP1P1	SRR1609440	1.0025798089086946
NSRP1P1	SRR1609441	1.002266574999606
NSRP1P1	SRR1609442	1.0074096441060612
NSRP1P1	SRR1609443	2.017831304982502
NSRP1P1	SRR1609444	2.0010796796126926
NSRP1P1	SRR1609445	1.0035295106373756
NSRP1P1	SRR1609446	1.011429259673962
NSRP1P1	SRR1609447	1.2343308859580486
NSRP1P1	SRR1609448	2.017770213473652
NSRP1P1	SRR1609449	4.010019818588345
NSRP1P1	SRR1609450	1.0020862854161259
NSRP1P1	SRR1609451	2.026315634256382
NSRP1P1	SRR1609452	1.2640053263343127
NSRP1P1	SRR1609453	2.0036836772499136
NSRP1P1	SRR1609454	1.0163997734607435
NSRP1P1	SRR1609455	1.252344349611058
NSRP1P1	SRR1609456	1.004895674028629
NSRP1P1	SRR1609457	2.0133911735365912
NSRP1P1	SRR1609458	1.240929610314354
NSRP1P1	SRR1609459	1.0039139901228018
NSRP1P1	SRR1609460	1.0098989712686044
NSRP1P1	SRR1609461	2.0034180491372897
NSRP1P1	SRR1609462	2.0074814858723964
NSRP1P1	SRR1609463	1.0066043693551068
NSRP1P1	SRR1609464	3.034472407274847
NSRP1P1	SRR1609465	1.0122774846884037
NSRP1P1	SRR1609466	1.1216427607845454
NSRP1P1	SRR1609467	1.0121540748943918
NSRP1P1	SRR1609468	2.003451607071626
NSRP1P1	SRR1609469	8.00143931384835
NSRP1P1	SRR1609470	3.0145566937160306
NSRP1P1	SRR1609471	4.008577288633257
NSRP1P1	SRR1609472	1.0873653005292128
NSRP1P1	SRR1609473	1.0580975264984585
NSRP1P1	SRR1609474	1.0025925045596629
NSRP1P1	SRR1609475	2.0443582340426123
NSRP1P1	SRR1609476	2.857331013738209
NSRP1P1	SRR1609477	2.0114579810922715
NSRP1P1	SRR1609478	14.32591569528799
NSRP1P1	SRR1609479	1.0106476593347347
NSRP1P1	SRR1609480	3
NSRP1P1	SRR1609481	1.0106218174964396
NSRP1P1	SRR1609482	3.011130179632835
NSRP1P1	SRR1609483	1.0046132934463576
NSRP1P1	SRR1609484	3.024210541794935
NSRP1P1	SRR1609485	1.0008998949047658
NSRP1P1	SRR1609486	2.0065481643688963
NSRP1P1	SRR1609487	2.0079925803971355
NSRP1P1	SRR1609488	1.0014402205102033
NSRP1P1	SRR1609489	2.0044382989849914
NSRP1P1	SRR1609490	2.0336880940726507
NSRP1P1	SRR1609491	1.0035876309652703
NSRP1P1	SRR1609492	6
NSRP1P1	SRR1609493	2.0091379914772927
NSRP1P1	SRR1609494	1.005980932254509
NSRP1P1	SRR1609495	5.01133287499803
NSRP1P1	SRR1609496	2.0017997898095317
NSRP1P1	SRR1609497	1.0008998949047658
NSRP1P1	SRR1609498	5.00179930415609
NSRP1P1	SRR1609499	1.0021169188365064
NSRP1P1	SRR1609500	2.003451607071626
NSRP1P1	SRR1609501	4.005162750945898
NSRP1P1	SRR1609502	1.0131235797683193
NSRP1P1	SRR1609503	1.2577312251671255
NSRP1P1	SRR1609504	2
NSRP1P1	SRR1609505	2
NSRP1P1	SRR1609506	1.019996986701897
NSRP1P1	SRR1609507	3.0184981050954516
NSRP1P1	SRR1609508	1.0005398398063463
NSRP1P1	SRR1609509	3.019266599283471
NSRP1P1	SRR1609510	2.0113964934187734
NSRP1P1	SRR1609511	1.0375190831321666
NSRP1P1	SRR1609512	5.01696872959616
NSRP1P1	SRR1609513	4.0130420476273905
NSRP1P1	SRR1609514	3.149415655796775
NSRP1P1	SRR1609515	4.007923351219644
NSRP1P1	SRR1609516	1.0042043830726162
NSRP1P1	SRR1609517	1.0230255913150224
NSRP1P1	SRR1609518	1.0016203938574126
NSRP1P1	SRR1609519	1.001725803535813
NSRP1P1	SRR1609520	2.158742472682703
NSRP1P1	SRR1609521	2.0033568072341312
NSRP1P1	SRR1609522	2.0489442940089795
NSRP1P1	SRR1609523	3.014382113023633
NSRP1P1	SRR1609524	1.0169007391409333
NSRP1P1	SRR1609525	1.0055480781368802
NSRP1P1	SRR1609526	1.020687225978975
NSRP1P1	SRR1609527	4
NSRP1P1	SRR1609528	2.0178040118116267
NSRP1P1	SRR1609529	1.026161768287664
NSRP1P1	SRR1609530	1.0048928994463358
NSRP1P1	SRR1609531	1.0038422727480136
NSRP1P1	SRR1609532	2.0147641936113563
NSRP1P1	SRR1609533	2.0776421017853592
NSRP1P1	SRR1609534	3.0039542053939035
NSRP1P1	SRR1609535	1.0447999386373616
NSRP1P1	SRR1609536	1.0111854977845782
NSRP1P1	SRR1609537	1.003877062984047
NSRP1P1	SRR1609538	2
NSRP1P1	SRR1609539	2.0124823253122663
NSRP1P1	SRR1609540	2
NSRP1P1	SRR1609541	1.1005986779971142
NSRP1P1	SRR1609542	1.0023720526815605
NSRP1P1	SRR1609543	2.0041725708322518
NSRP1P1	SRR1609544	1.005937378799828
NSRP1P1	SRR1609545	8.003517913555735
NSRP1P1	SRR1609546	1
NSRP1P1	SRR1609547	1.0052170791293795
NSRP1P1	SRR1609548	3.0554584596592163
NSRP1P1	SRR1609549	3.0325776639006348
NSRP1P1	SRR1609550	5
NSRP1P1	SRR1609551	2.0234870545600563
NSRP1P1	SRR1609552	1.0045689957386463
NSRP1P1	SRR1609553	1.0026579014399075
NSRP1P1	SRR1609554	2.0184283376847767
NSRP1P1	SRR1609555	1.0035601881766363
NSRP1P1	SRR1609556	1.0226028348590848
NSRP1P1	SRR1609557	2.0126886473483316
NSRP1P1	SRR1609558	1.0043407660883636
NSRP1P1	SRR1609559	1.0429313075146665
NSRP1P1	SRR1609560	1.0074202577564666
NSRP1P1	SRR1609561	2.005220914831824
NSRP1P1	SRR1609562	3.003015686275408
NSRP1P1	SRR1609563	2.0089543352531254
NSRP1P1	SRR1609564	1.0009578629360643
NSRP1P1	SRR1609565	2.0509955686917856
NSRP1P1	SRR1609566	1.0033796658956018
NSRP1P1	SRR1609567	1.258890072207468
NSRP1P1	SRR1609568	2
NSRP1P1	SRR1609569	4
NSRP1P1	SRR1609570	1.0181071207811365
NSRP1P1	SRR1609571	7.171861512770329
NSRP1P1	SRR1609572	6.081200869651367
NSRP1P1	SRR1609573	2.040350292061208
NSRP1P1	SRR1609574	2.0104891344528304
NSRP1P1	SRR1609575	1.0736998596975067
NSRP1P1	SRR1609576	2.008053964014226
NSRP1P1	SRR1609577	1.0042350812424865
NSRP1P1	SRR1609578	3.005351458201092
NSRP1P1	SRR1609579	2.0136581239604583
NSRP1P1	SRR1609580	2.0155531712415415
NSRP1P1	SRR1609581	1.0421710305067429
NSRP1P1	SRR1609582	3.0253397574368193
NSRP1P1	SRR1609583	4.14498140804181
NSRP1P1	SRR1609584	1.0020695004108646
NSRP1P1	SRR1609585	1.0008998949047658
NSRP1P1	SRR1609586	1.0786248766862927
NSRP1P1	SRR1609587	1.012248840177597
NSRP1P1	SRR1609588	1.0140245410109685
NSRP1P1	SRR1609589	2.005315802879815
NSRP1P1	SRR1609590	1.000359860831218
NSRP1P1	SRR1609591	2.0065481643688963
NSRP1P1	SRR1609592	1.0069291468220734
NSRP1P1	SRR1609593	2.0111789428119615
NSRP1P1	SRR1609594	4.1025926878443535
NSRP1P1	SRR1609595	1.0250719923527887
NSRP1P1	SRR1609596	2.0052545029647746
NSRP1P1	SRR1609597	3.0127052437274595
NSRP1P1	SRR1609598	4.111811283293764
NSRP1P1	SRR1609599	5.107631206532085
NSRP1P1	SRR1609600	1.031286113324528
NSRP1P1	SRR1609601	2.0567471607067103
NSRP1P1	SRR1609602	2.3267904494222718
NSRP1P1	SRR1609603	2
NSRP1P1	SRR1609604	2.014204529072105
NSRP1P1	SRR1609605	2.0155039644581945
NSRP1P1	SRR1609606	1.016340160710226
NSRP1P1	SRR1609607	2.0101339648074408
NSRP1P1	SRR1609608	1.0206596050691408
NSRP1P1	SRR1609609	2.0664129998227456
NSRP1P1	SRR1609610	1
NSRP1P1	SRR1609611	1.0173971986878916
NSRP1P1	SRR1609612	1.002341411462068
NSRP1P1	SRR1609613	1.0008998949047658
NSRP1P1	SRR1609614	1.0118849169807895
NSRP1P1	SRR1609615	1.0031991760872525
NSRP1P1	SRR1609616	3
NSRP1P1	SRR1609617	1
NSRP1P1	SRR1609618	1.0032298435283036
NSRP1P1	SRR1609619	1.0036625660673133
NSRP1P1	SRR1609620	1.0128377161891344
NSRP1P1	SRR1609621	3.0262861397731204
NSRP1P1	SRR1609622	2.0794414515589033
NSRP1P1	SRR1609623	3.0582447128738233
NSRP1P1	SRR1609624	1.2336696420287332
NSRP1P1	SRR1609625	2.0032407877148253
NSRP1P1	SRR1609626	2.015915797940473
NSRP1P1	SRR1609627	1.0055788173830293
NSRP1P1	SRR1609628	2.0038397473489877
NSRP1P1	SRR1609629	1.016628015095451
NSRP1P1	SRR1609630	1.002838293865245
NSRP1P1	SRR1609631	2
NSRP1P1	SRR1609632	1
NSRP1P1	SRR1609633	1.0036658019973412
NSRP1P1	SRR1609634	6.050412714469589
NSRP1P1	SRR1609635	1.0252958338928058
NSRP1P1	SRR1609636	2.0680634522811325
NSRP1P1	SRR1609637	2.008279570882634
NSRP1P1	SRR1609638	3.0749851473652403
NSRP1P1	SRR1609639	3.0167684142179425
NSRP1P1	SRR1609640	1.0001799142310437
NSRP1P1	SRR1609641	5.001425861572968
NSRP1P1	SRR1609642	5
NSRP1P1	SRR1609643	2.0245549693768075
NSRP1P1	SRR1609644	3.0032399131191276
NSRP1P1	SRR1609645	4.012919374113214
NSRP1P1	SRR1609646	2.0047989259602277
NSRP1P1	SRR1609647	2.0425965942831015
NSRP1P1	SRR1609648	1.0036559710886879
NSRP1P1	SRR1609649	1.0083470307786628
NSRP1P1	SRR1609650	2.0150460588619605
NSRP1P1	SRR1609651	2.006909170938941
NSRP1P1	SRR1609652	1.0036044413997351
NSRP1P1	SRR1609653	1.0511387444381015
NSRP1P1	SRR1609654	2.0702895661704486
NSRP1P1	SRR1609655	2.013760023322867
NSRP1P1	SRR1609656	2.0293234571655887
NSRP1P1	SRR1609657	1.0132706137894723
NSRP1P1	SRR1609658	1.0203628410233592
NSRP1P1	SRR1609659	1.0080669304680778
NSRP1P1	SRR1609660	2.007897565688699
NSRP1P1	SRR1609661	1.0014848874183715
NSRP1P1	SRR1609662	2.009438036189931
NSRP1P1	SRR1609663	4.010674098064
NSRP1P1	SRR1609664	1.00735571483492
NSRP1P1	SRR1609665	3
NSRP1P1	SRR1609666	1.0168930220669719
NSRP1P1	SRR1609667	2.005976115517015
NSRP1P1	SRR1609668	1.126374524616663
NSRP1P1	SRR1609669	2.039516973059733
NSRP1P1	SRR1746771	8.146260297888263
NSRP1P1	SRR1746772	23.580622504371
NSRP1P1	SRR1746773	19.1110653130457
NSRP1P1	SRR1746774	7.5116837713392925
NSRP1P1	SRR1746775	9.904155270883118
NSRP1P1	SRR1746776	6.585357226451389
NSRP1P1	SRR1746777	9.365548281524429
NSRP1P1	SRR1746778	10.801866524987798
NSRP1P1	SRR1746779	26.296924170243095
NSRP1P1	SRR1746780	16.945479068106575
NSRP1P1	SRR1746781	9.585163098470208
NSRP1P1	SRR1746782	5.022844978693231
NSRP1P1	SRR1746783	17
NSRP1P1	SRR1746784	16
NSRP1P1	SRR1782685	1.0163701315430376
NSRP1P1	SRR1782686	2.0490370135679346
NSRP1P1	SRR1782687	1.0124456809155273
NSRP1P1	SRR1782688	1.0169436235163218
NSRP1P1	SRR1782689	1.0182289169689787
NSRP1P1	SRR1782690	1.0209481971593921
NSRP1P1	SRR1782691	2.0036011992407423
NSRP1P1	SRR1782692	6.050379197282105
NSRP1P1	SRR1782693	2.018311227118144
NSRP1P1	SRR1782694	2.032569279459179
NSRP1P1	SRR1782695	4.002879404649015
NSRP1P1	SRR1782696	2.0068142074955513
NSRP1P1	SRR1782697	2.017789258865674
NSRP1P1	SRR1782698	1.0021169188365064
NSRP1P1	SRR1782699	1.0249781804088034
NSRP1P1	SRR1782700	2.0155200611744406
NSRP1P1	SRR1782701	3.01913346687303
NSRP1P1	SRR1782702	3.0325169109212884
NSRP1P1	SRR1782703	1.0039487828443494
NSRP1P1	SRR1782704	3.047999171646128
NSRP1P1	SRR1782705	7.17239545169366
NSRP1P1	SRR1782706	1.0025798089086946
NSRP1P1	SRR1782707	2.0077973182419098
NSRP1P1	SRR1782708	1.0538021486811544
NSRP1P1	SRR1782709	1.0501361936915201
NSRP1P1	SRR1782710	3
NSRP1P1	SRR1782711	3.0349453254836294
NSRP1P1	SRR1782712	3.0363816221034323
NSRP1P1	SRR1782713	2.044381560289001
NSRP1P1	SRR1782714	1.0873263978153305
NSRP1P1	SRR1782715	6.015029727882518
NSRP1P1	SRR1782716	3.045488267021799
NSRP1P1	SRR1782717	2.001650332136614
NSRP1P1	SRR1782718	3.0440684248435974
NSRP1P1	SRR1782719	3.022242170282772
NSRP1P1	SRR1782720	5.088893054577171
NSRP1P1	SRR1782721	1.1217593509927906
NSRP1P1	SRR1782722	2.0017997898095317
NSRP1P1	SRR1782723	2.004533149999212
NSRP1P1	SRR1782724	1.011574079940271
NSRP1P1	SRR1782725	2.1381985443167246
NSRP1P1	SRR1782726	1.00768154067403
NSRP1P1	SRR1782727	6
NSRP1P1	SRR1782728	13.398820777173945
NSRP1P1	SRR1782729	4.7735525703746475
NSRP1P1	SRR1782730	3.0043206615306097
NSRP1P1	SRR1782731	2.065800769360774
NSRP1P1	SRR1782732	1.0797441103980587
NSRP1P1	SRR1782733	1.0099265873940113
NSRP1P1	SRR1782734	3.0190287115837404
NSRP1P1	SRR1782735	1.0047021889912742
NSRP1P1	SRR1782736	3.0561596873090697
NSRP1P1	SRR1782737	2.0033568072341312
NSRP1P1	SRR1782738	7.349303460229031
NSRP1P1	SRR1782739	4.0420869932242125
NSRP1P1	SRR1782740	1.01204669428906
NSRP1P1	SRR1782741	4.218720401107806
NSRP1P1	SRR1782742	5
NSRP1P1	SRR1782743	1.002042099135034
NSRP1P1	SRR1782744	1.0050596339700848
NSRP1P1	SRR1782745	1.0123427036165962
NSRP1P1	SRR1782746	2.0406081421297304
NSRP1P1	SRR1782747	1.0076202296922758
NSRP1P1	SRR1782748	1.015029947158002
NSRP1P1	SRR1782749	1.013076264249149
NSRP1P1	SRR1782750	2.0028178134338206
NSRP1P1	SRR1782751	1.0158954859371438
NSRP1P1	SRR1782752	1.0068598403855975
NSRP1P1	SRR1782753	1.001063202890274
NSRP1P1	SRR1782754	1.0085680787439217
NSRP1P1	SRR1782755	1.0027601872840743
NSRP1P1	SRR1782756	1.0456381683839602
NSRP1P1	SRR1782757	1.0014708341806098
NSRP1P1	SRR1782758	3.0054017988611132
NSRP1P1	SRR1782759	1.0044740376826409
NSRP1P1	SRR1782760	1.0145475398780028
NSRP1P1	SRR1782761	4.495400705078151
NSRP1P1	SRR1782762	1.0649255307900556
NSRP1P1	SRR1782763	3.016593705439151
NSRP1P1	SRR1782764	1.0012159297227785
NSRP1P1	SRR1782765	4.013219007661408
NSRP1P1	SRR1782766	1.0108493839910517
NSRP1P1	SRR1782767	3.0298092471683025
NSRP1P1	SRR1782768	4.026666626657714
NSRP1P1	SRR1782769	3.026161568185886
NSRP1P1	SRR1782770	1.0047423858829498
NSRP1P1	SRR1782771	1.0068292462162547
NSRP1P1	SRR1782772	3.0163969525715792
NSRP1P1	SRR1782773	2.0088315148498306
NSRP1P1	SRR1782774	3.007657181035915
NSRP1P1	SRR1782775	1.0203057202994605
NSRP1P1	SRR1782776	2.0304661902988608
NSRP1P1	SRR1782777	1.0001799142310437
NSRP1P1	SRR1782778	2.003717239633611
NSRP1P1	SRR1782779	2.0568581033138913
NSRP1P1	SRR1782780	1.0131470187154437
NSRP1P1	SRR1782781	2.070718089466591
NSRP1P1	SRR1782782	1.0208564420797066
NSRP1P1	SRR1782783	2.0128704776903463
NSRP1P1	SRR1782784	4.013695644633393
NSRP1P1	SRR1782785	3.0032399131191276
NSRP1P1	SRR1782786	1.0254091193769634
NSRP1P1	SRR1782787	4
NSRP1P1	SRR1782788	1.0037988754978042
NSRP1P1	SRR1782789	1.0173768425012382
NSRP1P1	SRR1782790	2.0113569066605512
NSRP1P1	SRR1782791	1.0060164756728647
NSRP1P1	SRR1782792	2.0138432300412137
NSRP1P1	SRR1782793	1.0375153886962647
NSRP1P1	SRR1782794	2.0138422101994133
NSRP1P1	SRR1782795	5.107265915387512
NSRP1P1	SRR1782796	2.1601551061632147
NSRP1P1	SRR1782797	4.102817357504485
NSRP1P1	SRR1782798	1.0196936687232063
NSRP1P1	SRR1782799	1.0016203938574126
NSRP1P1	SRR1782800	3.0054017988611132
NSRP1P1	SRR1782801	1.0056231596200704
NSRP1P1	SRR1782802	3.0223940435822696
NSRP1P1	SRR1782803	2.0074201197552233
NSRP1P1	SRR1782804	4.011009376013787
NSRP1P1	SRR1782805	2.0036011992407423
NSRP1P1	SRR1782806	1.002719204165851
NSRP1P1	SRR1782807	3.1070984120261516
NSRP1P1	SRR1782808	2.053654041657056
NSRP1P1	SRR1782809	1.013752729059885
NSRP1P1	SRR1782810	2.033867920806579
NSRP1P1	SRR1782811	1.0031517064510844
NSRP1P1	SRR1782812	1.012847572848198
NSRP1P1	SRR1782813	1.0063165906321876
NSRP1P1	SRR1782814	1.0131760192829955
NSRP1P1	SRR1782815	4.249983363482248
NSRP1P1	SRR1782816	2.0010796796126926
NSRP1P1	SRR1782817	5.017954333268492
NSRP1P1	SRR1782818	1.0140695526855483
NSRP1P1	SRR1782819	4.1122664391454675
NSRP1P1	SRR1782820	4.144247239046974
NSRP1P1	SRR1782821	4.010931068486513
NSRP1P1	SRR1782822	3.024095985085587
NSRP1P1	SRR1782823	3.011631188952141
NSRP1P1	SRR1782824	2.0115194706454256
NSRP1P1	SRR1782825	1.0058487323132066
NSRP1P1	SRR1782826	4.027807545275202
NSRP1P1	SRR1782827	6.081395602229533
NSRP1P1	SRR1782828	4
NSRP1P1	SRR1782829	3
NSRP1P1	SRR1782830	2.078985345062971
NSRP1P1	SRR1782831	1.0739194225513655
NSRP1P1	SRR1782832	9.296265952887316
NSRP1P1	SRR1782833	14.326659424323712
NSRP1P1	SRR1782834	8.00143931384835
NSRP1P1	SRR1782835	5.57807882955564
NSRP1P1	SRR1782836	3.8959874485421655
NSRP1P1	SRR1782837	3.0844004119704986
NSRP1P1	SRR1782838	1.0134017576581857
NSRP1P1	SRR1782839	1.014242485141271
NSRP1P1	SRR1782840	3.025757958037165
NSRP1P1	SRR1782841	2.0305365603160794
NSRP1P1	SRR1782842	7
NSRP1P1	SRR1782843	3.074667931135144
NSRP1P1	SRR1782844	5.001425861572968
NSRP1P1	SRR1782845	3.057580327320641
NSRP1P1	SRR1782846	1.0056007446618231
NSRP1P1	SRR1782847	1.2341754014728283
NSRP1P1	SRR1782848	1.2339624247168026
NSRP1P1	SRR1782849	1.2407817669595906
NSRP1P1	SRR1782850	1.2523904174212142
NSRP1P1	SRR1782851	1.2640085575608608
NSRP1P1	SRR1782852	2.528689347786182
NSRP1P1	SRR1782853	1.2591344565382891
NSRP1P1	SRR1782854	1.0032740821844481
NSRP1P1	SRR1782855	1.0024121563473647
NSRP1P1	SRR1782856	1.005344170055093
NSRP1P1	SRR1782857	1.0072254172113015
NSRP1P1	SRR1782858	1.0010799710397094
NSRP1P1	SRR1782859	2.0032407877148253
NSRP1P1	SRR1782860	1.002266574999606
NSRP1P1	SRR1782861	2.003742612670737
NSRP1P1	SRR1782862	1.0047190180949654
NSRP1P1	SRR1782863	1.0026579014399075
NSRP1P1	SRR1782864	1.0132164950882474
NSRP1P1	SRR1782865	2.0085652042889737
NSRP1P1	SRR1782866	1.0035295106373756
NSRP1P1	SRR1782867	2.0341090098161065
NSRP1P1	SRR1782868	1.0036658019973412
NSRP1P1	SRR1782869	1.0035127014580056
NSRP1P1	SRR1782870	4.010019818588345
NSRP1P1	SRR1782871	1.0053810915116634
NSRP1P1	SRR1782872	1.002779198304047
NSRP1P1	SRR1782873	1.004671476542523
NSRP1P1	SRR1782874	1.0065024345620641
NSRP1P1	SRR1782875	1.0051863509411016
NSRP1P1	SRR1782876	2.007965420304774
NSRP1P1	SRR1782877	2.0068478223166966
NSRP1P1	SRR1782878	2.016113090897441
NSRP1P1	SRR1782879	2.029612926566694
NSRP1P1	SRR1782880	1.0042383190183728
NSRP1P1	SRR1782881	1.0041769234190894
NSRP1P1	SRR1782882	1.0035295106373756
NSRP1P1	SRR1782883	1.0018312243074385
NSRP1P1	SRR1782884	2.0014397023245074
NSRP1P1	SRR1782885	2
NSRP1P1	SRR1782886	1.0055714652071701
NSRP1P1	SRR1782887	3.002791476172834
NSRP1P1	SRR1782888	1.003284711788924
NSRP1P1	SRR1782889	1.0043575891380983
NSRP1P1	SRR1782890	1.001545611227314
NSRP1P1	SRR1782891	1.0007198511622537
NSRP1P1	SRR1782892	2.003717239633611
NSRP1P1	SRR1782893	2.0078426603602617
NSRP1P1	SRR1782894	1.0115931161663667
NSRP1P1	SRR1782895	1.0037100598776116
NSRP1P1	SRR1782896	2.0043222168337302
NSRP1P1	SRR1782897	1.0028076383933613
NSRP1P1	SRR1782898	1.002266574999606
NSRP1P1	SRR1782899	1.003793020797143
NSRP1P1	SRR1782900	2.0021599420794187
NSRP1P1	SRR1782901	1.0010052287584692
NSRP1P1	SRR1782902	1
NSRP1P1	SRR1782903	2.0051047873572765
NSRP1P1	SRR1782904	5
NSRP1P1	SRR1782905	4.008467675346026
NSRP1P1	SRR1782906	2.0128443995223138
NSRP1P1	SRR1782907	3.0147234207710762
NSRP1P1	SRR1782908	1.003093611368694
NSRP1P1	SRR1782909	1.0034545854694705
NSRP1P1	SRR1782910	2
NSRP1P1	SRR1782911	1.0070406938452114
NSRP1P1	SRR1782912	2.8605601494747623
NSRP1P1	SRR1782913	2
NSRP1P1	SRR1782914	2.0056152767867226
NSRP1P1	SRR1782915	4
NSRP1P1	SRR1782916	1.010869575218145
NSRP1P1	SRR1782917	2.0064786256904816
NSRP1P1	SRR1782918	3.0032399131191276
NSRP1P1	SRR1782919	5
NSRP1P1	SRR1782920	1.0010799710397094
NSRP1P1	SRR1782921	1.0020862854161259
NSRP1P1	SRR1782922	1.1868611598736958
NSRP1P1	SRR1782923	1.0056388977969737
NSRP1P1	SRR1782924	2.0103727018822033
NSRP1P1	SRR1782925	5.017764253798781
NSRP1P1	SRR1782926	2.014868358738038
NSRP1P1	SRR1782927	1.002913173016367
NSRP1P1	SRR1782928	2.0145947525752916
NSRP1P1	SRR1782929	3.0263153505664526
NSRP1P1	SRR1782930	3.0088217943362725
NSRP1P1	SRR1782931	3.0081983013648843
NSRP1P1	SRR1782932	3.0112541324547166
NSRP1P1	SRR1782933	2.1307994216975272
NSRP1P1	SRR1782934	3.0178220574363244
NSRP1P1	SRR1782935	1.0045521691478385
NSRP1P1	SRR1782936	1.0259722498988069
NSRP1P1	SRR1782937	1.0079641033133233
NSRP1P1	SRR1782938	1.258100037900621
NSRP1P1	SRR1782939	3.01437327720696
NSRP1P1	SRR1782940	2.0053439426706143
NSRP1P1	SRR1782941	2.015851843523469
NSRP1P1	SRR1782942	2.008053964014226
NSRP1P1	SRR1782943	1.0047190180949654
NSRP1P1	SRR1782944	4.005272273858537
NSRP1P1	SRR1782945	2.010762183023327
NSRP1P1	SRR1782946	2.0043222168337302
NSRP1P1	SRR1782947	1.0021443221583142
NSRP1P1	SRR1782948	2
NSRP1P1	SRR1782949	2.0050434938927086
NSRP1P1	SRR1782950	3
NSRP1P1	SRR1782951	4.01345143690456
NSRP1P1	SRR1782952	8.060687214223394
NSRP1P1	SRR1782953	4.007624113053891
NSRP1P1	SRR1782954	1.1264165338665522
NSRP1P1	SRR1782955	2.0685082463734124
NSRP1P1	SRR1782956	2.0305682250076837
NSRP1P1	SRR1782957	2.0395718398918645
NSRP1P1	SRR1782958	3.0166442344106406
NSRP1P1	SRR1782959	1.058591539507089
NSRP1P1	SRR1782960	2
NSRP1P1	SRR1782961	1.0036559710886879
NSRP1P1	SRR1782962	1.0074338842995187
NSRP1P1	SRR1782963	2.0139588437097826
NSRP1P1	SRR1782964	2.0008355951719
NSRP1P1	SRR1782965	2.006303412902169
NSRP1P1	SRR1782966	3
NSRP1P1	SRR1782967	2.0082652899056073
NSRP1P1	SRR1782968	2.0021599420794187
NSRP1P1	SRR1782969	2.024873616196867
NSRP1P1	SRR1782970	1.0128272820215503
NSRP1P1	SRR1782971	1.0171304455441843
NSRP1P1	SRR1782972	2.0114585702325716
NSRP1P1	SRR1782973	1.0517459917633214
NSRP1P1	SRR1782974	3
NSRP1P1	SRR1782975	1.0401318016702708
NSRP1P1	SRR1782976	3.0298448504629705
NSRP1P1	SRR1782977	1.000359860831218
NSRP1P1	SRR1782978	1.0169714322808001
NSRP1P1	SRR1782979	2.0170716411099687
NSRP1P1	SRR1782980	2.0035676388007277
NSRP1P1	SRR1782981	2.0250086352631294
NSRP1P1	SRR1782982	2.011731161243777
NSRP1P1	SRR1782983	3.003015686275408
NSRP1P1	SRR1782984	1.000359860831218
NSRP1P1	SRR1782985	1.0068675867150407
NSRP1P1	SRR1782986	1.0030629480920839
NSRP1P1	SRR1782987	3.0038720632094233
NSRP1P1	SRR1782988	1
NSRP1P1	SRR1782989	1.0436400210748342
NSRP1P1	SRR1782990	2.027951277528211
NSRP1P1	SRR1782991	2.008415241499056
NSRP1P1	SRR1782992	1.002446897019748
NSRP1P1	SRR1782993	2.042898393680232
NSRP1P1	SRR1782994	2
NSRP1P1	SRR1782995	1.0084913498862338
NSRP1P1	SRR1782996	2
NSRP1P1	SRR1782997	2.0090429225700004
NSRP1P1	SRR1782998	1.0037100598776116
NSRP1P1	SRR1782999	1.022088986019526
NSRP1P1	SRR1783000	2.0079171059975
NSRP1P1	SRR1783001	1.0169288929732232
NSRP1P1	SRR1783002	1.0573070730118106
NSRP1P1	SRR1783003	2
NSRP1P1	SRR1783004	2.0092582011050877
NSRP1P1	SRR1783005	1.016291836005615
NSRP1P1	SRR1783006	2.0487033449054772
NSRP1P1	SRR1813867	2.102157324019365
NSRP1P1	SRR1813868	5.100085286292588
NSRP1P1	SRR1813869	4.042344792350933
NSRP1P1	SRR1813870	13.869443419171743
NSRP1P1	SRR1813871	7.337840583951658
NSRP1P1	SRR1813872	9.228838087848917
NSRP1P1	SRR1813873	6.243322937703071
NSRP1P1	SRR1813874	1.01090379638317
NSRP1P1	SRR1813875	14
NSRP1P1	SRR1813876	13.07013097614374
NSRP1P1	SRR1813877	3.5332144181834564
NSRP1P1	SRR1813878	7.005038958135776
NSRP1P1	SRR1813879	11
NSRP1P1	SRR1813880	19
NSRP1P1	SRR1813881	3.0637874808612717
NSRP1P1	SRR1813882	3.2734621871107112
NSRP1P1	SRR1813883	12.010597557259398
NSRP1P1	SRR1813884	5.068540141776346
NSRP1P1	SRR1813885	3
NSRP1P1	SRR1813886	8.010080636583297
NSRP1P1	SRR1813887	7.078179922568757
NSRP1P1	SRR1928188	2.016351628762266
NSRP1P1	SRR1928189	2.0145947525752916
NSRP1P1	SRR1928190	1.0087587942301535
NSRP1P1	SRR1928191	3.0337393470012004
NSRP1P1	SRR1928192	1.0128070516909926
NSRP1P1	SRR1928193	2.030430427238611
NSRP1P1	SRR2046996	2.017078144393954
NSRP1P1	SRR2046997	2.0219781127089704
NSRP1P1	SRR2046998	3.06004221599597
NSRP1P1	SRR2046999	1.0076015069974786
NSRP1P1	SRR2047000	3.0316514796515857
NSRP1P1	SRR2047001	1.009303362382281
NSRP1P1	SRR2047002	1.0186478082828578
NSRP1P1	SRR2047003	3.070554556332777
NSRP1P1	SRR2047004	3.023476497065829
NSRP1P1	SRR2047005	3.024108345490572
NSRP1P1	SRR2047006	1.0150270823281453
NSRP1P1	SRR2047007	1.0260812180778769
NSRP1P1	SRR2047008	1.0124150282865771
NSRP1P1	SRR2047009	4.073468978880525
NSRP1P1	SRR2313973	4.051958635902901
NSRP1P1	SRR2313974	1.0076249418264847
NSRP1P1	SRR2313975	1.0104444508848685
NSRP1P1	SRR2313976	1.0149132606524793
NSRP1P1	SRR2313977	1.0087617511326181
NSRP1P1	SRR2313978	1.0271359063427055
NSRP1P1	SRR2313979	1.0105196019933347
NSRP1P1	SRR2313980	2.0117861729049578
NSRP1P1	SRR2313981	3.0108010181348157
NSRP1P1	SRR2313982	1.0133699045526758
NSRP1P1	SRR2313983	2.034169435945661
NSRP1P1	SRR2313984	2.0109460045187943
NSRP1P1	SRR2313985	2.039112145510946
NSRP1P1	SRR2313986	2.0125101359493724
NSRP1P1	SRR2313987	2.006751129585722
NSRP1P1	SRR2313988	1.0091419637279229
NSRP1P1	SRR2313989	1.010807774207177
NSRP1P1	SRR2313990	2.0316303760646286
NSRP1P1	SRR2313991	1.0168515419605484
NSRP1P1	SRR2313992	1.015373075829736
NSRP1P1	SRR2313993	1.0105059337128883
NSRP1P1	SRR2313994	2.044318467419315
NSRP1P1	SRR2313995	1.0042826021444868
NSRP1P1	SRR2313996	3.0136148620843226
NSRP1P1	SRR2313997	1.0122808125437386
NSRP1P1	SRR2313998	1.0248492994103025
NSRP1P1	SRR2313999	1.0094294474234875
NSRP1P1	SRR2314000	2.0174541741232703
NSRP1P1	SRR2314001	1.0141174746934551
NSRP1P1	SRR2314002	3.032679258167967
NSRP1P1	SRR2314003	1.022034789012044
NSRP1P1	SRR2314004	2.0160026443636276
NSRP1P1	SRR2314005	2.0191438855288792
NSRP1P1	SRR2314006	2.038471612286537
NSRP1P1	SRR2314007	1.0060605124728728
NSRP1P1	SRR2314008	3.0039542053939035
NSRP1P1	SRR2314009	1.008292756005706
NSRP1P1	SRR2314010	1.0066364307385607
NSRP1P1	SRR2314011	2.0143827606467353
NSRP1P1	SRR2314012	2.0148257842342483
NSRP1P1	SRR2314013	1.0120065015814301
NSRP1P1	SRR2314014	1.0116520854708597
NSRP1P1	SRR2314015	1.0078272282716871
NSRP1P1	SRR2314016	4.013066987437599
NSRP1P1	SRR2314017	1.0198405146740634
NSRP1P1	SRR2314018	1.03782980758221
NSRP1P1	SRR2314019	2.0067593317912036
NSRP1P1	SRR2314020	1.0167059661554507
NSRP1P1	SRR2314021	2.0101611542319153
NSRP1P1	SRR2314022	1.012335005482347
NSRP1P1	SRR2314023	1.009930139320552
NSRP1P1	SRR2314024	2.026607116912874
NSRP1P1	SRR2314025	1.0050014283947293
NSRP1P1	SRR2314026	1.022744558399226
NSRP1P1	SRR2314027	2.015162762094324
NSRP1P1	SRR2314028	1.0028825152555245
NSRP1P1	SRR2314029	1.002341411462068
NSRP1P1	SRR2314030	1.0047772073142707
NSRP1P1	SRR2314031	1.0176657679213166
NSRP1P1	SRR2314032	2.0356354922997735
NSRP1P1	SRR2314033	5.123345678615675
NSRP1P1	SRR2314034	1.0297963295780983
NSRP1P1	SRR2314035	2.0947683344222288
NSRP1P1	SRR2314036	1.0175308560885339
NSRP1P1	SRR2314037	3.04175351148028
NSRP1P1	SRR2314038	3.0174122566126598
NSRP1P1	SRR2314039	2.0224928980008
NSRP1P1	SRR2314040	1.0396160750498236
NSRP1P1	SRR2314041	1.0076429847957384
NSRP1P1	SRR2314042	1.0040818938645244
NSRP1P1	SRR2314043	4.036963143864241
NSRP1P1	SRR2314044	2.008511636452558
NSRP1P1	SRR2314045	1.0076154311147274
NSRP1P1	SRR3493774	10
NSRP1P1	SRR3493775	8
NSRP1P1	SRR3493776	5.5726841620804635
NSRP1P1	SRR3493777	9.006478660460283
NSRP1P1	SRR3493778	10
NSRP1P1	SRR3493779	3.0107221693398336
NSRP1P1	SRR3493780	5.249472984166198
NSRP1P1	SRR3493781	5
NSRP1P1	SRR3493782	7.059744650043758
NSRP1P1	SRR3493783	9.024786134754875
NSRP1P1	SRR3493784	3.062429573845382
NSRP1P1	SRR3493785	4.003599579619063
NSRP1P1	SRR3493786	3.122184188178014
NSRP1P1	SRR3493787	9
NSRP1P1	SRR3493788	9
NSRP1P1	SRR3493789	4.07311560031927
NSRP1P1	SRR3493790	4
NSRP1P1	SRR3493791	7.010295839264269
NSRP1P1	SRR3493792	10.007198511622537
NSRP1P1	SRR3493793	9.08837498794882
NSRP1P1	SRR3493794	11.034455156800428
NSRP1P1	SRR3493795	7.026026531685944
NSRP1P1	SRR3493796	3.025153073591
NSRP1P1	SRR3493797	5
NSRP1P1	SRR3493798	6.067132547816712
NSRP1P1	SRR3493799	7
NSRP1P1	SRR3493800	3.021757995632372
NSRP1P1	SRR3493801	4.036856675369553
NSRP1P1	SRR3493802	6
NSRP1P1	SRR3493803	8
NSRP1P1	SRR3493804	10.007198511622537
NSRP1P1	SRR3493805	2.0047989259602277
NSRP1P1	SRR3493806	8
NSRP1P1	SRR3493807	8
NSRP1P1	SRR3493808	11.022949139577387
NSRP1P1	SRR3493809	11.03717632485162
NSRP1P1	SRR3493810	4
NSRP1P1	SRR3493811	5
NSRP1P1	SRR3493812	4.002879404649015
NSRP1P1	SRR3493813	6.011436169580837
NSRP1P1	SRR3493814	3
NSRP1P1	SRR3493815	4.465103184309717
NSRP1P1	SRR3493816	13
NSRP1P1	SRR3493817	2.005826346032734
NSRP1P1	SRR3493818	16.057402095444324
NSRP1P1	SRR3493819	4
NSRP1P1	SRR3493820	1.1220654621967874
NSRP1P1	SRR3493821	6.070222262946593
NSRP1P1	SRR3493822	5
NSRP1P1	SRR3493823	12.612690014647077
NSRP1P1	SRR3493824	10.933208434043479
NSRP1P1	SRR3493825	4.005272273858537
NSRP1P1	SRR3493826	11.00791836278479
NSRP1P1	SRR3493827	11
NSRP1P1	SRR3493828	8
NSRP1P1	SRR3493829	2.0047989259602277
NSRP1P1	SRR3493830	3.1062067296927673
NSRP1P1	SRR3493831	2.0090978607201286
NSRP1P1	SRR3493832	7.001259399617306
NSRP1P1	SRR3493833	9.633075732696321
NSRP1P1	SRR3493834	6
NSRP1P1	SRR3493835	8.042149532948832
NSRP1P1	SRR3493836	9
NSRP1P1	SRR3493837	8.006222470129236
NSRP1P1	SRR3493838	12
NSRP1P1	SRR3493839	33.27523547432331
NSRP1P1	SRR3493840	8.156673774661224
NSRP1P1	SRR3493841	9.019725697121022
NSRP1P1	SRR3493846	2.045683923763941
NSRP1P1	SRR3493847	8.293608045899884
NSRP1P1	SRR3493848	8.002878886649745
NSRP1P1	SRR3493849	7.442796029068563
NSRP1P1	SRR3493850	8
NSRP1P1	SRR3714631	6
NSRP1P1	SRR3714632	3.0168694788602117
NSRP1P1	SRR3714633	2.0232100067982928
NSRP1P1	SRR3714634	4.02668484278605
NSRP1P1	SRR3714635	3
NSRP1P1	SRR3714636	5
NSRP1P1	SRR3714637	19
NSRP1P1	SRR3714638	1
NSRP1P1	SRR3714639	5.220592518796836
NSRP1P1	SRR3714640	3.746151181436115
NSRP1P1	SRR3714641	5.730747624620006
NSRP1P1	SRR3714642	2.9472092931468343
NSRP1P1	SRR3714643	4.606204960426796
NSRP1P1	SRR3714644	2.2388133874764007
NSRP1P1	SRR3714645	2.0131030492830826
NSRP1P1	SRR3714646	6.002159164987308
NSRP1P1	SRR3714648	4.837461674902058
NSRP1P1	SRR3714649	4.848678662697784
NSRP1P1	SRR3714650	3.020658628109209
NSRP1P1	SRR3714651	8.175575727335103
NSRP1P1	SRR3714652	9.866429851546549
NSRP1P1	SRR3714653	2
NSRP1P1	SRR3714654	2
NSRP1P1	SRR3714655	3.0022513284336787
NSRP1P1	SRR3714656	4.991406643107542
NSRP1P1	SRR3714657	3.9356980746736108
NSRP1P1	SRR3714658	6.272742639031876
NSRP1P1	SRR3714659	8.905762069541728
NSRP1P1	SRR3714660	6
NSRP1P1	SRR3714661	3
NSRP1P1	SRR3714662	5.055087874898389
NSRP1P1	SRR3714663	3.0022513284336787
NSRP1P1	SRR3714664	18.940452814867598
NSRP1P1	SRR3714665	5
NSRP1P1	SRR3714666	2
NSRP1P1	SRR3714667	15.28403310558937
NSRP1P1	SRR3714668	5
NSRP1P1	SRR3714669	5.570376999772729
NSRP1P1	SRR3714670	1.0134780454274392
NSRP1P1	SRR3714671	3.0037802387187362
NSRP1P1	SRR3714672	4.010986495829649
NSRP1P1	SRR3714673	1.2309397245197762
NSRP1P1	SRR3714674	6.747850022318957
NSRP1P1	SRR3714675	6.785051905303822
NSRP1P1	SRR3714676	8
NSRP1P1	SRR3714677	7.016604368770923
NSRP1P1	SRR3714678	9.584070826957602
NSRP1P1	SRR3714679	1.0016203938574126
NSRP1P1	SRR3714680	1.001725803535813
NSRP1P1	SRR3714681	4.014240752706545
NSRP1P1	SRR3714682	8.448408511642127
NSRP1P1	SRR3714683	2.0041725708322518
NSRP1P1	SRR3714684	8.81653080161818
NSRP1P1	SRR3714685	11.0193206853003
NSRP1P1	SRR3714686	2.7566996853969865
NSRP1P1	SRR3714688	2.01492936238818
NSRP1P1	SRR3714689	0.7734219129474065
NSRP1P1	SRR3714690	7.181966535100726
NSRP1P1	SRR3714691	2
NSRP1P1	SRR3714692	2.947698775872429
NSRP1P1	SRR3714693	2.7180835019779725
NSRP1P1	SRR3714694	3.34980054920478
NSRP1P1	SRR3714695	1.8368901995251241
NSRP1P1	SRR3714696	4
NSRP1P1	SRR3714697	2.018419869556519
NSRP1P1	SRR3714698	2.0264265432979407
NSRP1P1	SRR3714699	2.4983995994397925
NSRP1P1	SRR3714700	3.274117314794974
NSRP1P1	SRR3714701	3.750885958136636
NSRP1P1	SRR3714702	1.9532328862489505
NSRP1P1	SRR3714703	2.002126405780548
NSRP1P1	SRR3714704	2.9322026258246976
NSRP1P1	SRR3714705	6.416527884420691
NSRP1P1	SRR3714706	1.0350850727752356
NSRP1P1	SRR3714707	1.0007198511622537
NSRP1P1	SRR3714708	1.0232664352046819
NSRP1P1	SRR3714709	7.208769065082758
NSRP1P1	SRR3714710	6.351547501768517
NSRP1P1	SRR3714711	4.744304033630875
NSRP1P1	SRR3714712	4
NSRP1P1	SRR3714713	16
NSRP1P1	SRR3714714	4
NSRP1P1	SRR3714715	1.0048247538699455
NSRP1P1	SRR3714716	2
NSRP1P1	SRR3714717	16
NSRP1P1	SRR3714718	6
NSRP1P1	SRR3714719	12.75319375807839
NSRP1P1	SRR3714720	0.8227377704886294
NSRP1P1	SRR3714721	2.3799653112465737
NSRP1P1	SRR3714723	6.142919374803811
NSRP1P1	SRR3714724	3.008831495143219
NSRP1P1	SRR3714725	1.0124287223897714
NSRP1P1	SRR3714726	4.8610101772231635
NSRP1P1	SRR3714727	2.871353070088167
NSRP1P1	SRR3714728	1.0082791178455617
NSRP1P1	SRR3714729	2.0524533304012684
NSRP1P1	SRR3714730	4.860482234120737
NSRP1P1	SRR3714731	4.000719656924175
NSRP1P1	SRR3714732	8.72784033061874
NSRP1P1	SRR3714734	4.2981320991196945
NSRP1P1	SRR3714735	11.621640137764508
NSRP1P1	SRR3714736	4.244828435703128
NSRP1P1	SRR3714737	7
NSRP1P1	SRR3714738	15.562976600569089
NSRP1P1	SRR3714739	6.829557902798847
NSRP1P1	SRR3714740	7.061596689845865
NSRP1P1	SRR3714741	2.0021599420794187
NSRP1P1	SRR3714744	1.9171323954812625
NSRP1P1	SRR3714745	1.0406785331708646
NSRP1P1	SRR3714746	6.051298545501473
NSRP1P1	SRR3714747	9.45047189550228
NSRP1P1	SRR3714748	5.7480586094576545
NSRP1P1	SRR3714749	6.1252914379791905
NSRP1P1	SRR3714750	6.292546054888571
NSRP1P1	SRR3714751	2.0021599420794187
NSRP1P1	SRR3714752	4
NSRP1P1	SRR3714753	8.063251278968522
NSRP1P1	SRR3714754	3
NSRP1P1	SRR3714755	4.1840549419919775
NSRP1P1	SRR3714756	1.0216801788447836
NSRP1P1	SRR3714757	7.3256639744905945
NSRP1P1	SRR3714758	3.7916182625231785
NSRP1P1	SRR3714759	2.6201634276587265
NSRP1P1	SRR3714760	1.0008998949047658
NSRP1P1	SRR3714761	6.002159164987308
NSRP1P1	SRR3714762	6.610760539094604
NSRP1P1	SRR3714764	4
NSRP1P1	SRR3714765	9.583567431112199
NSRP1P1	SRR3714766	8
NSRP1P1	SRR3714767	2.743523801566289
NSRP1P1	SRR3714768	7
NSRP1P1	SRR5176628	3.020808730941176
NSRP1P1	SRR5176629	7.040384599632096
NSRP1P1	SRR5176630	1.002266574999606
NSRP1P1	SRR5176631	6.0587562092609595
NSRP1P1	SRR5176632	4.011408608637243
NSRP1P1	SRR5176633	1.006528114777527
NSRP1P1	SRR5176634	1.0398318552023067
NSRP1P1	SRR5176635	2.012385361103068
NSRP1P1	SRR5176636	7.183930257981808
NSRP1P1	SRR5176637	2.0593280362653013
NSRP1P1	SRR5176638	1.1227010298695481
NSRP1P1	SRR5176639	1
NSRP1P1	SRR5176640	1.0441979418626173
NSRP1P1	SRR5176641	1.014864487377184
NSRP1P1	SRR5176642	3.0057180847904186
NSRP1P1	SRR5176643	1.001725803535813
NSRP1P1	SRR5176644	1.0001799142310437
NSRP1P1	SRR5176645	2.077607674552947
NSRP1P1	SRR5176646	1.0186713933592446
NSRP1P1	SRR5176647	1.00586233759953
NSRP1P1	SRR5176648	4.011285985055188
NSRP1P1	SRR5176649	2.0136002560811854
NSRP1P1	SRR5176650	2.048202988678463
NSRP1P1	SRR5176651	2.0317981177127757
NSRP1P1	SRR5176652	1.0055747072917207
NSRP1P1	SRR5176653	6.016212689253365
NSRP1P1	SRR5176654	3.024489053072829
NSRP1P1	SRR5176655	1.001260079572912
NSRP1P1	SRR5176656	2.1402205814622537
NSRP1P1	SRR5176657	1.080336199131198
NSRP1P1	SRR5176658	1.001651013035654
NSRP1P1	SRR5176659	2.0043222168337302
NSRP1P1	SRR5176660	3.003451880679026
NSRP1P1	SRR5176661	1.0055480781368802
NSRP1P1	SRR5176662	4.853550620340721
NSRP1P1	SRR5176663	2.0128704776903463
NSRP1P1	SRR5176664	2
NSRP1P1	SRR5176665	3.0268084813869915
NSRP1P1	SRR5176666	1.003877062984047
NSRP1P1	SRR5176667	2.157422865304927
NSRP1P1	SRR5176668	3.013022298265091
NSRP1P1	SRR5176669	1.0095837463480462
NSRP1P1	SRR5176670	2.013048001612331
NSRP1P1	SRR5176671	2.0036011992407423
NSRP1P1	SRR5176672	1.0055747072917207
NSRP1P1	SRR5176673	2.0095798615817144
NSRP1P1	SRR5176674	1.002341411462068
NSRP1P1	SRR5176675	1.0042383190183728
NSRP1P1	SRR5176676	1.0184049631193235
NSRP1P1	SRR5176677	3.0043206615306097
NSRP1P1	SRR5176678	1.0223467302979135
NSRP1P1	SRR5176679	2.0180929286207414
NSRP1P1	SRR5176680	1.002838293865245
NSRP1P1	SRR5176681	2.002221147394836
NSRP1P1	SRR5176682	3.0298411679825734
NSRP1P1	SRR5176683	2.009147559616247
NSRP1P1	SRR5176684	1.0026579014399075
NSRP1P1	SRR5176685	1.0029880577585075
NSRP1P1	SRR5176686	1.0043575891380983
NSRP1P1	SRR5176687	2.0090493999684216
NSRP1P1	SRR5176688	1.0132814135195316
NSRP1P1	SRR5176689	2.0150064002757997
NSRP1P1	SRR5176690	1.0255405228516121
NSRP1P1	SRR5176691	4.003721968230445
NSRP1P1	SRR5176692	2.0195695880829865
NSRP1P1	SRR5176693	2.014778924439725
NSRP1P1	SRR5176694	6
NSRP1P1	SRR5176695	1.0143554668418076
NSRP1P1	SRR5176696	1.1278931940525754
NSRP1P1	SRR5176697	1.027578940269744
NSRP1P1	SRR5176698	2.3296475672887755
NSRP1P1	SRR5176699	1.025015012327192
NSRP1P1	SRR5176700	1.0890144202015308
NSRP1P1	SRR5176701	9.307858285694817
NSRP1P1	SRR5176702	1
NSRP1P1	SRR5176703	1.0225806547035183
NSRP1P1	SRR5176704	1.0043682302222392
NSRP1P1	SRR5176705	2.0042886443166283
NSRP1P1	SRR5176706	1.0272678906633284
NSRP1P1	SRR5176707	1.0196549551650262
NSRP1P1	SRR5176708	2.019764110800775
NSRP1P1	SRR5176709	2.0096158459903477
NSRP1P1	SRR5176710	4
NSRP1P1	SRR5176711	1.0019060282634729
NSRP1P1	SRR5176712	1.0128135825274416
NSRP1P1	SRR5176713	2.0176409399320643
NSRP1P1	SRR5176714	1.0602647654091784
NSRP1P1	SRR5176715	3.0037802387187362
NSRP1P1	SRR5176716	2.003961675609822
NSRP1P1	SRR5176717	2.0131177679660937
NSRP1P1	SRR5176718	1.0088065291964956
NSRP1P1	SRR5176719	1.002341411462068
NSRP1P1	SRR5176720	1
NSRP1P1	SRR5176721	2
NSRP1P1	SRR5176722	2.039668353442662
NSRP1P1	SRR5176723	1.009611353853491
NSRP1P1	SRR5176724	1.005439319075555
NSRP1P1	SRR5176725	3.0368890752611524
NSRP1P1	SRR5176726	3
NSRP1P1	SRR5176727	1.0006451357681576
NSRP1P1	SRR5176728	14.346499728406846
NSRP1P1	SRR5176729	2.003873312346913
NSRP1P1	SRR5176730	3.0196260721844754
NSRP1P1	SRR5176731	2.0092880082329447
NSRP1P1	SRR5176732	2
NSRP1P1	SRR5176733	4.009066299998424
NSRP1P1	SRR5176734	1.0810259196769214
NSRP1P1	SRR5176735	1.002341411462068
NSRP1P1	SRR5176736	2.003928109131807
NSRP1P1	SRR5176737	2.0058475975940815
NSRP1P1	SRR5176738	2.022120810900898
NSRP1P1	SRR5176739	2.015887940240931
NSRP1P1	SRR5176740	2.0083266818593306
NSRP1P1	SRR5176741	2.081968030129502
NSRP1P1	SRR5176742	2.02114206883853
NSRP1P1	SRR5176743	1.0118484876942846
NSRP1P1	SRR5176744	3.0402575970003327
NSRP1P1	SRR5176745	1.0091725172591408
NSRP1P1	SRR5176746	1.002266574999606
NSRP1P1	SRR5176747	2
NSRP1P1	SRR5176748	3.0037802387187362
NSRP1P1	SRR5176749	3.0491040521445814
NSRP1P1	SRR5176750	3.048675091867224
NSRP1P1	SRR5176751	1.0036351212296024
NSRP1P1	SRR5176752	2.009076574722882
NSRP1P1	SRR5176753	4.010509005929549
NSRP1P1	SRR5176754	3.0157842162453794
NSRP1P1	SRR5176755	1.0005398398063463
NSRP1P1	SRR5176756	1.0288547421808496
NSRP1P1	SRR5176757	4.223065774285263
NSRP1P1	SRR5176758	1.0113534484802584
NSRP1P1	SRR5176759	3.0822195840774
NSRP1P1	SRR5176760	2.011616265653635
NSRP1P1	SRR5176761	1.0058487323132066
NSRP1P1	SRR5176762	1.074382806129656
NSRP1P1	SRR5176763	3.022937815282532
NSRP1P1	SRR5176764	5.0035992558112685
NSRP1P1	SRR5176765	2.003451607071626
NSRP1P1	SRR5176766	2.00567658773049
NSRP1P1	SRR5176767	1.0010052287584692
NSRP1P1	SRR5176768	1.0151957516581134
NSRP1P1	SRR5176769	2.005906596663453
NSRP1P1	SRR5176770	4.009365645848272
NSRP1P1	SRR5176771	5.01223448509874
NSRP1P1	SRR5176772	2.0125438461792577
NSRP1P1	SRR5176773	2.015005810096368
NSRP1P1	SRR5176774	3.018580647235391
NSRP1P1	SRR5176775	1.0095941471006586
NSRP1P1	SRR5176776	1.008275867041691
NSRP1P1	SRR5176777	3.030015756532353
NSRP1P1	SRR5176778	1.0057597353227128
NSRP1P1	SRR5176779	1.0051727547981684
NSRP1P1	SRR5176780	1.0030800435321403
NSRP1P1	SRR5176781	4.02551128916404
NSRP1P1	SRR5176782	2.0164495656706434
NSRP1P1	SRR5176783	3.027906586662919
NSRP1P1	SRR5176784	1.0040544375604268
NSRP1P1	SRR5176785	2.0035317626919773
NSRP1P1	SRR5176786	3
NSRP1P1	SRR5176787	4.030706967218003
NSRP1P1	SRR5176788	2.0535189835813257
NSRP1P1	SRR5176789	1.014142954978239
NSRP1P1	SRR5176790	1.0094264885638582
NSRP1P1	SRR5176791	1.0087925886196047
NSRP1P1	SRR5176792	2
NSRP1P1	SRR5176793	1.0092004091061628
NSRP1P1	SRR5176794	1.004507579922951
NSRP1P1	SRR5176795	1.004207620749528
NSRP1P1	SRR5176796	1.022646112438415
NSRP1P1	SRR5176797	1.0069962891030084
NSRP1P1	SRR5176798	2.010550594388688
NSRP1P1	SRR5176799	1
NSRP1P1	SRR5176800	1.0079916665289268
NSRP1P1	SRR5176801	1.017440760992837
NSRP1P1	SRR5176802	1.0141792452851672
NSRP1P1	SRR5176803	3.0123058497428357
NSRP1P1	SRR5176804	3.06402190333838
NSRP1P1	SRR5176805	2.00774765274578
NSRP1P1	SRR5176806	1.0297753975963018
NSRP1P1	SRR5176807	2.0014397023245074
NSRP1P1	SRR5176808	8.002878886649745
NSRP1P1	SRR5176809	4.005760882040813
NSRP1P1	SRR5176810	3
NSRP1P1	SRR5176811	4
NSRP1P1	SRR5176812	1.0010799710397094
NSRP1P1	SRR5176813	2.0023706476889442
NSRP1P1	SRR5176814	5
NSRP1P1	SRR5176815	3.0423463267115327
NSRP1P1	SRR5176816	1.0144195826206277
NSRP1P1	SRR5176817	1.0052525955592004
NSRP1P1	SRR5176818	2.0051047873572765
NSRP1P1	SRR5176819	1.0529734771881787
NSRP1P1	SRR5176820	2.044681473721294
NSRP1P1	SRR5176821	1.009337111052069
NSRP1P1	SRR5176822	2.0589323539303632
NSRP1P1	SRR5176823	1.0037681906621803
NSRP1P1	SRR5176824	1.0056539011614338
NSRP1P1	SRR5176825	1.001110573697418
NSRP1P1	SRR5176826	1.0083066896753743
NSRP1P1	SRR5176827	1.0037809013616064
NSRP1P1	SRR5176828	1.0039655993282313
NSRP1P1	SRR5176829	2.0054655342432564
NSRP1P1	SRR5176830	1.0005398398063463
NSRP1P1	SRR5176831	3.015454545991653
NSRP1P1	SRR5176832	1.0101074156533363
NSRP1P1	SRR5176833	2.0115809620782934
NSRP1P1	SRR5176834	5.019606650900654
NSRP1P1	SRR5176835	1.003600339378272
NSRP1P1	SRR5176836	2.0017997898095317
NSRP1P1	SRR5176837	3.1530307717609274
NSRP1P1	SRR5176838	1.0249700253664653
NSRP1P1	SRR5176839	2.0815326309786046
NSRP1P1	SRR5176840	5.002699199031732
NSRP1P1	SRR5176841	1.0140964075080325
NSRP1P1	SRR5176842	3.0187990460767855
NSRP1P1	SRR5176843	4.031040122348881
NSRP1P1	SRR5176844	3.008739519049101
NSRP1P1	SRR5176845	2.029364706705793
NSRP1P1	SRR5176846	1.0044739290806017
NSRP1P1	SRR5176847	1.0205338177583079
NSRP1P1	SRR5176848	3.025845551127637
NSRP1P1	SRR5176849	5.097576267291098
NSRP1P1	SRR5176850	3.0411652198434274
NSRP1P1	SRR5176851	2.0021599420794187
NSRP1P1	SRR5176852	2.0445402015809004
NSRP1P1	SRR5176853	2.0050099092941727
NSRP1P1	SRR5176854	1.0469188326970755
NSRP1P1	SRR5176855	1.002277193929628
NSRP1P1	SRR5176856	1.016171446291091
NSRP1P1	SRR5176857	1.0035601881766363
NSRP1P1	SRR5176858	2.013808478221853
NSRP1P1	SRR5176859	2.0035676388007277
NSRP1P1	SRR5176860	3
NSRP1P1	SRR5176861	3.005942513414733
NSRP1P1	SRR5176862	2.011874757599656
NSRP1P1	SRR5176863	2.0050099092941727
NSRP1P1	SRR5176864	1.004896835762339
NSRP1P1	SRR5176865	2.0038120565269457
NSRP1P1	SRR5176866	2
NSRP1P1	SRR5176867	1.0042477978541398
NSRP1P1	SRR5176868	1.0352438239475827
NSRP1P1	SRR5176869	1.002446897019748
NSRP1P1	SRR5176870	3.013564383855001
NSRP1P1	SRR5176871	2.0068755550902027
NSRP1P1	SRR5176872	1.0195776936091434
NSRP1P1	SRR5861974	1.0132501420419266
NSRP1P1	SRR5861975	3.027969681316401
NSRP1P1	SRR5861976	2.080494731393013
NSRP1P1	SRR5861977	7
NSRP1P1	SRR5861978	1.0048661173634874
NSRP1P1	SRR5861979	1.0095941471006586
NSRP1P1	SRR5861980	1
NSRP1P1	SRR5861981	3.060342773079182
NSRP1P1	SRR5861982	1.2340601766014685
NSRP1P1	SRR5861983	2.003330137603587
NSRP1P1	SRR5861984	2.0165273125753003
NSRP1P1	SRR5861985	1.0173478207376618
NSRP1P1	SRR5861986	2.003993206981352
NSRP1P1	SRR5861987	1.0129478689088995
NSRP1P1	SRR5861988	1.017778610915434
NSRP1P1	SRR5861989	3.0376156021925285
NSRP1P1	SRR5861990	1.0030461467276643
NSRP1P1	SRR5861991	2
NSRP1P1	SRR5861992	1
NSRP1P1	SRR5861993	1.003793020797143
NSRP1P1	SRR5861994	2
NSRP1P1	SRR5861995	6.052942335154613
NSRP1P1	SRR5861996	2.0084494713970247
NSRP1P1	SRR5861997	3.0776645926532264
NSRP1P1	SRR5861998	3.017307685556613
NSRP1P1	SRR5861999	1.0270454764535055
NSRP1P1	SRR5862000	5.00179930415609
NSRP1P1	SRR5862001	5
NSRP1P1	SRR5862002	3.0032399131191276
NSRP1P1	SRR5862003	2.004974007359963
NSRP1P1	SRR5862004	2.011262381952928
NSRP1P1	SRR5862005	1.0052945032282008
NSRP1P1	SRR5862006	1.0037809013616064
NSRP1P1	SRR5862007	1.0085835948406514
NSRP1P1	SRR5862008	1.0040237449126006
NSRP1P1	SRR5862009	2.0071393212232818
NSRP1P1	SRR5862010	1.0516407925623883
NSRP1P1	SRR5862011	2.07225561536582
NSRP1P1	SRR5862012	2.014115714157867
NSRP1P1	SRR5862013	1.0209741074575287
NSRP1P1	SRR5862014	2.00982733625286
NSRP1P1	SRR5862015	4
NSRP1P1	SRR5862016	3.012562687767277
NSRP1P1	SRR5862017	1.008292756005706
NSRP1P1	SRR5862018	2.0080342951214014
NSRP1P1	SRR5862019	1.0081590867520256
NSRP1P1	SRR5862020	1.0035876309652703
NSRP1P1	SRR5862021	1.0060794449423391
NSRP1P1	SRR5862022	2.0096962482342717
NSRP1P1	SRR5862023	1.00761513599214
NSRP1P1	SRR5862024	4.010931068486513
NSRP1P1	SRR5862025	3
NSRP1P1	SRR5862026	3.023722725256225
NSRP1P1	SRR5862027	2.0010796796126926
NSRP1P1	SRR5862028	1.12681213123101
NSRP1P1	SRR5862029	2.041529094181651
NSRP1P1	SRR5862030	1.0028076383933613
NSRP1P1	SRR5862031	4.028285914880363
NSRP1P1	SRR5862032	1.073785027109896
NSRP1P1	SRR5862033	2.003091222454628
NSRP1P1	SRR5862034	1.2459835850410172
NSRP1P1	SRR5862035	1.0066340409403034
NSRP1P1	SRR5862036	2.0357252561551458
NSRP1P1	SRR5862037	4.21899371857137
NSRP1P1	SRR5862038	1.079664344311491
NSRP1P1	SRR5862039	2.003451607071626
NSRP1P1	SRR5862040	1.0065588839830468
NSRP1P1	SRR5862041	1.00551733983039
NSRP1P1	SRR5862042	1.008906065660905
NSRP1P1	SRR5862043	2
NSRP1P1	SRR5862044	2.0028110294501467
NSRP1P1	SRR5862045	2.0084957680610662
NSRP1P1	SRR5862046	1.008086611491587
NSRP1P1	SRR5862047	1.0089159479947496
NSRP1P1	SRR5862048	1.2476565419699956
NSRP1P1	SRR5862049	3.046820919051998
NSRP1P1	SRR5862050	1.0033796658956018
NSRP1P1	SRR5862051	1.0048247538699455
NSRP1P1	SRR5862052	1.0034545854694705
NSRP1P1	SRR5862053	1.0026719713353072
NSRP1P1	SRR5862054	2.053512242971021
NSRP1P1	SRR5862055	1.0232532546254731
NSRP1P1	SRR5862056	9.297161274137146
NSRP1P1	SRR5862057	1.0078379061163627
NSRP1P1	SRR5862058	1.0022972139313746
NSRP1P1	SRR5862059	3.0847382128129315
NSRP1P1	SRR5862060	2.0189204827013776
NSRP1P1	SRR5862061	1.0035740564466114
NSRP1P1	SRR5862062	2.0010796796126926
NSRP1P1	SRR5862063	1.0124290189222205
NSRP1P1	SRR5862064	1.0019366561734564
NSRP1P1	SRR5862065	4.010086987785417
NSRP1P1	SRR5862066	2.0182383495475205
NSRP1P1	SRR5862067	1.2346054739520673
NSRP1P1	SRR5862068	1.0047804468380375
NSRP1P1	SRR5862069	1.0021611084168651
NSRP1P1	SRR5862070	2.027035947063711
NSRP1P1	SRR5862071	1.2526030228986182
NSRP1P1	SRR5862072	1.2641489791098965
NSRP1P1	SRR5862073	2.003742612670737
NSRP1P1	SRR5862074	1.0050886041390446
NSRP1P1	SRR5862075	2.0137724187394728
NSRP1P1	SRR5862076	1.2411031446573944
NSRP1P1	SRR5862077	1.003935203440753
NSRP1P1	SRR5862078	2.1557714752265578
NSRP1P1	SRR5862079	1.0104091371093453
NSRP1P1	SRR5862080	1.0186454033243084
NSRP1P1	SRR5862081	2.003451607071626
NSRP1P1	SRR5862082	2.007631378941374
NSRP1P1	SRR5862083	4
NSRP1P1	SRR5862084	1.0069962891030084
NSRP1P1	SRR5862085	1
NSRP1P1	SRR5862086	7.175642304064789
NSRP1P1	SRR5862087	3.0365648384728443
NSRP1P1	SRR5862088	1.1217892178413114
NSRP1P1	SRR5862089	1.0124189758199451
NSRP1P1	SRR5862090	2.003451607071626
NSRP1P1	SRR5862091	6.084767918516709
NSRP1P1	SRR5862092	2.0417652061494467
NSRP1P1	SRR5862093	8.00143931384835
NSRP1P1	SRR5862094	3.015016608428615
NSRP1P1	SRR5862095	1.087669059175563
NSRP1P1	SRR5862096	4.008766976498231
NSRP1P1	SRR5862097	2.010795863974406
NSRP1P1	SRR5862098	2.8604314134411934
NSRP1P1	SRR5862099	2.0456078953782524
NSRP1P1	SRR5862100	1.0026579014399075
NSRP1P1	SRR5862101	1.0587548081059646
NSRP1P1	SRR5862102	2.011792659147951
NSRP1P1	SRR5862103	14.330649516150828
NSRP1P1	SRR5862104	2.0083456381154536
NSRP1P1	SRR5862105	1.0112580359699288
NSRP1P1	SRR5862106	1.0042826021444868
NSRP1P1	SRR5862107	3
NSRP1P1	SRR5862108	2.013903772637601
NSRP1P1	SRR5862109	3.0054017988611132
NSRP1P1	SRR5862110	2.0160876808291337
NSRP1P1	SRR5862111	1.0151647184346997
NSRP1P1	SRR5862112	3.011412741992522
NSRP1P1	SRR5862113	3.02656279926504
NSRP1P1	SRR5862114	1.0047190180949654
NSRP1P1	SRR5862115	3.0205377801293007
NSRP1P1	SRR5862116	1.0258116030467397
NSRP1P1	SRR5862117	1.003304751915352
NSRP1P1	SRR5862118	3.0252488087398866
NSRP1P1	SRR5862119	2.008320206791033
NSRP1P1	SRR5862120	1.0009445377129693
NSRP1P1	SRR5862121	1.0014708341806098
NSRP1P1	SRR5862122	1.0020862854161259
NSRP1P1	SRR5862123	2.004594427862749
NSRP1P1	SRR5862124	1.0031991760872525
NSRP1P1	SRR5862125	6
NSRP1P1	SRR5862126	1.0008998949047658
NSRP1P1	SRR5862127	1.0037988754978042
NSRP1P1	SRR5862128	1.0037100598776116
NSRP1P1	SRR5862129	1.0788293013858379
NSRP1P1	SRR5862130	1.0062062904901619
NSRP1P1	SRR5862131	5.01133287499803
NSRP1P1	SRR5862132	2.0017997898095317
NSRP1P1	SRR5862133	1.0009578629360643
NSRP1P1	SRR5862134	1.0002851723145936
NSRP1P1	SRR5862135	1.0128135825274416
NSRP1P1	SRR5862136	5.00179930415609
NSRP1P1	SRR5862137	1.0021611084168651
NSRP1P1	SRR5862138	2.0035676388007277
NSRP1P1	SRR5862139	4.005461805328575
NSRP1P1	SRR5862140	4.013219007661408
NSRP1P1	SRR5862141	1.0044325817307802
NSRP1P1	SRR5862142	2.0054042297511216
NSRP1P1	SRR5862143	1.000359860831218
NSRP1P1	SRR5862144	1.0057733394052475
NSRP1P1	SRR5862145	2.006609503830704
NSRP1P1	SRR5862146	1.0136106281436992
NSRP1P1	SRR5862147	1.0073417943066594
NSRP1P1	SRR5862148	2
NSRP1P1	SRR5862149	2.0115194706454256
NSRP1P1	SRR5862150	1.002446897019748
NSRP1P1	SRR5862151	1.0124906225058696
NSRP1P1	SRR5862152	1.0247021665376759
NSRP1P1	SRR5862153	1.0207507402373297
NSRP1P1	SRR5862154	2
NSRP1P1	SRR5862155	3.0189729983463303
NSRP1P1	SRR5862156	1.0258531825432229
NSRP1P1	SRR5862157	4.1043248723115076
NSRP1P1	SRR5862158	1.0005398398063463
NSRP1P1	SRR5862159	2.011866661980977
NSRP1P1	SRR5862160	1.0382660511696764
NSRP1P1	SRR5862161	2.0054655342432564
NSRP1P1	SRR5862162	4.013341690335275
NSRP1P1	SRR5862163	5.017647553186879
NSRP1P1	SRR5862164	3.150487153229003
NSRP1P1	SRR5862165	3.0129834725921083
NSRP1P1	SRR5862166	1.0042826021444868
NSRP1P1	SRR5862167	4.0083451416645035
NSRP1P1	SRR5862168	1.001651013035654
NSRP1P1	SRR5862169	1.0037100598776116
NSRP1P1	SRR5862170	1.0111269374447733
NSRP1P1	SRR5862171	2.003451607071626
NSRP1P1	SRR5862172	1.001756425936391
NSRP1P1	SRR5862173	2.050440754363536
NSRP1P1	SRR5862174	4.113699981567432
NSRP1P1	SRR5862175	3.0146488476391036
NSRP1P1	SRR5862176	1.0173137397493108
NSRP1P1	SRR5862177	1.0322718092842704
NSRP1P1	SRR5862178	2.0576193607952975
NSRP1P1	SRR5862179	1.0056231596200704
NSRP1P1	SRR5862180	2.327482634872731
NSRP1P1	SRR5862181	1.021192246321851
NSRP1P1	SRR5862182	2.0188224257830685
NSRP1P1	SRR5862183	1.0050055361428718
NSRP1P1	SRR5862184	1.0274397025883788
NSRP1P1	SRR5862185	2
NSRP1P1	SRR5862186	2.0146835886133188
NSRP1P1	SRR5862187	2.0151414118406388
NSRP1P1	SRR5862188	2.078579927562468
NSRP1P1	SRR5862189	2.0167425870548557
NSRP1P1	SRR5862190	3.0040963539964314
NSRP1P1	SRR5862191	1.0119991177693053
NSRP1P1	SRR5862192	1.0452267290247683
NSRP1P1	SRR5862193	1.0035876309652703
NSRP1P1	SRR5862194	2.0106310340307396
NSRP1P1	SRR5862195	2.0126941172406245
NSRP1P1	SRR5862196	2
NSRP1P1	SRR5862197	2
NSRP1P1	SRR5862198	1.1010895492315216
NSRP1P1	SRR5862199	1.0024775414638962
NSRP1P1	SRR5862200	2.0043834882491156
NSRP1P1	SRR5862201	8.055493539752936
NSRP1P1	SRR5862202	1.0218991464798453
NSRP1P1	SRR5862203	2.06871914188325
NSRP1P1	SRR5862204	1
NSRP1P1	SRR5862205	1
NSRP1P1	SRR5862206	1.0181176093417283
NSRP1P1	SRR5862207	1.005322867319879
NSRP1P1	SRR5862208	3.0584576629396167
NSRP1P1	SRR5862209	3.0338855238430624
NSRP1P1	SRR5862210	5
NSRP1P1	SRR5862211	1.032816631560076
NSRP1P1	SRR5862212	1.0088809831317571
NSRP1P1	SRR5862213	1.0047021889912742
NSRP1P1	SRR5862214	1.0027634203047235
NSRP1P1	SRR5862215	1.0023720526815605
NSRP1P1	SRR5862216	1.0036559710886879
NSRP1P1	SRR5862217	2.0130027931829657
NSRP1P1	SRR5862218	1.0009826235521704
NSRP1P1	SRR5862219	1.023350981956458
NSRP1P1	SRR5862220	1.0044939929610694
NSRP1P1	SRR5862221	3
NSRP1P1	SRR5862222	1.00325727728352
NSRP1P1	SRR5862223	1.0433348417292698
NSRP1P1	SRR5862224	1.0079332911520626
NSRP1P1	SRR5862225	2.0053624425807453
NSRP1P1	SRR5862226	3.0032399131191276
NSRP1P1	SRR5862227	1
NSRP1P1	SRR5862228	3.0272142750407234
NSRP1P1	SRR5862229	1.0059099355041081
NSRP1P1	SRR5862230	7.037119508183646
NSRP1P1	SRR5862231	1.0020862854161259
NSRP1P1	SRR5862232	3.0454021311368944
NSRP1P1	SRR5862233	4.011053681218894
NSRP1P1	SRR5862234	3.0176914022996315
NSRP1P1	SRR5862235	2.0017997898095317
NSRP1P1	SRR5862236	1.0021443221583142
NSRP1P1	SRR5862237	13.403201211603438
NSRP1P1	SRR5862238	2.0017997898095317
NSRP1P1	SRR5862239	3.0231511731130634
NSRP1P1	SRR5862240	3.0081983013648843
NSRP1P1	SRR5862241	3.0185903795060653
NSRP1P1	SRR5862242	4.027807545275202
NSRP1P1	SRR5862243	3.0168694788602117
NSRP1P1	SRR5862244	1.0144792093359367
NSRP1P1	SRR5862245	5.091382121771299
NSRP1P1	SRR5862246	2.0038120565269457
NSRP1P1	SRR5862247	4.022586193746432
NSRP1P1	SRR5862248	4.002879404649015
NSRP1P1	SRR5862249	1.0151672362957598
NSRP1P1	SRR5862250	4.042344792350933
NSRP1P1	SRR5862251	3.030995714412124
NSRP1P1	SRR5862252	4.010209574714553
NSRP1P1	SRR5862253	3.0233483665434258
NSRP1P1	SRR5862254	1.0071605917832513
NSRP1P1	SRR5862255	1.0080393651944055
NSRP1P1	SRR5862256	2.0309985808874758
NSRP1P1	SRR5862257	1.0137597798867521
NSRP1P1	SRR5862258	6.01531436207183
NSRP1P1	SRR5862259	1.013717596574022
NSRP1P1	SRR5862260	1.0647831768924885
NSRP1P1	SRR5862261	1.0166686288059708
NSRP1P1	SRR5862262	1.0099915908540964
NSRP1P1	SRR5862263	1.0455054067543619
NSRP1P1	SRR5862264	2.011669665219515
NSRP1P1	SRR5862265	1.001260079572912
NSRP1P1	SRR5862266	1.0054836551612463
NSRP1P1	SRR5862267	4.220971512453963
NSRP1P1	SRR5862268	1.0049748144211899
NSRP1P1	SRR5862269	1.0039487828443494
NSRP1P1	SRR5862270	2.004533149999212
NSRP1P1	SRR5862271	2.01193465072815
NSRP1P1	SRR5862272	1.0112732108438143
NSRP1P1	SRR5862273	4.013818341877882
NSRP1P1	SRR5862274	2.0091929322271214
NSRP1P1	SRR5862275	2.0259850721866957
NSRP1P1	SRR5862276	1.0173966505334036
NSRP1P1	SRR5862277	3.038058289261396
NSRP1P1	SRR5949109	1.1498283651018633
NSRP1P1	SRR5949110	1.148171272003916
NSRP1P1	SRR5949111	1.1498283651018633
NSRP1P1	SRR5949112	1.1499000124654937
NSRP1P1	SRR5949113	1.1493287860193127
NSRP1P1	SRR5949114	1.1499000124654937
NSRP1P1	SRR5949115	1.1498283651018633
NSRP1P1	SRR5949116	1.149801355279094
NSRP1P1	SRR5949117	1.1499000124654937
NSRP1P1	SRR5949118	1.149757132515299
NSRP1P1	SRR5949119	1.1498700492655702
NSRP1P1	SRR5949120	1.149752993629983
NSRP1P1	SRR5949121	1.149727479151349
NSRP1P1	SRR5949122	1.149659680044542
NSRP1P1	SRR5949123	1.1495224477062624
NSRP1P1	SRR5949124	1.1489713533334538
NSRP1P1	SRR5949125	1.1493657120956842
NSRP1P1	SRR5949126	1.1496653216499102
NSRP1P1	SRR5949127	1.149752993629983
NSRP1P1	SRR5949128	1.149752993629983
NSRP1P1	SRR5949129	1.1498758641415114
NSRP1P1	SRR5949130	1.1498041981068907
NSRP1P1	SRR5949131	1.1496516232140812
NSRP1P1	SRR5949132	1.1498283651018633
NSRP1P1	SRR5949133	1.1496993836519698
NSRP1P1	SRR5949134	1.1499000124654937
NSRP1P1	SRR5949135	1.149801355279094
NSRP1P1	SRR5949136	1.1498700492655702
NSRP1P1	SRR5949137	1.1489979896611313
NSRP1P1	SRR5949138	1.1496058907069004
NSRP1P1	SRR5949139	1.1496653216499102
NSRP1P1	SRR5949140	1.1498283651018633
NSRP1P1	SRR5949141	1.1498758641415114
NSRP1P1	SRR5949142	1.1498041981068907
NSRP1P1	SRR5949143	1.1499000124654937
NSRP1P1	SRR5949144	1.149757132515299
NSRP1P1	SRR5949145	1.1497815594090803
NSRP1P1	SRR5949146	1.149752993629983
NSRP1P1	SRR5949147	1.149752993629983
NSRP1P1	SRR5949148	1.1489471817569916
NSRP1P1	SRR5949149	1.149757132515299
NSRP1P1	SRR5949150	1.1498758641415114
NSRP1P1	SRR5949151	1.1494823274298185
NSRP1P1	SRR5949152	1.1476551316063306
NSRP1P1	SRR5949153	1.149659680044542
NSRP1P1	SRR5949154	1.1487635500794011
NSRP1P1	SRR5949155	1.1497815594090803
NSRP1P1	SRR5949156	1.1498758641415114
NSRP1P1	SRR5949157	1.1498700492655702
NSRP1P1	SRR5949158	1.1499000124654937
NSRP1P1	SRR5949159	1.1489204896371397
NSRP1P1	SRR5949160	1.1498283651018633
NSRP1P1	SRR5949161	1.1498283651018633
NSRP1P1	SRR5949162	1.1498283651018633
NSRP1P1	SRR5949163	1.1498758641415114
NSRP1P1	SRR5949164	1.1499000124654937
NSRP1P1	SRR5949165	1.149801355279094
NSRP1P1	SRR5949166	1.1498758641415114
NSRP1P1	SRR5949167	1.149757132515299
NSRP1P1	SRR5949168	1.1497815594090803
NSRP1P1	SRR5949169	1.1447151303318799
NSRP1P1	SRR5949170	1.1499000124654937
NSRP1P1	SRR5949171	1.1496516232140812
NSRP1P1	SRR5949172	1.1496058907069004
NSRP1P1	SRR5949173	1.1498283651018633
NSRP1P1	SRR5949174	1.1497815594090803
NSRP1P1	SRR5949175	1.1499000124654937
NSRP1P1	SRR5949176	1.149727479151349
NSRP1P1	SRR5949177	1.1489132956948793
NSRP1P1	SRR5949178	1.1496653216499102
NSRP1P1	SRR5949179	1.1497815594090803
NSRP1P1	SRR5949180	1.1499000124654937
NSRP1P1	SRR5949181	1.1498700492655702
NSRP1P1	SRR5949182	1.149727479151349
NSRP1P1	SRR5949183	1.1498758641415114
NSRP1P1	SRR5949184	1.149801355279094
NSRP1P1	SRR5949185	1.1495611354981103
NSRP1P1	SRR5949186	1.1492630102128836
NSRP1P1	SRR5949187	1.1498041981068907
NSRP1P1	SRR5949188	1.149801355279094
NSRP1P1	SRR5949189	1.149752993629983
NSRP1P1	SRR5949190	1.149757132515299
NSRP1P1	SRR5949191	1.1496058907069004
NSRP1P1	SRR5949192	1.1498700492655702
NSRP1P1	SRR5949193	1.1498758641415114
NSRP1P1	SRR5949194	1.1498283651018633
NSRP1P1	SRR5949195	1.149801355279094
NSRP1P1	SRR5949196	1.149639556483191
NSRP1P1	SRR5949197	1.1494508753827517
NSRP1P1	SRR5949198	1.1489684643066176
NSRP1P1	SRR5949199	1.1496653216499102
NSRP1P1	SRR5949200	1.1498758641415114
NSRP1P1	SRR5949201	1.1497815594090803
NSRP1P1	SRR5949202	1.1498041981068907
NSRP1P1	SRR5949203	1.1498700492655702
NSRP1P1	SRR5949204	1.1499000124654937
NSRP1P1	SRR5949205	1.1499000124654937
NSRP1P1	SRR5949206	1.149801355279094
NSRP1P1	SRR5949207	1.1498283651018633
NSRP1P1	SRR5949208	1.149757132515299
NSRP1P1	SRR5949209	1.1498283651018633
NSRP1P1	SRR5949210	1.1497815594090803
NSRP1P1	SRR5949211	1.1494508753827517
NSRP1P1	SRR5949212	1.149757132515299
NSRP1P1	SRR5949213	1.1496993836519698
NSRP1P1	SRR5949214	1.1495224477062624
NSRP1P1	SRR5949215	1.149752993629983
NSRP1P1	SRR5949216	1.1498041981068907
NSRP1P1	SRR5949217	1.1498041981068907
NSRP1P1	SRR5949218	1.1496993836519698
NSRP1P1	SRR5949219	1.149727479151349
NSRP1P1	SRR5949220	1.1495611354981103
NSRP1P1	SRR5949221	1.149515806070026
NSRP1P1	SRR5949222	1.149752993629983
NSRP1P1	SRR5949223	1.1489094288850477
NSRP1P1	SRR5949224	1.1497815594090803
NSRP1P1	SRR5949225	1.1498700492655702
NSRP1P1	SRR5949226	1.1495611354981103
NSRP1P1	SRR5949227	1.1498700492655702
NSRP1P1	SRR5949228	1.1496058907069004
NSRP1P1	SRR5949229	1.149639556483191
NSRP1P1	SRR5949230	1.1498700492655702
NSRP1P1	SRR5949231	1.1494707522857042
NSRP1P1	SRR5949232	1.1487635500794011
NSRP1P1	SRR5949233	1.1489229708372037
NSRP1P1	SRR5949234	1.149752993629983
NSRP1P1	SRR5949235	1.1496058907069004
NSRP1P1	SRR5949236	1.1478430081697302
NSRP1P1	SRR5949237	1.1494610034998385
NSRP1P1	SRR5949238	1.1492438683694057
NSRP1P1	SRR5949239	1.147930185304594
NSRP1P1	SRR5949240	1.1498758641415114
NSRP1P1	SRR5949241	1.149757132515299
NSRP1P1	SRR5949242	1.1497815594090803
NSRP1P1	SRR5949243	1.1496516232140812
NSRP1P1	SRR5949244	1.1496653216499102
NSRP1P1	SRR5949245	1.1496653216499102
NSRP1P1	SRR5949246	1.149801355279094
NSRP1P1	SRR5949247	1.149752993629983
NSRP1P1	SRR5949248	1.149801355279094
NSRP1P1	SRR5949249	1.1497815594090803
NSRP1P1	SRR5949250	1.1499000124654937
NSRP1P1	SRR5949251	1.1496058907069004
NSRP1P1	SRR5949252	1.1498283651018633
NSRP1P1	SRR5949253	1.1494121443044876
NSRP1P1	SRR5949254	1.1495510677538354
NSRP1P1	SRR5949255	1.1497815594090803
NSRP1P1	SRR5949256	1.149659680044542
NSRP1P1	SRR5949257	1.1498758641415114
NSRP1P1	SRR5949258	1.1498758641415114
NSRP1P1	SRR5949259	1.149727479151349
NSRP1P1	SRR5949260	1.1499000124654937
NSRP1P1	SRR5949261	1.1499000124654937
NSRP1P1	SRR5949262	1.149659680044542
NSRP1P1	SRR5949263	1.1498041981068907
NSRP1P1	SRR5949264	1.149727479151349
NSRP1P1	SRR5949265	1.1498700492655702
NSRP1P1	SRR5949266	1.1490859664004887
NSRP1P1	SRR5949267	1.1491016556665985
NSRP1P1	SRR5949268	1.1498700492655702
NSRP1P1	SRR5949269	1.149752993629983
NSRP1P1	SRR5949270	1.1497815594090803
NSRP1P1	SRR5949271	1.1495224477062624
NSRP1P1	SRR5949272	1.1499000124654937
NSRP1P1	SRR5949273	1.1499000124654937
NSRP1P1	SRR5949274	1.149801355279094
NSRP1P1	SRR5949275	1.1495012298161975
NSRP1P1	SRR5949276	1.149801355279094
NSRP1P1	SRR5949277	1.1491016556665985
NSRP1P1	SRR5949278	1.1498041981068907
NSRP1P1	SRR5949279	1.1498041981068907
NSRP1P1	SRR5949280	1.1493806150832857
NSRP1P1	SRR5949281	1.149801355279094
NSRP1P1	SRR5949282	1.1499000124654937
NSRP1P1	SRR5949283	1.1494610034998385
NSRP1P1	SRR5949284	1.1499000124654937
NSRP1P1	SRR5949285	1.1485352709618715
NSRP1P1	SRR5949286	1.1490061236504394
NSRP1P1	SRR5949287	1.1499000124654937
NSRP1P1	SRR5949288	1.1498041981068907
NSRP1P1	SRR5949289	1.1496653216499102
NSRP1P1	SRR5949290	1.1499000124654937
NSRP1P1	SRR5949291	1.1497815594090803
NSRP1P1	SRR5949292	1.149752993629983
NSRP1P1	SRR5949293	1.1499000124654937
NSRP1P1	SRR5949294	1.1498758641415114
NSRP1P1	SRR5949295	1.1498041981068907
NSRP1P1	SRR5949296	1.1498041981068907
NSRP1P1	SRR5949297	1.1498283651018633
NSRP1P1	SRR5949298	1.149614382860247
NSRP1P1	SRR5949299	1.149757132515299
NSRP1P1	SRR5949300	1.1498758641415114
NSRP1P1	SRR5949301	1.1498758641415114
NSRP1P1	SRR5949302	1.1496653216499102
NSRP1P1	SRR5949303	1.1496516232140812
NSRP1P1	SRR5949304	1.1498283651018633
NSRP1P1	SRR5949305	1.1490061236504394
NSRP1P1	SRR5949306	1.1498700492655702
NSRP1P1	SRR5949307	1.149757132515299
NSRP1P1	SRR5949308	1.149801355279094
NSRP1P1	SRR5949309	1.1495565511841175
NSRP1P1	SRR5949310	1.1495565511841175
NSRP1P1	SRR5949311	1.1497815594090803
NSRP1P1	SRR5949312	1.149461221160821
NSRP1P1	SRR5949313	1.1497815594090803
NSRP1P1	SRR5949314	1.1498758641415114
NSRP1P1	SRR5949315	1.1497815594090803
NSRP1P1	SRR5949316	1.1498041981068907
NSRP1P1	SRR5949317	1.1492438683694057
NSRP1P1	SRR5949318	1.1491016556665985
NSRP1P1	SRR5949319	1.1498283651018633
NSRP1P1	SRR5949320	1.1499000124654937
NSRP1P1	SRR5949321	1.149801355279094
NSRP1P1	SRR5949322	1.149614382860247
NSRP1P1	SRR5949323	1.1497815594090803
NSRP1P1	SRR5949324	1.1499000124654937
NSRP1P1	SRR5949325	1.1498041981068907
NSRP1P1	SRR5949326	1.1497815594090803
NSRP1P1	SRR5949327	1.1490004023259148
NSRP1P1	SRR5949328	1.1498283651018633
NSRP1P1	SRR5949329	1.1498283651018633
NSRP1P1	SRR5949330	1.1498041981068907
NSRP1P1	SRR5949331	1.1498700492655702
NSRP1P1	SRR5949332	1.1499000124654937
NSRP1P1	SRR5949333	1.1496993836519698
NSRP1P1	SRR5949334	1.1494508753827517
NSRP1P1	SRR5949335	1.1498758641415114
NSRP1P1	SRR5949336	1.149801355279094
NSRP1P1	SRR5949337	1.1498700492655702
NSRP1P1	SRR5949338	1.1498041981068907
NSRP1P1	SRR5949339	1.1498041981068907
NSRP1P1	SRR5949340	1.149614382860247
NSRP1P1	SRR5949341	1.149727479151349
NSRP1P1	SRR5949342	1.1498700492655702
NSRP1P1	SRR5949343	1.149727479151349
NSRP1P1	SRR5949344	1.1498283651018633
NSRP1P1	SRR5949345	1.1498700492655702
NSRP1P1	SRR5949346	1.1489824166943214
NSRP1P1	SRR5949347	1.1494257243385793
NSRP1P1	SRR5949348	1.1487709425734813
NSRP1P1	SRR5949349	1.1498041981068907
NSRP1P1	SRR5949350	1.149757132515299
NSRP1P1	SRR5949351	1.1497815594090803
NSRP1P1	SRR5949352	1.149801355279094
NSRP1P1	SRR5949353	1.1498041981068907
NSRP1P1	SRR5949354	1.1495224477062624
NSRP1P1	SRR5949355	1.149727479151349
NSRP1P1	SRR5949356	1.1467122388088349
NSRP1P1	SRR5949357	1.149752993629983
NSRP1P1	SRR5949358	1.1497815594090803
NSRP1P1	SRR5949359	1.1498041981068907
NSRP1P1	SRR5949360	1.149727479151349
NSRP1P1	SRR5949361	1.1496653216499102
NSRP1P1	SRR5949362	1.1478188840514512
NSRP1P1	SRR5949363	1.1498758641415114
NSRP1P1	SRR5949364	1.1496058907069004
NSRP1P1	SRR5949365	1.1494121443044876
NSRP1P1	SRR5949366	1.1474377159067004
NSRP1P1	SRR5949367	1.1499000124654937
NSRP1P1	SRR5949368	1.148804618132568
NSRP1P1	SRR5949369	1.1498758641415114
NSRP1P1	SRR5949370	1.1498283651018633
NSRP1P1	SRR5949371	1.1495565511841175
NSRP1P1	SRR5949372	1.149801355279094
NSRP1P1	SRR5949373	1.1498758641415114
NSRP1P1	SRR5949374	1.1496516232140812
NSRP1P1	SRR5949375	1.1498758641415114
NSRP1P1	SRR5949376	1.1499000124654937
NSRP1P1	SRR5949377	1.1498041981068907
NSRP1P1	SRR5949378	1.1499000124654937
NSRP1P1	SRR5949379	1.1498041981068907
NSRP1P1	SRR5949380	1.1489471817569916
NSRP1P1	SRR5949381	1.1495012298161975
NSRP1P1	SRR5949382	1.1498283651018633
NSRP1P1	SRR5949383	1.1496993836519698
NSRP1P1	SRR5949384	1.1498758641415114
NSRP1P1	SRR5949385	1.149659680044542
NSRP1P1	SRR5949386	1.1499000124654937
NSRP1P1	SRR5949387	1.147930185304594
NSRP1P1	SRR5949388	1.1495224477062624
NSRP1P1	SRR5949389	1.1499000124654937
NSRP1P1	SRR5949390	1.1497815594090803
NSRP1P1	SRR5949391	1.1495565511841175
NSRP1P1	SRR5949392	1.1499000124654937
NSRP1P1	SRR5949393	1.1495565511841175
NSRP1P1	SRR5949394	1.1495012298161975
NSRP1P1	SRR5949395	1.1497815594090803
NSRP1P1	SRR5949396	1.1489204896371397
NSRP1P1	SRR5949397	1.1498758641415114
NSRP1P1	SRR5949398	1.1498700492655702
NSRP1P1	SRR5949399	1.1497815594090803
NSRP1P1	SRR5949400	1.1442239823514004
NSRP1P1	SRR5949401	1.1499000124654937
NSRP1P1	SRR5949402	1.149801355279094
NSRP1P1	SRR5949403	1.149757132515299
NSRP1P1	SRR5949404	1.1495611354981103
NSRP1P1	SRR5949405	1.1498041981068907
NSRP1P1	SRR5949406	1.1498758641415114
NSRP1P1	SRR5949407	1.1498041981068907
NSRP1P1	SRR5949408	1.1498041981068907
NSRP1P1	SRR5949409	1.149801355279094
NSRP1P1	SRR5949410	1.149801355279094
NSRP1P1	SRR5949411	1.1499000124654937
NSRP1P1	SRR5949412	1.1496653216499102
NSRP1P1	SRR5949413	1.1498041981068907
NSRP1P1	SRR5949414	1.1498283651018633
NSRP1P1	SRR5949415	1.1498700492655702
NSRP1P1	SRR5949416	1.149752993629983
NSRP1P1	SRR5949417	1.1496993836519698
NSRP1P1	SRR5949418	1.1498041981068907
NSRP1P1	SRR5949419	1.1498283651018633
NSRP1P1	SRR5949420	1.149727479151349
NSRP1P1	SRR5949421	1.1496993836519698
NSRP1P1	SRR5949422	1.149752993629983
NSRP1P1	SRR5949423	1.149752993629983
NSRP1P1	SRR5949424	1.1499000124654937
NSRP1P1	SRR5949425	1.149752993629983
NSRP1P1	SRR5949426	1.1498700492655702
NSRP1P1	SRR5949427	1.149752993629983
NSRP1P1	SRR5949428	1.1499000124654937
NSRP1P1	SRR5949429	1.149461221160821
NSRP1P1	SRR5949430	1.1497815594090803
NSRP1P1	SRR5949431	1.1497815594090803
NSRP1P1	SRR5949432	1.149801355279094
NSRP1P1	SRR5949433	1.149757132515299
NSRP1P1	SRR5949434	1.149757132515299
NSRP1P1	SRR5949435	1.1495510677538354
NSRP1P1	SRR5949436	1.1498283651018633
NSRP1P1	SRR5949437	1.149461221160821
NSRP1P1	SRR5949438	1.1493806150832857
NSRP1P1	SRR5949439	1.1498758641415114
NSRP1P1	SRR5949440	1.1498700492655702
NSRP1P1	SRR5949441	1.1498700492655702
NSRP1P1	SRR5949442	1.1496516232140812
NSRP1P1	SRR5949443	1.1495611354981103
NSRP1P1	SRR5949444	1.1495012298161975
NSRP1P1	SRR5949445	1.1499000124654937
NSRP1P1	SRR5949446	1.1498700492655702
NSRP1P1	SRR5949447	1.149757132515299
NSRP1P1	SRR5949448	1.1499000124654937
NSRP1P1	SRR5949449	1.1499000124654937
NSRP1P1	SRR5949450	1.1497815594090803
NSRP1P1	SRR5949451	1.1496993836519698
NSRP1P1	SRR5949452	1.1498041981068907
NSRP1P1	SRR5949453	1.1497815594090803
NSRP1P1	SRR5949454	1.1498041981068907
NSRP1P1	SRR5949455	1.149757132515299
NSRP1P1	SRR5949456	1.1498758641415114
NSRP1P1	SRR5949457	1.1498700492655702
NSRP1P1	SRR5949458	1.1498758641415114
NSRP1P1	SRR5949459	1.149801355279094
NSRP1P1	SRR5949460	1.1495611354981103
NSRP1P1	SRR5949461	1.1490004023259148
NSRP1P1	SRR5949462	1.1498283651018633
NSRP1P1	SRR5949463	1.1495510677538354
NSRP1P1	SRR5949464	1.1494610034998385
NSRP1P1	SRR5949465	1.1489587806071277
NSRP1P1	SRR5949466	1.1497815594090803
NSRP1P1	SRR5949467	1.1489471817569916
NSRP1P1	SRR5949468	1.1498283651018633
NSRP1P1	SRR5949469	1.1498700492655702
NSRP1P1	SRR5949470	1.1498041981068907
NSRP1P1	SRR5949471	1.149727479151349
NSRP1P1	SRR5949472	1.149801355279094
NSRP1P1	SRR5949473	1.149801355279094
NSRP1P1	SRR5949474	1.149757132515299
NSRP1P1	SRR5949475	1.1499000124654937
NSRP1P1	SRR5949476	1.1498041981068907
NSRP1P1	SRR5949477	1.1498700492655702
NSRP1P1	SRR5949478	1.149801355279094
NSRP1P1	SRR5949479	1.149283393549715
NSRP1P1	SRR5949480	1.149752993629983
NSRP1P1	SRR5949481	1.1498700492655702
NSRP1P1	SRR5949482	1.1496653216499102
NSRP1P1	SRR5949483	1.1492630102128836
NSRP1P1	SRR5949484	1.1498283651018633
NSRP1P1	SRR5949485	1.1495012298161975
NSRP1P1	SRR5949486	1.149757132515299
NSRP1P1	SRR5949487	1.149752993629983
NSRP1P1	SRR5949488	1.149461221160821
NSRP1P1	SRR5949489	1.1496058907069004
NSRP1P1	SRR5949490	1.1496058907069004
NSRP1P1	SRR5949491	1.149757132515299
NSRP1P1	SRR5949492	1.1496058907069004
NSRP1P1	SRR5949493	1.149727479151349
NSRP1P1	SRR5949494	1.1499000124654937
NSRP1P1	SRR5949495	1.1494707522857042
NSRP1P1	SRR5949496	1.149727479151349
NSRP1P1	SRR5949497	1.149727479151349
NSRP1P1	SRR5949498	1.1497815594090803
NSRP1P1	SRR5949499	1.1498283651018633
NSRP1P1	SRR5949500	1.1494121443044876
NSRP1P1	SRR5949501	1.149515806070026
NSRP1P1	SRR5949502	1.1492573238148507
NSRP1P1	SRR5949503	1.149639556483191
NSRP1P1	SRR5949504	1.1498041981068907
NSRP1P1	SRR5949505	1.1498041981068907
NSRP1P1	SRR5949506	1.1498041981068907
NSRP1P1	SRR5949507	1.1498700492655702
NSRP1P1	SRR5949508	1.149752993629983
NSRP1P1	SRR5949509	1.1498283651018633
NSRP1P1	SRR5949510	1.1498041981068907
NSRP1P1	SRR5949511	1.1489592829745587
NSRP1P1	SRR5949512	1.149801355279094
NSRP1P1	SRR5949513	1.1499000124654937
NSRP1P1	SRR5949514	1.149659680044542
NSRP1P1	SRR5949515	1.1498283651018633
NSRP1P1	SRR5949516	1.149757132515299
NSRP1P1	SRR5949517	1.1498041981068907
NSRP1P1	SRR5949518	1.149283393549715
NSRP1P1	SRR5949519	1.1496058907069004
NSRP1P1	SRR5949520	1.1498700492655702
NSRP1P1	SRR5949521	1.1490859664004887
NSRP1P1	SRR5949522	1.149801355279094
NSRP1P1	SRR5949523	1.1498700492655702
NSRP1P1	SRR5949524	1.149757132515299
NSRP1P1	SRR5949525	1.149659680044542
NSRP1P1	SRR5949526	1.1489944018824365
NSRP1P1	SRR5949527	1.149639556483191
NSRP1P1	SRR5949528	1.1483720675437479
NSRP1P1	SRR5949529	1.1495224477062624
NSRP1P1	SRR5949530	1.149727479151349
NSRP1P1	SRR5949531	1.1496653216499102
NSRP1P1	SRR5949532	1.1498700492655702
NSRP1P1	SRR5949533	1.1499000124654937
NSRP1P1	SRR5949534	1.149659680044542
NSRP1P1	SRR5949535	1.1498283651018633
NSRP1P1	SRR5949536	1.1497815594090803
NSRP1P1	SRR5949537	1.1498700492655702
NSRP1P1	SRR5949538	1.1499000124654937
NSRP1P1	SRR5949539	1.149727479151349
NSRP1P1	SRR5949540	1.1495611354981103
NSRP1P1	SRR5949541	1.149727479151349
NSRP1P1	SRR5949542	1.1495224477062624
NSRP1P1	SRR5949543	1.149752993629983
NSRP1P1	SRR5949544	1.1495611354981103
NSRP1P1	SRR5949545	1.149283393549715
NSRP1P1	SRR5949546	1.149639556483191
NSRP1P1	SRR5949547	1.1499000124654937
NSRP1P1	SRR5949548	1.149757132515299
NSRP1P1	SRR5949549	1.1494121443044876
NSRP1P1	SRR5949550	1.1489471817569916
NSRP1P1	SRR5949551	1.149801355279094
NSRP1P1	SRR5949552	1.1494823274298185
NSRP1P1	SRR5949553	1.1498758641415114
NSRP1P1	SRR5949554	1.1498041981068907
NSRP1P1	SRR5949555	1.1409427054301
NSRP1P1	SRR5949556	1.149515806070026
NSRP1P1	SRR5949557	1.1497815594090803
NSRP1P1	SRR5949558	1.1494707522857042
NSRP1P1	SRR5949559	1.1498283651018633
NSRP1P1	SRR5949560	1.1498283651018633
NSRP1P1	SRR5949561	1.1490061236504394
NSRP1P1	SRR5949562	1.1495012298161975
NSRP1P1	SRR5949563	1.1497815594090803
NSRP1P1	SRR5949564	1.149801355279094
NSRP1P1	SRR5949565	1.1498758641415114
NSRP1P1	SRR5949566	1.1498283651018633
NSRP1P1	SRR5949567	1.1479342052496542
NSRP1P1	SRR5949568	1.1495565511841175
NSRP1P1	SRR5949569	1.149614382860247
NSRP1P1	SRR5949570	1.149727479151349
NSRP1P1	SRR5949571	1.1493287860193127
NSRP1P1	SRR5949572	1.1496993836519698
NSRP1P1	SRR5949573	1.1495565511841175
NSRP1P1	SRR5949574	1.1497815594090803
NSRP1P1	SRR5949575	1.149752993629983
NSRP1P1	SRR5949576	1.1496993836519698
NSRP1P1	SRR5949577	1.1498758641415114
NSRP1P1	SRR5949578	1.1497815594090803
NSRP1P1	SRR5949579	1.1498283651018633
NSRP1P1	SRR5949580	1.1498283651018633
NSRP1P1	SRR5949581	1.1499000124654937
NSRP1P1	SRR5949582	1.149614382860247
NSRP1P1	SRR5949583	1.1498758641415114
NSRP1P1	SRR5949584	1.1489713533334538
NSRP1P1	SRR5949585	1.149801355279094
NSRP1P1	SRR5949586	1.1498041981068907
NSRP1P1	SRR5949587	1.149757132515299
NSRP1P1	SRR5949588	1.14823324140182
NSRP1P1	SRR5949589	1.1499000124654937
NSRP1P1	SRR5949590	1.149639556483191
NSRP1P1	SRR5949591	1.1498283651018633
NSRP1P1	SRR5949592	1.1496653216499102
NSRP1P1	SRR5949593	1.1499000124654937
NSRP1P1	SRR5949594	1.1496993836519698
NSRP1P1	SRR5949595	1.1498041981068907
NSRP1P1	SRR5949596	1.149757132515299
NSRP1P1	SRR5949597	1.1492327898220787
NSRP1P1	SRR5949598	1.149727479151349
NSRP1P1	SRR5949599	1.149639556483191
NSRP1P1	SRR5949600	1.1497815594090803
NSRP1P1	SRR5949601	1.1496993836519698
NSRP1P1	SRR5949602	1.1499000124654937
NSRP1P1	SRR5949603	1.149801355279094
NSRP1P1	SRR5949604	1.1498041981068907
NSRP1P1	SRR5949605	1.1496993836519698
NSRP1P1	SRR5949606	1.1494707522857042
NSRP1P1	SRR5949607	1.1498700492655702
NSRP1P1	SRR5949608	1.1490004023259148
NSRP1P1	SRR5950246	1.1489592829745587
NSRP1P1	SRR5950247	1.1494707522857042
NSRP1P1	SRR5950248	1.1497815594090803
NSRP1P1	SRR5950249	1.1499000124654937
NSRP1P1	SRR5950250	1.1495611354981103
NSRP1P1	SRR5950251	1.1497815594090803
NSRP1P1	SRR5950252	1.1498758641415114
NSRP1P1	SRR5950253	1.1498041981068907
NSRP1P1	SRR5950254	1.1494707522857042
NSRP1P1	SRR5950255	1.1492327898220787
NSRP1P1	SRR5950256	1.14882817140177
NSRP1P1	SRR5950257	1.1487945702274995
NSRP1P1	SRR5950258	1.149801355279094
NSRP1P1	SRR5950259	1.1498283651018633
NSRP1P1	SRR5950260	1.1497815594090803
NSRP1P1	SRR5950261	1.149801355279094
NSRP1P1	SRR5950262	1.149659680044542
NSRP1P1	SRR5950263	1.1492573238148507
NSRP1P1	SRR5950264	1.1498700492655702
NSRP1P1	SRR5950265	1.1495611354981103
NSRP1P1	SRR5950266	1.1489684643066176
NSRP1P1	SRR5950267	1.149801355279094
NSRP1P1	SRR5950268	1.1496993836519698
NSRP1P1	SRR5950269	1.149727479151349
NSRP1P1	SRR5950270	1.1494610034998385
NSRP1P1	SRR5950271	1.1499000124654937
NSRP1P1	SRR5950272	1.1499000124654937
NSRP1P1	SRR5950273	1.1497815594090803
NSRP1P1	SRR5950274	1.1496516232140812
NSRP1P1	SRR5950275	1.1496993836519698
NSRP1P1	SRR5950276	1.149801355279094
NSRP1P1	SRR5950277	1.149515806070026
NSRP1P1	SRR5950278	1.1492438683694057
NSRP1P1	SRR5950279	1.149757132515299
NSRP1P1	SRR5950280	1.1498041981068907
NSRP1P1	SRR5950281	1.1496993836519698
NSRP1P1	SRR5950282	1.1493287860193127
NSRP1P1	SRR5950283	1.149801355279094
NSRP1P1	SRR5950284	1.1466271340242074
NSRP1P1	SRR5950285	1.1494823274298185
NSRP1P1	SRR5950286	1.1497815594090803
NSRP1P1	SRR5950287	1.1491016556665985
NSRP1P1	SRR5950288	1.1495510677538354
NSRP1P1	SRR5950289	1.1490061236504394
NSRP1P1	SRR5950290	1.1498283651018633
NSRP1P1	SRR5950291	1.149801355279094
NSRP1P1	SRR5950292	1.1496653216499102
NSRP1P1	SRR5950293	1.1494610034998385
NSRP1P1	SRR5950294	1.1499000124654937
NSRP1P1	SRR5950295	1.1498758641415114
NSRP1P1	SRR5950296	1.149752993629983
NSRP1P1	SRR5950297	1.1494508753827517
NSRP1P1	SRR5950298	1.1498283651018633
NSRP1P1	SRR5950299	1.149614382860247
NSRP1P1	SRR5950300	1.149757132515299
NSRP1P1	SRR5950301	1.149801355279094
NSRP1P1	SRR5950302	1.149752993629983
NSRP1P1	SRR5950303	1.149614382860247
NSRP1P1	SRR5950304	1.149461221160821
NSRP1P1	SRR5950305	1.149752993629983
NSRP1P1	SRR5950306	1.149752993629983
NSRP1P1	SRR5950307	1.1496058907069004
NSRP1P1	SRR5950308	1.1496653216499102
NSRP1P1	SRR5950309	1.1496993836519698
NSRP1P1	SRR5950310	1.1497815594090803
NSRP1P1	SRR5950311	1.1498700492655702
NSRP1P1	SRR5950312	1.149801355279094
NSRP1P1	SRR5950313	1.1496653216499102
NSRP1P1	SRR5950314	1.1498283651018633
NSRP1P1	SRR5950315	1.149801355279094
NSRP1P1	SRR5950316	1.1498700492655702
NSRP1P1	SRR5950317	1.149614382860247
NSRP1P1	SRR5950318	1.1494610034998385
NSRP1P1	SRR5950319	1.149639556483191
NSRP1P1	SRR5950320	1.149614382860247
NSRP1P1	SRR5950321	1.148836459359721
NSRP1P1	SRR5950322	1.1495224477062624
NSRP1P1	SRR5950323	1.1496516232140812
NSRP1P1	SRR5950324	1.1498283651018633
NSRP1P1	SRR5950325	1.149659680044542
NSRP1P1	SRR5950326	1.149515806070026
NSRP1P1	SRR5950327	1.149801355279094
NSRP1P1	SRR5950328	1.149801355279094
NSRP1P1	SRR5950329	1.149752993629983
NSRP1P1	SRR5950330	1.149639556483191
NSRP1P1	SRR5950331	1.1493287860193127
NSRP1P1	SRR5950332	1.1494707522857042
NSRP1P1	SRR5950333	1.1498283651018633
NSRP1P1	SRR5950334	1.1498283651018633
NSRP1P1	SRR5950335	1.1498283651018633
NSRP1P1	SRR5950336	1.1477909267796054
NSRP1P1	SRR5950337	1.1490522198255662
NSRP1P1	SRR5950338	1.1484554126990747
NSRP1P1	SRR5950339	1.1499000124654937
NSRP1P1	SRR5950340	1.1496058907069004
NSRP1P1	SRR5950341	1.1496653216499102
NSRP1P1	SRR5950342	1.1498700492655702
NSRP1P1	SRR5950343	1.1496653216499102
NSRP1P1	SRR5950344	1.1495224477062624
NSRP1P1	SRR5950345	1.1496516232140812
NSRP1P1	SRR5950346	1.149801355279094
NSRP1P1	SRR5950347	1.149752993629983
NSRP1P1	SRR5950348	1.1496058907069004
NSRP1P1	SRR5950349	1.1498758641415114
NSRP1P1	SRR5950350	1.1497815594090803
NSRP1P1	SRR5950351	1.1491016556665985
NSRP1P1	SRR5950352	1.1498700492655702
NSRP1P1	SRR5950353	1.149752993629983
NSRP1P1	SRR5950354	1.1498700492655702
NSRP1P1	SRR5950355	1.1498700492655702
NSRP1P1	SRR5950356	1.1489979896611313
NSRP1P1	SRR5950357	1.1498700492655702
NSRP1P1	SRR5950358	1.149614382860247
NSRP1P1	SRR5950359	1.149727479151349
NSRP1P1	SRR5950360	1.1498700492655702
NSRP1P1	SRR5950361	1.1498700492655702
NSRP1P1	SRR5950362	1.1495224477062624
NSRP1P1	SRR5950363	1.1494508753827517
NSRP1P1	SRR5950364	1.149639556483191
NSRP1P1	SRR5950365	1.1498041981068907
NSRP1P1	SRR5950366	1.1498283651018633
NSRP1P1	SRR5950367	1.1489024179979748
NSRP1P1	SRR5950368	1.149752993629983
NSRP1P1	SRR5950369	1.1499000124654937
NSRP1P1	SRR5950370	1.1499000124654937
NSRP1P1	SRR5950371	1.149801355279094
NSRP1P1	SRR5950372	1.1498041981068907
NSRP1P1	SRR5950373	1.149757132515299
NSRP1P1	SRR5950374	1.149757132515299
NSRP1P1	SRR5950375	1.1498700492655702
NSRP1P1	SRR5950376	1.1499000124654937
NSRP1P1	SRR5950377	1.1494121443044876
NSRP1P1	SRR5950378	1.149757132515299
NSRP1P1	SRR5950379	1.149752993629983
NSRP1P1	SRR5950380	1.1496653216499102
NSRP1P1	SRR5950381	1.149659680044542
NSRP1P1	SRR5950382	1.1491016556665985
NSRP1P1	SRR5950383	1.1498758641415114
NSRP1P1	SRR5950384	1.1498283651018633
NSRP1P1	SRR5950385	1.1490859664004887
NSRP1P1	SRR5950386	1.1498700492655702
NSRP1P1	SRR5950387	1.1498758641415114
NSRP1P1	SRR5950388	1.1495611354981103
NSRP1P1	SRR5950389	1.1485352709618715
NSRP1P1	SRR5950390	1.1496993836519698
NSRP1P1	SRR5950391	1.1499000124654937
NSRP1P1	SRR5950392	1.1491016556665985
NSRP1P1	SRR5950393	1.1495565511841175
NSRP1P1	SRR5950394	1.149727479151349
NSRP1P1	SRR5950395	1.149752993629983
NSRP1P1	SRR5950396	1.1499000124654937
NSRP1P1	SRR5950397	1.1498758641415114
NSRP1P1	SRR5950398	1.1498758641415114
NSRP1P1	SRR5950399	1.149659680044542
NSRP1P1	SRR5950400	1.1496993836519698
NSRP1P1	SRR5950401	1.1498700492655702
NSRP1P1	SRR5950402	1.1498700492655702
NSRP1P1	SRR5950403	1.1497815594090803
NSRP1P1	SRR5950404	1.1498041981068907
NSRP1P1	SRR5950405	1.14823324140182
NSRP1P1	SRR5950406	1.1493806150832857
NSRP1P1	SRR5950407	1.149801355279094
NSRP1P1	SRR5950408	1.149461221160821
NSRP1P1	SRR5950409	1.1495565511841175
NSRP1P1	SRR5950410	1.1499000124654937
NSRP1P1	SRR5950411	1.1498283651018633
NSRP1P1	SRR5950412	1.1498700492655702
NSRP1P1	SRR5950413	1.1493657120956842
NSRP1P1	SRR5950414	1.149801355279094
NSRP1P1	SRR5950415	1.149614382860247
NSRP1P1	SRR5950416	1.1496653216499102
NSRP1P1	SRR5950417	1.1496993836519698
NSRP1P1	SRR5950418	1.1495510677538354
NSRP1P1	SRR5950419	1.1498700492655702
NSRP1P1	SRR5950420	1.149752993629983
NSRP1P1	SRR5950421	1.1495611354981103
NSRP1P1	SRR5950422	1.1494707522857042
NSRP1P1	SRR5950423	1.149757132515299
NSRP1P1	SRR5950424	1.1498283651018633
NSRP1P1	SRR5950425	1.1498700492655702
NSRP1P1	SRR5950426	1.1496058907069004
NSRP1P1	SRR5950427	1.1498283651018633
NSRP1P1	SRR5950428	1.149757132515299
NSRP1P1	SRR5950429	1.1498700492655702
NSRP1P1	SRR5950430	1.149727479151349
NSRP1P1	SRR5950431	1.149727479151349
NSRP1P1	SRR5950432	1.1498041981068907
NSRP1P1	SRR5950433	1.149801355279094
NSRP1P1	SRR5950434	1.1495611354981103
NSRP1P1	SRR5950435	1.149757132515299
NSRP1P1	SRR5950436	1.1498700492655702
NSRP1P1	SRR5950437	1.149727479151349
NSRP1P1	SRR5950438	1.1498283651018633
NSRP1P1	SRR5950439	1.1498758641415114
NSRP1P1	SRR5950440	1.145365413736815
NSRP1P1	SRR5950441	1.1494707522857042
NSRP1P1	SRR5950442	1.1497815594090803
NSRP1P1	SRR5950443	1.149659680044542
NSRP1P1	SRR5950444	1.149801355279094
NSRP1P1	SRR5950445	1.1498041981068907
NSRP1P1	SRR5950446	1.1496516232140812
NSRP1P1	SRR5950447	1.1494257243385793
NSRP1P1	SRR5950448	1.149801355279094
NSRP1P1	SRR5950449	1.1498041981068907
NSRP1P1	SRR5950450	1.1498700492655702
NSRP1P1	SRR5950451	1.1499000124654937
NSRP1P1	SRR5950452	1.1494823274298185
NSRP1P1	SRR5950453	1.1498283651018633
NSRP1P1	SRR5950454	1.1494823274298185
NSRP1P1	SRR5950455	1.1498283651018633
NSRP1P1	SRR5950456	1.149757132515299
NSRP1P1	SRR5950457	1.149659680044542
NSRP1P1	SRR5950458	1.1499000124654937
NSRP1P1	SRR5950459	1.149752993629983
NSRP1P1	SRR5950460	1.149752993629983
NSRP1P1	SRR5950461	1.1497815594090803
NSRP1P1	SRR5950462	1.1492630102128836
NSRP1P1	SRR5950463	1.149614382860247
NSRP1P1	SRR5950464	1.149515806070026
NSRP1P1	SRR5950465	1.1449587156171235
NSRP1P1	SRR5950466	1.149801355279094
NSRP1P1	SRR5950467	1.149752993629983
NSRP1P1	SRR5950468	1.149801355279094
NSRP1P1	SRR5950469	1.149639556483191
NSRP1P1	SRR5950470	1.1498700492655702
NSRP1P1	SRR5963912	1.1499000124654937
NSRP1P1	SRR5963913	1.1495224477062624
NSRP1P1	SRR5963914	1.1499000124654937
NSRP1P1	SRR5963915	1.1495611354981103
NSRP1P1	SRR5963916	1.1494121443044876
NSRP1P1	SRR5963917	1.1496993836519698
NSRP1P1	SRR5963918	1.149727479151349
NSRP1P1	SRR5963919	1.1498041981068907
NSRP1P1	SRR5963920	1.149757132515299
NSRP1P1	SRR5963921	1.1498283651018633
NSRP1P1	SRR5963922	1.1496653216499102
NSRP1P1	SRR5963923	1.149727479151349
NSRP1P1	SRR5963924	1.1498041981068907
NSRP1P1	SRR5963925	1.1495224477062624
NSRP1P1	SRR5963926	1.149515806070026
NSRP1P1	SRR5963927	1.1498758641415114
NSRP1P1	SRR5963928	1.1494823274298185
NSRP1P1	SRR5963929	1.149801355279094
NSRP1P1	SRR5963930	1.1493287860193127
NSRP1P1	SRR5963931	1.1499000124654937
NSRP1P1	SRR5963932	1.149757132515299
NSRP1P1	SRR5963933	1.149659680044542
NSRP1P1	SRR5963934	1.1494257243385793
NSRP1P1	SRR5963935	1.1499000124654937
NSRP1P1	SRR5963936	1.1495510677538354
NSRP1P1	SRR5963937	1.1492573238148507
NSRP1P1	SRR5963938	1.149801355279094
NSRP1P1	SRR5963939	1.1498041981068907
NSRP1P1	SRR5963940	1.1498700492655702
NSRP1P1	SRR5963941	1.1499000124654937
NSRP1P1	SRR5963942	1.1499000124654937
NSRP1P1	SRR5963943	1.1498283651018633
NSRP1P1	SRR5963944	1.1499000124654937
NSRP1P1	SRR5963945	1.1498758641415114
NSRP1P1	SRR5963946	1.149801355279094
NSRP1P1	SRR5963947	1.149801355279094
NSRP1P1	SRR5963948	1.149801355279094
NSRP1P1	SRR6467548	2.019612247048136
NSRP1P1	SRR6467549	1.0166333952670563
NSRP1P1	SRR6467550	4.037829385486525
NSRP1P1	SRR6467551	1.0164508190635158
NSRP1P1	SRR6467552	1.0165227814557534
NSRP1P1	SRR6467553	1.031917753407997
NSRP1P1	SRR6467554	1.0225494456218691
NSRP1P1	SRR6467555	1.0144151620441488
NSRP1P1	SRR6467556	1.0118279387635634
NSRP1P1	SRR6467557	1.011419518838626
NSRP1P1	SRR6467558	1.0202167779550353
NSRP1P1	SRR6467559	3.006524872058571
NSRP1P1	SRR6467560	1.0102148863804552
NSRP1P1	SRR6467561	1.0074511140063074
NSRP1P1	SRR6467562	1.003793020797143
NSRP1P1	SRR6467563	1.0061967931686884
NSRP1P1	SRR6467564	2.014622002337164
NSRP1P1	SRR6467565	1.0096995243760967
NSRP1P1	SRR6467566	1.0275298262095158
NSRP1P1	SRR6467567	1.0110728691639104
NSRP1P1	SRR6467568	1.0041019499142785
NSRP1P1	SRR6467569	1.0146397099735318
NSRP1P1	SRR6467570	0.9212370282975713
NSRP1P1	SRR6467571	6.004319106973522
NSRP1P1	SRR6467572	4.024609702550738
NSRP1P1	SRR6467573	2.0135965690314332
NSRP1P1	SRR6467574	1
NSRP1P1	SRR6467575	2.2863878264308672
NSRP1P1	SRR6467576	1.0046747157254012
NSRP1P1	SRR6467577	2.0028804410204066
NSRP1P1	SRR6467578	1.0098738000574858
NSRP1P1	SRR6467579	1.0105838312629851
NSRP1P1	SRR6467580	0.9521925496582391
NSRP1P1	SRR6467581	1.7204139789118171
NSRP1P1	SRR6467582	0.9412318359018896
NSRP1P1	SRR6467583	1
NSRP1P1	SRR6467584	1.0036310190827418
NSRP1P1	SRR6467585	2.903910818119212
NSRP1P1	SRR6467586	2.101754729963013
NSRP1P1	SRR6467587	0.7911079076582958
NSRP1P1	SRR6467588	0.556671230961435
NSRP1P1	SRR6467589	1
NSRP1P1	SRR6467590	3.008290260914171
NSRP1P1	SRR6467591	1.0105196019933347
NSRP1P1	SRR6467592	1.0077795396441576
NSRP1P1	SRR6467593	2.009076574722882
NSRP1P1	SRR6467594	1.470863407875301
NSRP1P1	SRR6467595	1.0021917441245578
NSRP1P1	SRR6467596	5
NSRP1P1	SRR6467597	0.8494164540145718
NSRP1P1	SRR6467598	2.670947760323593
NSRP1P1	SRR6467599	5.018703714680991
NSRP1P1	SRR6467600	3.014455706551692
NSRP1P1	SRR6467601	5.027894086915147
NSRP1P1	SRR6467602	1.909638020477521
NSRP1P1	SRR6467603	2
NSRP1P1	SRR6467604	4.016898942794049
NSRP1P1	SRR6467605	4.014295646389128
NSRP1P1	SRR6467606	1
NSRP1P1	SRR6467607	2
NSRP1P1	SRR6467608	3.0078817544471623
NSRP1P1	SRR6467609	1.0001799142310437
NSRP1P1	SRR6467610	1.0099816979843277
NSRP1P1	SRR6467611	0.8199227173364774
NSRP1P1	SRR6467612	3.0174122566126598
NSRP1P1	SRR6467613	1
NSRP1P1	SRR6467614	2
NSRP1P1	SRR6467615	1.012703741023523
NSRP1P1	SRR6467616	1.0098927550157835
NSRP1P1	SRR6467617	1.0066688641367247
NSRP1P1	SRR6467618	4
NSRP1P1	SRR6467619	7.113115639467849
NSRP1P1	SRR6467620	3.007777513678988
NSRP1P1	SRR6467621	1.005107193890329
NSRP1P1	SRR6467622	1.0150608699717154
NSRP1P1	SRR6467623	1.4368147957988344
NSRP1P1	SRR6467624	2.0003598284620874
NSRP1P1	SRR6467625	1
NSRP1P1	SRR6467626	1
NSRP1P1	SRR6467627	2.0201274951076593
NSRP1P1	SRR6467628	3
NSRP1P1	SRR6467629	2.6255816047218676
NSRP1P1	SRR6467630	2.0014397023245074
NSRP1P1	SRR6467631	2.0017997898095317
NSRP1P1	SRR6467632	1.0071774620660263
NSRP1P1	SRR6467633	2
NSRP1P1	SRR6467634	1.0039962901985677
NSRP1P1	SRR6467635	0.589783091897133
NSRP1P1	SRR6467636	1.0100809623101739
NSRP1P1	SRR6467637	2
NSRP1P1	SRR6467638	2
NSRP1P1	SRR6467639	2.0063370191673306
NSRP1P1	SRR6467640	1.0209184673656215
NSRP1P1	SRR6467641	1.0092827829875564
NSRP1P1	SRR6467642	1.7043118077218096
NSRP1P1	SRR6467643	2.025026001012365
NSRP1P1	SRR6467644	1
NSRP1P1	SRR6467645	1.8599811004320146
NSRP1P1	SRR6467646	1
NSRP1P1	SRR6467647	3.036874409253004
NSRP1P1	SRR6467648	1.005773633988387
NSRP1P1	SRR6467649	1.0052921358977929
NSRP1P1	SRR6467650	1.0054730022593972
NSRP1P1	SRR6467651	2.005826346032734
NSRP1P1	SRR6467652	1.0001799142310437
NSRP1P1	SRR6467653	2.01984491906422
NSRP1P1	SRR6467654	1.0037407429361982
NSRP1P1	SRR6467655	1
NSRP1P1	SRR6467656	0.9459105516422436
NSRP1P1	SRR6467657	2
NSRP1P1	SRR6467658	1
NSRP1P1	SRR6467659	3.9581537014578587
NSRP1P1	SRR6467660	2.013685361053327
NSRP1P1	SRR6467661	0.7029517755044163
NSRP1P1	SRR6467662	0.8946345345337715
NSRP1P1	SRR6467663	2.005581682610789
NSRP1P1	SRR6467664	2.5778293301598163
NSRP1P1	SRR6467665	4
NSRP1P1	SRR6467666	1
NSRP1P1	SRR6467667	3.637938153438405
NSRP1P1	SRR6467668	1.4507331239059111
NSRP1P1	SRR6467669	2
NSRP1P1	SRR6467670	1
NSRP1P1	SRR6467671	1.8682588207780801
NSRP1P1	SRR6467672	1.0088498474584395
NSRP1P1	SRR6467673	1.0095900205975368
NSRP1P1	SRR6467674	1.0062550679746862
NSRP1P1	SRR6467675	4.034567832028037
NSRP1P1	SRR6467676	1.7422438493949974
NSRP1P1	SRR6467677	1
NSRP1P1	SRR6467678	1
NSRP1P1	SRR6467679	2
NSRP1P1	SRR6467680	2.02145868590704
NSRP1P1	SRR6467681	1
NSRP1P1	SRR6467682	2.0119700880123665
NSRP1P1	SRR6467683	2.0223924224196734
NSRP1P1	SRR6467684	2.0051850091193257
NSRP1P1	SRR6467685	1.014095870178947
NSRP1P1	SRR6467686	4.005760882040813
NSRP1P1	SRR6467687	1.9985907270001462
NSRP1P1	SRR6467688	2
NSRP1P1	SRR6467689	1.0099029089915499
NSRP1P1	SRR6467690	3.0164022968633226
NSRP1P1	SRR6467691	3.0166442344106406
NSRP1P1	SRR6467692	3.003015686275408
NSRP1P1	SRR6467693	1.9817503956026317
NSRP1P1	SRR6467694	1.0075707059203194
NSRP1P1	SRR6467695	3.013706987215939
NSRP1P1	SRR6467696	2.025600927377787
NSRP1P1	SRR6467697	1
NSRP1P1	SRR6467698	3.014106566973823
NSRP1P1	SRR6467699	1
NSRP1P1	SRR6467700	1.451805864031657
NSRP1P1	SRR6467701	1
NSRP1P1	SRR6467702	1.014337303678091
NSRP1P1	SRR6467703	1.012335005482347
NSRP1P1	SRR6467704	4.011163365221578
NSRP1P1	SRR6467705	2.013061101690244
NSRP1P1	SRR6467706	2.0369410245723216
NSRP1P1	SRR6467707	2
NSRP1P1	SRR6467708	1.001725803535813
NSRP1P1	SRR6467709	5
NSRP1P1	SRR6467710	3.0026996847142975
NSRP1P1	SRR6467711	2.0027309026642874
NSRP1P1	SRR6467712	1.0112473218896492
NSRP1P1	SRR6467713	3.3782927038714776
NSRP1P1	SRR6467714	3.0179143111804017
NSRP1P1	SRR6467715	6
NSRP1P1	SRR6467716	1
NSRP1P1	SRR6467717	3.0368424376312158
NSRP1P1	SRR6467718	3.046227426513955
NSRP1P1	SRR6467719	5.018022206998675
NSRP1P1	SRR6467720	1
NSRP1P1	SRR6467721	2.0032407877148253
NSRP1P1	SRR6467722	0.9984279500806916
NSRP1P1	SRR6467723	4
NSRP1P1	SRR6467724	3
NSRP1P1	SRR6467725	1
NSRP1P1	SRR6467726	2.3861498355306408
NSRP1P1	SRR6467727	2.004579771497176
NSRP1P1	SRR6467728	3
NSRP1P1	SRR6467729	1.006890324821555
NSRP1P1	SRR6467730	1.0021263776487355
NSRP1P1	SRR6467731	2.01976236737922
NSRP1P1	SRR6467732	0.7076585865016629
NSRP1P1	SRR6467733	2.003451607071626
NSRP1P1	SRR6467734	3.972037159482892
NSRP1P1	SRR6467735	1.0082651845569055
NSRP1P1	SRR6467736	1.0062021778341892
NSRP1P1	SRR6467737	1.0062062904901619
NSRP1P1	SRR6467738	4.001439443324872
NSRP1P1	SRR6467739	2
NSRP1P1	SRR6467740	1.005343007804232
NSRP1P1	SRR6467741	1.0020388684400043
NSRP1P1	SRR6467742	3
NSRP1P1	SRR6467743	1
NSRP1P1	SRR6467744	3
NSRP1P1	SRR6467745	1.000359860831218
NSRP1P1	SRR6467746	1.0079332911520626
NSRP1P1	SRR6467747	0.7037986777892322
NSRP1P1	SRR6467748	0.9507482945464953
NSRP1P1	SRR6467749	1
NSRP1P1	SRR6467750	1.0023720526815605
NSRP1P1	SRR6467751	2.0302358327731524
NSRP1P1	SRR6467752	2.0164290397979516
NSRP1P1	SRR6467753	1.9968403581381011
NSRP1P1	SRR6467754	0.8370445170352886
NSRP1P1	SRR6467755	0.8950139593529768
NSRP1P1	SRR6467756	3.0037802387187362
NSRP1P1	SRR6467757	1
NSRP1P1	SRR6467758	6
NSRP1P1	SRR6467759	1.0056633933586414
NSRP1P1	SRR6467760	1.0077342324655063
NSRP1P1	SRR6467761	1.0036658019973412
NSRP1P1	SRR6467762	1.0050055361428718
NSRP1P1	SRR6467763	1.9142221788488554
NSRP1P1	SRR6467764	0.5656004696610398
NSRP1P1	SRR6467765	2.002486616813296
NSRP1P1	SRR6467766	1.014833528591624
NSRP1P1	SRR6467767	3.0204189757715496
NSRP1P1	SRR6467768	2.0249532620378674
NSRP1P1	SRR6467769	1.0179804857499088
NSRP1P1	SRR6467770	1
NSRP1P1	SRR6467771	3.134909887334697
NSRP1P1	SRR6467772	4.028451738799193
NSRP1P1	SRR6467773	2.0078426603602617
NSRP1P1	SRR6868540	1.014833528591624
NSRP1P1	SRR6868541	1.0278088358193622
NSRP1P1	SRR6868542	1.0479902723259678
NSRP1P1	SRR6868543	3.045888814178266
NSRP1P1	SRR6868544	1.007850668350526
NSRP1P1	SRR6868545	2.0498660311026504
NSRP1P1	SRR6868546	1.0159083502043025
NSRP1P1	SRR6868557	1.0593600439616915
NSRP1P1	SRR6868558	1.0493300957915759
NSRP1P1	SRR6868559	1.0328318116514645
NSRP1P1	SRR6868560	1.0099883345290224
NSRP1P1	SRR6868569	1.0619340218072668
NSRP1P1	SRR6868570	1.021819771575531
NSRP1P1	SRR6868571	1.0447440906857468
NSRP1P1	SRR6868572	1.0118502062800996
NSRP1P1	SRR6868573	1.0412832207034761
NSRP1P1	SRR6868574	1.012246901299347
NSRP1P1	SRR6868575	2.051993963508889
NSRP1P1	SRR6868576	1.0160012233415483
NSRP1P1	SRR6868577	1.0327907588593586
NSRP1P1	SRR6868578	1.0155770602095007
NSRP1P1	SRR6868579	1.0440699430515605
NSRP1P1	SRR6868580	1.010777171167205
NSRP1P1	SRR6868581	1.03420300501297
NSRP1P1	SRR6868582	1.0329389684351513
NSRP1P1	SRR6868585	1.0223918119367361
NSRP1P1	SRR6868586	1.0597439032108176
NSRP1P1	SRR6868587	2.120122820971492
NSRP1P1	SRR6868588	2.014392353762909
NSRP1P1	SRR6868589	1.011034509868234
NSRP1P1	SRR6868590	1.0323588353795468
NSRP1P1	SRR6868591	2.0262519433803727
NSRP1P1	SRR6868604	1.0759055098033201
NSRP1P1	SRR6868605	1.032097998410507
NSRP1P1	SRR6868606	1.041059675092619
NSRP1P1	SRR6868607	1.034652621245776
NSRP1P1	SRR6868608	1.0244646566921864
NSRP1P1	SRR6868609	2.0883830509912658
NSRP1P1	SRR6868610	1.0393379767471147
NSRP1P1	SRR6868620	2.0227966831746906
NSRP1P1	SRR6868621	1.0220565106412052
NSRP1P1	SRR6868622	1.024234840404088
NSRP1P1	SRR6868623	1.0549853092368588
NSRP1P1	SRR6868636	1.0440226673600839
NSRP1P1	SRR6868637	1.0261125159944735
NSRP1P1	SRR6868638	1.0463813724818791
NSRP1P1	SRR6868639	1.0108348986886093
NSRP1P1	SRR6868650	2.0796637104046134
NSRP1P1	SRR6868651	1.0291416181729598
NSRP1P1	SRR6868652	1.0307116122012634
NSRP1P1	SRR6868653	1.018954738657396
NSRP1P1	SRR6868654	1.0151196581488149
NSRP1P1	SRR6868655	1.0354304322438237
NSRP1P1	SRR6868665	1.014468461127958
NSRP1P1	SRR6868666	1.0102626902497998
NSRP1P1	SRR6868667	1.0115422842820772
NSRP1P1	SRR6868668	1.007478603420533
NSRP1P1	SRR6868669	1.0076418198872807
NSRP1P1	SRR6868670	1.0180906480316751
NSRP1P1	SRR6868671	1.0146307116837765
NSRP1P1	SRR6868683	1.012819876849361
NSRP1P1	SRR6868684	1.0157800653166706
NSRP1P1	SRR6868685	2.0433180813747613
NSRP1P1	SRR6868686	1.010324162018174
NSRP1P1	SRR6868687	1.0281563268719116
NSRP1P1	SRR6868688	1.0273883935521193
NSRP1P1	SRR6868689	1.014875304095207
NSRP1P1	SRR6868698	1.0183812775740588
NSRP1P1	SRR6868699	1.0070578570789335
NSRP1P1	SRR6868700	1.0161535101018604
NSRP1P1	SRR6868701	1.0106090201717064
NSRP1P1	SRR6868702	1.007687418054785
NSRP1P1	SRR6868713	1.010478873419224
NSRP1P1	SRR6868714	2.037390819675887
NSRP1P1	SRR6868715	1.0083404689188882
NSRP1P1	SRR6868716	2.0134380010547583
NSRP1P1	SRR6868717	1.0103010202621463
NSRP1P1	SRR6868718	1.0039004111898113
NSRP1P1	SRR6868719	2.0032407877148253
NSRP1P1	SRR6868720	2.0101339648074408
NSRP1P1	SRR6868721	1.0112987110891343
NSRP1P1	SRR6868722	1.0169002351863679
NSRP1P1	SRR6868723	1.0196540145226427
NSRP1P1	SRR6868724	1.0097443440669194
NSRP1P1	SRR6868725	1.0041769234190894
NSRP1P1	SRR6868726	1.0024121563473647
NSRP1P1	SRR6868741	1.0145442086713796
NSRP1P1	SRR7632756	2.016516216101597
NSRP1P1	SRR7632757	1.0277332860513113
NSRP1P1	SRR7632758	2.02126564191182
NSRP1P1	SRR7632759	1.0297749607877074
NSRP1P1	SRR7632760	4.081067603697736
NSRP1P1	SRR7632761	2.014301201885531
NSRP1P1	SRR7632762	1.0486325447319236
NSRP1P1	SRR7632763	1.0163814821934867
NSRP1P1	SRR7632764	1.0369890422143389
NSRP1P1	SRR7632765	1.0026272514823873
NSRP1P1	SRR7632766	1.0311142484945626
NSRP1P1	SRR7632767	1.0023720526815605
NSRP1P1	SRR7632768	3.048564509625553
NSRP1P1	SRR7632769	1.011477121008053
NSRP1P1	SRR7632770	1.0082791178455617
NSRP1P1	SRR7632771	1.0259548134634506
NSRP1P1	SRR7632772	3.057493612925711
NSRP1P1	SRR7632773	4.021714666573752
NSRP1P1	SRR7632774	4.025388234481249
NSRP1P1	SRR7632775	2.0449363021895284
NSRP1P1	SRR7632776	1.0378886530168419
NSRP1P1	SRR7632777	1.0240596389952048
NSRP1P1	SRR7632778	1.0041769234190894
NSRP1P1	SRR7632779	1.0261166053511217
NSRP1P1	SRR7632780	1.003693247674031
NSRP1P1	SRR7632781	1.061425531429259
NSRP1P1	SRR7632782	1.013677337507708
NSRP1P1	SRR7632783	2.0146781133142464
NSRP1P1	SRR7632784	2.0174017704978233
NSRP1P1	SRR7632785	1.0071774620660263
NSRP1P1	SRR7632786	1.0414066016427272
NSRP1P1	SRR7632787	2.0078279802456036
NSRP1P1	SRR7632788	2.004533149999212
NSRP1P1	SRR7632789	1.0181424053950652
NSRP1P1	SRR7632790	1.0098238663156869
NSRP1P1	SRR7632791	2.0894848973951223
NSRP1P1	SRR7632792	1.0072973762876458
NSRP1P1	SRR7632793	1.01210658739326
NSRP1P1	SRR7632794	3.020843311846087
NSRP1P1	SRR7632795	1.0032266090038542
NSRP1P1	SRR7632796	1.0171842304100507
NSRP1P1	SRR7632797	1.1507956722511705
NSRP1P1	SRR7632798	1.0057289905461357
NSRP1P1	SRR7632799	1.0307842771739868
NSRP1P1	SRR7632800	1.0149717126681794
NSRP1P1	SRR7632801	1.0052614054151265
NSRP1P1	SRR7632802	2.0699910613560504
NSRP1P1	SRR7632803	1.0239958477751991
NSRP1P1	SRR7632804	1.0404738790189818
NSRP1P1	SRR7632805	1.003093611368694
NSRP1P1	SRR7632806	1.0046132934463576
NSRP1P1	SRR7632807	2.0174345410032393
NSRP1P1	SRR7632808	1.0082207258216564
NSRP1P1	SRR7632809	1.0487771640238053
NSRP1P1	SRR7632810	2.0083456381154536
NSRP1P1	SRR7632811	2.0136138369148737
NSRP1P1	SRR7632812	2.0143667240660657
NSRP1P1	SRR7632813	2.0124185923641216
NSRP1P1	SRR7632814	1.0035601881766363
NSRP1P1	SRR7632815	4.031482243386615
NSRP1P1	SRR7632816	2.15056363034112
NSRP1P1	SRR7632817	1.041586150859103
NSRP1P1	SRR7632818	1.0054254250297385
NSRP1P1	SRR7632819	1.002446897019748
NSRP1P1	SRR7632820	2.013769493996914
NSRP1P1	SRR7632821	1.001725803535813
NSRP1P1	SRR7632822	1.0125834797761897
NSRP1P1	SRR7632823	3.0110390151804034
NSRP1P1	SRR7632824	1.0045743716929838
NSRP1P1	SRR7632825	1.0028076383933613
NSRP1P1	SRR7632826	1.0006451357681576
NSRP1P1	SRR7632827	1.0547962882986262
NSRP1P1	SRR7632828	1.0259969817544445
NSRP1P1	SRR7632829	1.014492055668809
NSRP1P1	SRR7632830	2.0968939086457277
NSRP1P1	SRR7632831	2.0185574434331706
NSRP1P1	SRR7632832	1.014555769133056
NSRP1P1	SRR7632833	1.0517370367415053
NSRP1P1	SRR7632834	1.0291896194546106
NSRP1P1	SRR7632835	1.1099100147247651
NSRP1P1	SRR7632836	1.0149370565287317
NSRP1P1	SRR7632837	1.0064500155939855
NSRP1P1	SRR7632838	1.0251559439709568
NSRP1P1	SRR7632839	1.011487837523035
NSRP1P1	SRR7632840	1.0305733450818257
NSRP1P1	SRR7632841	2.2385121973421565
NSRP1P1	SRR7632842	2.0037236998613834
NSRP1P1	SRR7632843	1.0375153886962647
NSRP1P1	SRR7632844	1.0396314006495406
NSRP1P1	SRR7632845	2.0100110722857436
NSRP1P1	SRR7632846	1.0494904998299905
NSRP1P1	SRR7632847	1.0235272533915285
NSRP1P1	SRR7632848	1.0091302469862462
NSRP1P1	SRR7632849	2.022769322842148
NSRP1P1	SRR7632850	1.0128856441720862
NSRP1P1	SRR7632851	1.0101118401249758
NSRP1P1	SRR7632852	1.001260079572912
NSRP1P1	SRR7632853	1.0050776310038234
NSRP1P1	SRR7632854	2.0132065388746647
NSRP1P1	SRR7632855	1
NSRP1P1	SRR7632856	1.0064837326371328
NSRP1P1	SRR7632857	2.1471529089527257
NSRP1P1	SRR7632858	1.0371579517056881
NSRP1P1	SRR7632859	2.0792622245181303
NSRP1P1	SRR7632860	3.226062160102398
NSRP1P1	SRR7632861	1.0543822488477879
NSRP1P1	SRR7632862	3.1054207468943686
NSRP1P1	SRR7632863	1.127463190129664
NSRP1P1	SRR7632864	1.1215525506364097
NSRP1P1	SRR7632865	2.0029270240796104
NSRP1P1	SRR7632866	1.0056633933586414
NSRP1P1	SRR7632867	1.0102904255521574
NSRP1P1	SRR7632868	1.0256287182392447
NSRP1P1	SRR7632869	1.0244411302643486
NSRP1P1	SRR7632870	1.0037988754978042
NSRP1P1	SRR7632871	1.050989678803295
NSRP1P1	SRR7632872	1.0322124653187648
NSRP1P1	SRR7632873	1.004207620749528
NSRP1P1	SRR7632874	1.0026579014399075
NSRP1P1	SRR7632875	1.001651013035654
NSRP1P1	SRR7632876	1.0141700299218512
NSRP1P1	SRR7632877	3.123298908151781
NSRP1P1	SRR7632878	1.0220802210253883
NSRP1P1	SRR7632879	1.002266574999606
NSRP1P1	SRR7632880	2.0350826774248705
NSRP1P1	SRR7632881	2.02751276977561
NSRP1P1	SRR7632882	2.0477615291906734
NSRP1P1	SRR7632883	1.02247906372491
NSRP1P1	SRR7632884	1.0337064082418486
NSRP1P1	SRR7632885	3.0149121203958478
NSRP1P1	SRR7632886	1.0323024876429643
NSRP1P1	SRR7632887	1.0101074156533363
NSRP1P1	SRR7632888	1.0379768225769255
NSRP1P1	SRR7632889	1.0341992789721208
NSRP1P1	SRR7632890	2.2041273184184322
NSRP1P1	SRR7632891	1.0470515559564515
NSRP1P1	SRR7632892	1.0058318842867344
NSRP1P1	SRR7632893	2.076272650542794
NSRP1P1	SRR7632894	2.0941151493068806
NSRP1P1	SRR7632895	1.0115917091074564
NSRP1P1	SRR7632896	1.0226482273167283
NSRP1P1	SRR7632897	1.0040851311465162
NSRP1P1	SRR7632898	2.007473280715262
NSRP1P1	SRR7632899	3.020855658956402
NSRP1P1	SRR7632900	1.0066648133839482
NSRP1P1	SRR7632901	2.0127219308044983
NSRP1P1	SRR7632902	1.0438042739415248
NSRP1P1	SRR7632903	1.0043989334008585
NSRP1P1	SRR7632904	2.1052390868400237
NSRP1P1	SRR7632905	1.0931759253599354
NSRP1P1	SRR7632906	1.0165025853468879
NSRP1P1	SRR7632907	2.0554508198162207
NSRP1P1	SRR7632908	2.008014072012649
NSRP1P1	SRR7632909	1.0034545854694705
NSRP1P1	SRR7632910	1.0380077298103303
NSRP1P1	SRR7632911	1.0129842553236308
NSRP1P1	SRR7632912	1.0156327587698157
NSRP1P1	SRR7632913	3.1761673300153026
NSRP1P1	SRR7632914	2.062344544727043
NSRP1P1	SRR7632915	1.044956647947262
NSRP1P1	SRR7632916	1.0198845286602736
NSRP1P1	SRR7632917	1.0523945550985883
NSRP1P1	SRR7632918	1.0258468542129664
NSRP1P1	SRR7632919	1.008734166859293
NSRP1P1	SRR7632920	1.0115831117977676
NSRP1P1	SRR7632921	2.0243147965062533
NSRP1P1	SRR7632922	1.0086992082960846
NSRP1P1	SRR7632923	2.0209500877023086
NSRP1P1	SRR7632924	1.029495742835047
NSRP1P1	SRR7632925	1.0350871842259233
NSRP1P1	SRR7632926	1.0184989436426726
NSRP1P1	SRR7632927	2.041037668460834
NSRP1P1	SRR7632928	2.006609503830704
NSRP1P1	SRR7632929	1.0407855332953868
NSRP1P1	SRR7632930	1.0008998949047658
NSRP1P1	SRR7632931	2.0014397023245074
NSRP1P1	SRR7632932	2.051385259178456
NSRP1P1	SRR7632933	3.063833176310646
NSRP1P1	SRR7632934	2.0087765839828466
NSRP1P1	SRR7632935	1.0101118401249758
NSRP1P1	SRR7632936	1.0210525182035715
NSRP1P1	SRR7632937	3.0434412235805692
NSRP1P1	SRR7632938	2.053352302106612
NSRP1P1	SRR7632939	2.056207519960769
NSRP1P1	SRR7632940	2.0131030492830826
NSRP1P1	SRR7632941	1.0214750661913161
NSRP1P1	SRR7632942	2.0716945854554027
NSRP1P1	SRR7632943	2
NSRP1P1	SRR7632944	1.0183845609590005
NSRP1P1	SRR7632945	3
NSRP1P1	SRR8928966	2.0178040118116267
NSRP1P1	SRR8928967	5.087235742741976
NSRP1P1	SRR8928968	4.033430617219942
NSRP1P1	SRR8928969	3.0252472767064367
NSRP1P1	SRR8928970	1.0097790430950968
NSRP1P1	SRR8928971	5.039067982041336
NSRP1P1	SRR8928972	3.165318815113446
NSRP1P1	SRR8928973	3.01804738983067
NSRP1P1	SRR8928974	1.0870766859358787
NSRP1P1	SRR8928975	1.0434971814877207
NSRP1P1	SRR8928976	1.0433938336486428
NSRP1P1	SRR8928977	8.158177010634718
NSRP1P1	SRR8928978	13.245823143231906
NSRP1P1	SRR8928979	1.0197172970945956
NSRP1P1	SRR8928980	1.016019416300132
NSRP1P1	SRR8928981	11.130033175000491
NSRP1P1	SRR8928982	1.0114917814411697
NSRP1P1	SRR8928983	8.015846702439289
NSRP1P1	SRR8928984	7.0395773081300375
NSRP1P1	SRR8928985	3.051169101638567
NSRP1P1	SRR8928986	5.0455349551607895
NSRP1P1	SRR8928987	12
NSRP1P1	SRR8928988	29
NSRP1P1	SRR8928989	11.198530419922815
NSRP1P1	SRR8928990	6.063673670987678
NSRP1P1	SRR8928991	16.288184428307623
NSRP1P1	SRR9835604	1.0144341794778586
NSRP1P1	SRR9835605	1.0056231596200704
NSRP1P1	SRR9835606	2.0044111869678134
NSRP1P1	SRR9835607	2.0184971012268687
NSRP1P1	SRR9835608	1.0149850838535093
NSRP1P1	SRR9835609	2
NSRP1P1	SRR9835610	2.009376610263541
NSRP1P1	SRR9835611	5.00555286848709
NSRP1P1	SRR9835612	2.005481550788108
NSRP1P1	SRR9835613	1.005971437060134
NSRP1P1	SRR9835614	1.0101757476044517
NSRP1P1	SRR9835615	2.079369299765199
NSRP1P1	SRR9835616	2.014999903671348
NSRP1P1	SRR9835617	1.0233696860167032
NSRP1P1	SRR9835618	2.010795863974406
NSRP1P1	SRR9835619	4
NSRP1P1	SRR9835620	1.004899781344521
NSRP1P1	SRR9835621	1.0066648133839482
NSRP1P1	SRR9835622	4.011091540876683
NSRP1P1	SRR9835623	3.000539742693131
NSRP1P1	SRR9835624	2.044422994616302
NSRP1P1	SRR9835625	1.0031791380696085
NSRP1P1	SRR9835626	4.0308682308174175
NSRP1P1	SRR9835627	2.0041725708322518
NSRP1P1	SRR9835628	1.007245300796782
NSRP1P1	SRR9835629	2.0410203309024597
NSRP1P1	SRR9835630	4.22295704407213
NSRP1P1	SRR9835631	1.0808176609581337
NSRP1P1	SRR9835632	2.004682822924136
NSRP1P1	SRR9835633	1.0075707059203194
NSRP1P1	SRR9835634	1.0063884847793512
NSRP1P1	SRR9835635	1.0098927550157835
NSRP1P1	SRR9835636	2.0041054313735067
NSRP1P1	SRR9835637	2.0090429225700004
NSRP1P1	SRR9835638	1.009908799328608
NSRP1P1	SRR9835639	1.010581897159914
NSRP1P1	SRR9835640	3.0501835148312932
NSRP1P1	SRR9835641	1.0039213301801309
NSRP1P1	SRR9835642	1.0059099355041081
NSRP1P1	SRR9835643	1.0038517478455666
NSRP1P1	SRR9835644	1.0032974163660653
NSRP1P1	SRR9835645	2.059306821243884
NSRP1P1	SRR9835646	1.0094602413506888
NSRP1P1	SRR9835647	1.0024301059742207
NSRP1P1	SRR9835648	3.0908634454683654
NSRP1P1	SRR9835649	2.0239087693770186
NSRP1P1	SRR9835650	1.0038431392461147
NSRP1P1	SRR9835651	2.0014397023245074
NSRP1P1	SRR9835652	1.016019416300132
NSRP1P1	SRR9835653	4.011163365221578
NSRP1P1	SRR9835654	2.0203514952089034
NSRP1P1	SRR9835655	1.0051695140095571
NSRP1P1	SRR9835656	1.0027021148755608
NSRP1P1	SRR9835657	2.030237825908342
NSRP1P1	SRR9835658	2.004022936003591
NSRP1P1	SRR9835659	1.0060465501543596
NSRP1P1	SRR9835660	2.0152924671182397
NSRP1P1	SRR9835661	1.0040544375604268
NSRP1P1	SRR9835662	1.01230819730448
NSRP1P1	SRR9835663	1.0203073606491269
NSRP1P1	SRR9835664	2.003451607071626
NSRP1P1	SRR9835665	2.008381600423546
NSRP1P1	SRR9835666	4
NSRP1P1	SRR9835667	1.008442463999566
NSRP1P1	SRR9835668	1
NSRP1P1	SRR9835669	7.186261576628599
NSRP1P1	SRR9835670	3.0418340638944366
NSRP1P1	SRR9835671	1.013598089847048
NSRP1P1	SRR9835672	2.0035676388007277
NSRP1P1	SRR9835673	2.045643925767389
NSRP1P1	SRR9835674	8.00431871845077
NSRP1P1	SRR9835675	3.016193795961609
NSRP1P1	SRR9835676	1.0891346753691427
NSRP1P1	SRR9835677	4.01063160575963
NSRP1P1	SRR9835678	2.012181826033307
NSRP1P1	SRR9835679	2.895448089884769
NSRP1P1	SRR9835680	2.0490370135679346
NSRP1P1	SRR9835681	1.0030493806702814
NSRP1P1	SRR9835682	1.0607053518911023
NSRP1P1	SRR9835683	2.0126886473483316
NSRP1P1	SRR9835684	14.354215092091248
NSRP1P1	SRR9835685	2.0102503835513925
NSRP1P1	SRR9835686	1.0135335602212565
NSRP1P1	SRR9835687	1.0047021889912742
NSRP1P1	SRR9835688	3
NSRP1P1	SRR9835689	2.014778924439725
NSRP1P1	SRR9835690	3.0060344040053866
NSRP1P1	SRR9835691	2.018037744503306
NSRP1P1	SRR9835692	1.0183852731914698
NSRP1P1	SRR9835693	3.0122553934395486
NSRP1P1	SRR9835694	3.03132357929917
NSRP1P1	SRR9835695	1.005230970296049
NSRP1P1	SRR9835696	3.0296559341484133
NSRP1P1	SRR9835697	2.0103273026291744
NSRP1P1	SRR9835698	1.0010052287584692
NSRP1P1	SRR9835699	1.0016203938574126
NSRP1P1	SRR9835700	1.002266574999606
NSRP1P1	SRR9835701	2.005661923452827
NSRP1P1	SRR9835702	6
NSRP1P1	SRR9835703	1.0010799710397094
NSRP1P1	SRR9835704	1.0046652924666128
NSRP1P1	SRR9835705	1.0039962901985677
NSRP1P1	SRR9835706	1.0792635155154793
NSRP1P1	SRR9835707	2.002221147394836
NSRP1P1	SRR9835708	1.001063202890274
NSRP1P1	SRR9835709	1.000465137852195
NSRP1P1	SRR9835710	1.0145636581420703
NSRP1P1	SRR9835711	5.002214243457739
NSRP1P1	SRR9835712	1.0025217469463543
NSRP1P1	SRR9835713	2.0038120565269457
NSRP1P1	SRR9835714	4.006182444909256
NSRP1P1	SRR9835715	1.0051621648262732
NSRP1P1	SRR9835716	2.005976115517015
NSRP1P1	SRR9835717	2.006909170938941
NSRP1P1	SRR9835718	1.0156196005253904
NSRP1P1	SRR9835719	1.0088403251851141
NSRP1P1	SRR9835720	2.0125988800636607
NSRP1P1	SRR9835721	1.0152841125038419
NSRP1P1	SRR9835722	1.0232142122054655
NSRP1P1	SRR9835723	2
NSRP1P1	SRR9835724	3.0211735712368006
NSRP1P1	SRR9835725	1.027861673410901
NSRP1P1	SRR9835726	1.0007198511622537
NSRP1P1	SRR9835727	2.013819255124653
NSRP1P1	SRR9835728	1.041000135876921
NSRP1P1	SRR9835729	2.0064868267821567
NSRP1P1	SRR9835730	5.019760098485875
NSRP1P1	SRR9835731	3.1534218311088162
NSRP1P1	SRR9835732	3.0141889890252473
NSRP1P1	SRR9835733	1.004507579922951
NSRP1P1	SRR9835734	4.010509005929549
NSRP1P1	SRR9835735	1.0018312243074385
NSRP1P1	SRR9835736	1.012260593128426
NSRP1P1	SRR9835737	2.004338224247538
NSRP1P1	SRR9835738	1.0018005996203712
NSRP1P1	SRR9835739	2.0552355694858697
NSRP1P1	SRR9835740	4.120948513161462
NSRP1P1	SRR9835741	3.0160290234126963
NSRP1P1	SRR9835742	1.018922412576946
NSRP1P1	SRR9835743	1.0344788269959917
NSRP1P1	SRR9835744	1.0058655806218886
NSRP1P1	SRR9835745	1.0226611988789944
NSRP1P1	SRR9835746	2.0222265218990247
NSRP1P1	SRR9835747	1.0053946904725954
NSRP1P1	SRR9835748	1.0308527658417086
NSRP1P1	SRR9835749	2
NSRP1P1	SRR9835750	2.016835971599594
NSRP1P1	SRR9835751	2.01659863510997
NSRP1P1	SRR9835752	2.0819420009744323
NSRP1P1	SRR9835753	2.0219792658212135
NSRP1P1	SRR9835754	3.0040963539964314
NSRP1P1	SRR9835755	1.0150098638350933
NSRP1P1	SRR9835756	1.0468852163311182
NSRP1P1	SRR9835757	1.0040544375604268
NSRP1P1	SRR9835758	2.011697464626413
NSRP1P1	SRR9835759	2.0132959033761386
NSRP1P1	SRR9835760	2
NSRP1P1	SRR9835761	2.0003598284620874
NSRP1P1	SRR9835762	1.102947594059923
NSRP1P1	SRR9835763	1.002940598112091
NSRP1P1	SRR9835764	2.0054655342432564
NSRP1P1	SRR9835765	8.186953285641403
NSRP1P1	SRR9835766	1.0265328399469198
NSRP1P1	SRR9835767	2.074908694576575
NSRP1P1	SRR9835768	1
NSRP1P1	SRR9835769	1
NSRP1P1	SRR9835770	1.0202737577318615
NSRP1P1	SRR9835771	1.0054836551612463
NSRP1P1	SRR9835772	3.03826847642174
NSRP1P1	SRR9835773	5
NSRP1P1	SRR9835774	1.035585837974875
NSRP1P1	SRR9835775	1.0051863509411016
NSRP1P1	SRR9835776	1.0032740821844481
NSRP1P1	SRR9835777	1.002446897019748
NSRP1P1	SRR9835778	1.0042826021444868
NSRP1P1	SRR9835779	2.014204529072105
NSRP1P1	SRR9835780	1.0016036166558628
NSRP1P1	SRR9835781	1.025583100340115
NSRP1P1	SRR9835782	1.0050637419561312
NSRP1P1	SRR9835783	3
NSRP1P1	SRR9835784	1.0041462270270287
NSRP1P1	SRR9835785	1.0441860904847313
NSRP1P1	SRR9835786	1.009929843520005
NSRP1P1	SRR9835787	2.0057927483213778
NSRP1P1	SRR9835788	3.005044899449739
NSRP1P1	SRR9835789	1
NSRP1P1	SRR9835790	1.0072834565655588
NSRP1P1	SRR9835791	1.0278656241323514
NSRP1P1	SRR9835792	4.973576556413149
NSRP1P1	SRR9835793	3.0061568525389353
NSRP1P1	SRR9835794	1.0001799142310437
NSRP1P1	SRR9835795	1.0573932890447866
NSRP1P1	SRR9835796	2.0115905418514326
NSRP1P1	SRR9835797	3
NSRP1P1	SRR9835798	3.004861181572238
NSRP1P1	SRR9835799	3.0061166053200132
NSRP1P1	SRR9835800	3.0035559715334164
NSRP1P1	SRR9835801	2.0101339648074408
NSRP1P1	SRR9835802	1.004026982007113
NSRP1P1	SRR9867812	3.167573265086595
NSRP1P1	SRR9867813	8.040541319478951
NSRP1P1	SRR9867814	4.128069761065915
NSRP1P1	SRR9867815	12.485875517391877
NSRP1P1	SRR9867816	15
NSRP1P1	SRR9867817	8.104554243324284
NSRP1P1	SRR9867818	12
NSRP1P1	SRR9867819	1.0365871752587312
NSRP1P1	SRR9867820	8
NSRP1P1	SRR9867821	13
NSRP1P1	SRR9867822	5.051243647751967
NSRP1P1	SRR9867823	5.689941548740257
NSRP1P1	SRR9867824	9.602331864014468
NSRP1P1	SRR9867825	3.611430638475554
NSRP1P1	SRR9867826	5.336824383498506
NSRP1P1	SRR9867827	4.957092483417688
NSRP1P1	SRR9867828	8.08632911335347
NSRP1P1	SRR9867829	11.513247212479433
NSRP1P1	SRR9867830	5
NSRP1P1	SRR9867831	9.778439989855936
NSRP1P1	SRR9879292	6.377502167388762
NSRP1P1	SRR9879293	5.07277884566528
NSRP1P1	SRR9879294	3.0602064493566936
NSRP1P1	SRR9879295	1.0197229922840128
NSRP1P1	SRR9879296	6.071851616697824
NSRP1P1	SRR9879297	3.0464806634714505
NSRP1P1	SRR9879298	3.031961640702789
NSRP1P1	SRR9879299	6.017479038098202
NSRP1P1	SRR9879300	4.058643410985179
NSRP1P1	SRR9879301	7.0025190258185255
NSRP1P1	SRR9879302	5.051707205780673
NSRP1P1	SRR9879303	4.0167076936763575
NSRP1P1	SRR9879304	8.133647729243606
NSRP1P1	SRR9879305	8.080645331723616
NSRP1P1	SRR9879306	10
NSRP1P1	SRR9879307	5.7487260169546115
NSRP1P1	SRR9879308	7.079692629947518
NSRP1P1	SRR9879309	3.031970528074973
NSRP1P1	T50_307	5.026835991352433
NSRP1P1	T50_313	3.048058248900396
NSRP1P1	T50_317	1.0164068767314205
NSRP1P1	T50_324	1.0105775508373083
NSRP1P1	T50_427	1.0156539222354464
NSRP1P1	T50_428	3.0196230048326895
NSRP1P1	T50_431	2.0094994639940897
NSRP1P1	T50_436	1.0071833620330328
NSRP1P1	T50_476	1.0072834565655588
NSRP1P1	UN_307	1.0128719438885714
NSRP1P1	UN_313	2.0278973439507664
NSRP1P1	UN_317	2.015999433602552
NSRP1P1	UN_323	3.027139392931112
NSRP1P1	UN_324	1.0213963291259884
NSRP1P1	UN_427	1.007704297162079
NSRP1P1	UN_428	3.029668125283957
NSRP1P1	UN_431	2.018213982064316
NSRP1P1	UN_436	1.0071022645360526
NSRP1P1	UN_476	1.0088711650740816
