Gene	sample	counts
RP11-959F10.4	CM317	1.052160686909921
RP11-959F10.4	CMCD140	1.0094128350688558
RP11-959F10.4	CMCD147	1.0404565910580479
RP11-959F10.4	CMCD152	1
RP11-959F10.4	CMCD154	1.0098993269771894
RP11-959F10.4	CMCD159	1.0863042186135794
RP11-959F10.4	CMCD161	1.0030629480920839
RP11-959F10.4	CMCD174	1.092629434806816
RP11-959F10.4	CMCD196	1.0091897168260358
RP11-959F10.4	CMCD198	1.029495742835047
RP11-959F10.4	CMCD203	1.0032393128452408
RP11-959F10.4	CMCD211	0.8033786974576899
RP11-959F10.4	CMCD227	0.8221105025334557
RP11-959F10.4	CMCD240	0.9299660389313402
RP11-959F10.4	CMCD259	2
RP11-959F10.4	CMCD270	1.0051908134952228
RP11-959F10.4	CMCD275	1.008539072196977
RP11-959F10.4	CMCD282	1.0131607869251968
RP11-959F10.4	CMCD286	0.9425038392922207
RP11-959F10.4	CMCD287	1
RP11-959F10.4	CMCD294	1.0639520056991958
RP11-959F10.4	CMCD327	1.0051387872752835
RP11-959F10.4	CMCD335	1.0047054282731729
RP11-959F10.4	CMCD337	2.0133486302459707
RP11-959F10.4	CMCD357	1.0211504641864628
RP11-959F10.4	CMCD398	3.0180070731040813
RP11-959F10.4	CMCD403	1.0071810043238532
RP11-959F10.4	CMCD422	1.0020862854161259
RP11-959F10.4	CMCD426	1.1140469611806236
RP11-959F10.4	CMCD71	1.0063862990277392
RP11-959F10.4	CMCD72	1.1510750061651915
RP11-959F10.4	CMCD76	3.006891641794124
RP11-959F10.4	CMCD88	1.0001799142310437
RP11-959F10.4	CMSA256	1
RP11-959F10.4	CMSA316	3.0244635343751005
RP11-959F10.4	CMUC110	2
RP11-959F10.4	CMUC192	1.0134604497462807
RP11-959F10.4	CMUC199	1.0281874054164815
RP11-959F10.4	CMUC200	2.004682822924136
RP11-959F10.4	CMUC208	3.0073406910592437
RP11-959F10.4	CMUC231	1
RP11-959F10.4	CMUC234	1
RP11-959F10.4	CMUC285	1.0111269374447733
RP11-959F10.4	CMUC291	1.0066043693551068
RP11-959F10.4	CMUC295	1.0008998949047658
RP11-959F10.4	CMUC299	1.0029270323451933
RP11-959F10.4	CMUC301	1.0005398398063463
RP11-959F10.4	CMUC307	1.0027601872840743
RP11-959F10.4	CMUC313	1.0420413939922741
RP11-959F10.4	CMUC314	1.055846512835873
RP11-959F10.4	CMUC323	1.0241049068913428
RP11-959F10.4	CMUC324	2.0017997898095317
RP11-959F10.4	CMUC331	1.0091574614003984
RP11-959F10.4	CMUC333	1.0232387540038606
RP11-959F10.4	CMUC334	1.0150130071590526
RP11-959F10.4	CMUC346	1.0108493839910517
RP11-959F10.4	CMUC352	1.00605396549271
RP11-959F10.4	CMUC360	1.0014402205102033
RP11-959F10.4	CMUC363	1.0263755677043285
RP11-959F10.4	CMUC365	1.0066923410699051
RP11-959F10.4	CMUC366	1.0033489938746742
RP11-959F10.4	CMUC368	3
RP11-959F10.4	CMUC377	1.0040818938645244
RP11-959F10.4	CMUC379	1.0708063663103926
RP11-959F10.4	CMUC380	1.01827642435426
RP11-959F10.4	CMUC383	2.0285719532928224
RP11-959F10.4	CMUC394	5.03810846565875
RP11-959F10.4	CMUC419	1.0249492522957178
RP11-959F10.4	CMUC427	2
RP11-959F10.4	CMUC428	1.0063470586203123
RP11-959F10.4	CMUC431	1.0018586198168056
RP11-959F10.4	CMUC435	1.0050194243862136
RP11-959F10.4	CMUC439	1.0064361075814747
RP11-959F10.4	CMUC89	1
RP11-959F10.4	CS219	1.0024775414638962
RP11-959F10.4	CS256	1.002289885748588
RP11-959F10.4	CS257	1.0944271775349645
RP11-959F10.4	CS259	4.006182444909256
RP11-959F10.4	CS261	1.0238230356839277
RP11-959F10.4	CS266	1.0357806251843706
RP11-959F10.4	CS270	1.0130095040631752
RP11-959F10.4	CS277	0.964744493942961
RP11-959F10.4	CS288	1.009015728155811
RP11-959F10.4	CS290	1.0079916665289268
RP11-959F10.4	CS292	1.0139795313343294
RP11-959F10.4	CS293	1.016848591736414
RP11-959F10.4	CS301	1.0267458436587589
RP11-959F10.4	CS306	1.0388615456941386
RP11-959F10.4	CS308	1.0265766152062068
RP11-959F10.4	CS315	1.028018282586956
RP11-959F10.4	CS317	1.0722984600508352
RP11-959F10.4	CS322	4.053674929930455
RP11-959F10.4	CS327	2.009520754471813
RP11-959F10.4	CS328	1.0566294945036847
RP11-959F10.4	CS330	1.0768616883015538
RP11-959F10.4	CS331	1.0187996043213206
RP11-959F10.4	CS335	2.5240603463619813
RP11-959F10.4	CS338	1.030832702181411
RP11-959F10.4	CS339	1.1707547739034676
RP11-959F10.4	CS343	2.0161578239049964
RP11-959F10.4	CS344	1.014131256091266
RP11-959F10.4	CS350	1.0232380192782662
RP11-959F10.4	CS351	1.008311894542825
RP11-959F10.4	CS361	1.0239903938396149
RP11-959F10.4	CS388	1.034963282410878
RP11-959F10.4	CS396	1.01090379638317
RP11-959F10.4	CS405	1.0253724548654906
RP11-959F10.4	CS415	1.0768988297741249
RP11-959F10.4	CS424	1.0376219614625826
RP11-959F10.4	IM293	1.0053335186310612
RP11-959F10.4	IM296	1.0674965693084089
RP11-959F10.4	IM297	1.098769887658002
RP11-959F10.4	IM300	1
RP11-959F10.4	IM305	1.0100500854392669
RP11-959F10.4	IM309	1.068243382745569
RP11-959F10.4	IM310	1.0137597798867521
RP11-959F10.4	IM311	1.0124769275654149
RP11-959F10.4	IM316	1.0051863509411016
RP11-959F10.4	IM320	1.0476097382082026
RP11-959F10.4	IM330	1.0105944783553105
RP11-959F10.4	IM332	3.0918227052684384
RP11-959F10.4	IM340	1.056280146775053
RP11-959F10.4	IM348	1.0369614627065955
RP11-959F10.4	IM354	1.0072486895623194
RP11-959F10.4	IM356	7.0602703671346605
RP11-959F10.4	IM364	1.017386683482945
RP11-959F10.4	IM372	0.9999907178682895
RP11-959F10.4	IM374	1.0494515301768887
RP11-959F10.4	IM376	1.0151740030663836
RP11-959F10.4	IM381	2.02511158199779
RP11-959F10.4	IM382	1.0318406015848964
RP11-959F10.4	IM385	1
RP11-959F10.4	IM390	1.028703799246213
RP11-959F10.4	IM397	1.011384661421074
RP11-959F10.4	IM404	1.0028825152555245
RP11-959F10.4	IM409	1.0057289905461357
RP11-959F10.4	IM412	3
RP11-959F10.4	IM421	1.0158984637588822
RP11-959F10.4	IM425	1.0543133661346646
RP11-959F10.4	IM432	1.0420143643186235
RP11-959F10.4	IM438	1
RP11-959F10.4	IM442	1.0426097281187585
RP11-959F10.4	IM445	1.0115547971482344
RP11-959F10.4	IM448	1.0230255913150224
RP11-959F10.4	IM449	1.008446585812273
RP11-959F10.4	IM451	1.0051863509411016
RP11-959F10.4	IMSA256	1.0040992210696569
RP11-959F10.4	IMSA276	4
RP11-959F10.4	IMSA286	1
RP11-959F10.4	IMSA343	5.062603934401359
RP11-959F10.4	IS_238	1
RP11-959F10.4	IS238	4.094650641794495
RP11-959F10.4	IS243	1
RP11-959F10.4	IS253	1
RP11-959F10.4	IS283	3
RP11-959F10.4	IS322	1.0106397239474434
RP11-959F10.4	IS399	1.0072529602272131
RP11-959F10.4	IS418	1.0947511027862358
RP11-959F10.4	IS430	1.0847548398304163
RP11-959F10.4	IS437	1.0822383787243768
RP11-959F10.4	IS444	1.0378497226493058
RP11-959F10.4	R276CMSA	1.0649255307900556
RP11-959F10.4	R286CMSA	1
RP11-959F10.4	R292CMSA	1.004207620749528
RP11-959F10.4	R292IMSA	1.0768750693977573
RP11-959F10.4	R308CMSA	1.070354522560454
RP11-959F10.4	R316IMSA	1.0198650539779268
RP11-959F10.4	R347CMSA	1.0679448775774594
RP11-959F10.4	R347IMSA	1.0654084912781197
RP11-959F10.4	R371CMSA	1.0039962901985677
RP11-959F10.4	SRR10104064	1.1130827181735787
RP11-959F10.4	SRR10104065	1.0058655806218886
RP11-959F10.4	SRR10104066	1.0187563340359607
RP11-959F10.4	SRR10104067	1.0232571372704031
RP11-959F10.4	SRR10104068	1.004671476542523
RP11-959F10.4	SRR10104069	1.011490802424949
RP11-959F10.4	SRR10104070	1.0295865545572511
RP11-959F10.4	SRR10104071	1.1619835297694339
RP11-959F10.4	SRR10104072	1.071723239794756
RP11-959F10.4	SRR10104073	1.0458357877247761
RP11-959F10.4	SRR10104074	1.099722320793923
RP11-959F10.4	SRR10104075	1.1547542285600578
RP11-959F10.4	SRR10104076	1.0278239688724724
RP11-959F10.4	SRR10104077	1.1040752320803593
RP11-959F10.4	SRR10104078	1.0419214016168303
RP11-959F10.4	SRR10104079	1.092856600461782
RP11-959F10.4	SRR10104080	1.1254280913603063
RP11-959F10.4	SRR10104081	1.0158936181922817
RP11-959F10.4	SRR10104082	1.085647260281074
RP11-959F10.4	SRR10104083	1.065596706440916
RP11-959F10.4	SRR10104084	1.0701241548355385
RP11-959F10.4	SRR10104085	1.0224852129879336
RP11-959F10.4	SRR10104086	1.0249330155513252
RP11-959F10.4	SRR10104087	1.0032098048981044
RP11-959F10.4	SRR10104088	1.0091188297931257
RP11-959F10.4	SRR10104089	1.1387124115642702
RP11-959F10.4	SRR10104090	1.0265054935122315
RP11-959F10.4	SRR10104091	1.0429313075146665
RP11-959F10.4	SRR10104092	1.0127653613232732
RP11-959F10.4	SRR10104093	2.0695424255078976
RP11-959F10.4	SRR10104094	1.0344440824548444
RP11-959F10.4	SRR10104095	1.0555296586127236
RP11-959F10.4	SRR10104096	1.1499993829134103
RP11-959F10.4	SRR10104097	1.0654329597407752
RP11-959F10.4	SRR10104098	1.0299665441303483
RP11-959F10.4	SRR10104099	1.0483148195050975
RP11-959F10.4	SRR10104100	1.0292800559938342
RP11-959F10.4	SRR10104101	1.0055788173830293
RP11-959F10.4	SRR10104102	1.0153539684721093
RP11-959F10.4	SRR10104103	1.0533097010473917
RP11-959F10.4	SRR10104104	1.0155160029658645
RP11-959F10.4	SRR10104105	1.0837919884500646
RP11-959F10.4	SRR10104106	1.1337110372727635
RP11-959F10.4	SRR10104107	1.0095882284245328
RP11-959F10.4	SRR10104108	1.0068598403855975
RP11-959F10.4	SRR10104109	1.122307744225592
RP11-959F10.4	SRR10104110	1.1932010382175424
RP11-959F10.4	SRR10104111	1.0329711095071032
RP11-959F10.4	SRR10104112	1.189872391069202
RP11-959F10.4	SRR10104113	1.0362854178746606
RP11-959F10.4	SRR10104114	1.1753108824133915
RP11-959F10.4	SRR10104115	1.1481195623107094
RP11-959F10.4	SRR10104116	1.0476231912417615
RP11-959F10.4	SRR10104117	1.0392927622091388
RP11-959F10.4	SRR10104118	1.1479902353871632
RP11-959F10.4	SRR10104119	1.1922096850664645
RP11-959F10.4	SRR10104120	1.0274397025883788
RP11-959F10.4	SRR10104121	1.0845670123047944
RP11-959F10.4	SRR10104122	1.0930951060141245
RP11-959F10.4	SRR10104123	1.085068060584876
RP11-959F10.4	SRR10104124	1.1194016065014738
RP11-959F10.4	SRR10104125	1.1032322088701674
RP11-959F10.4	SRR10104126	1.0403589846827273
RP11-959F10.4	SRR10104127	1.1896601506984525
RP11-959F10.4	SRR10104128	1.0289581177608564
RP11-959F10.4	SRR10104129	1.0264252644778067
RP11-959F10.4	SRR10104130	1.0421022730678582
RP11-959F10.4	SRR10104131	1.0113537446977683
RP11-959F10.4	SRR10104132	1.0072357936683587
RP11-959F10.4	SRR10104133	1.1678104114751833
RP11-959F10.4	SRR10104134	1.0304204630626266
RP11-959F10.4	SRR10104135	1.1047925227370805
RP11-959F10.4	SRR10104136	1.0150534484689004
RP11-959F10.4	SRR10104137	1.1111543351913287
RP11-959F10.4	SRR10104138	1.1987125395645137
RP11-959F10.4	SRR10104139	1.0113843011015555
RP11-959F10.4	SRR10104140	1.1457522859106466
RP11-959F10.4	SRR10104141	1.0612182077092946
RP11-959F10.4	SRR10104142	1.0527512259784992
RP11-959F10.4	SRR10104143	1.008193511450258
RP11-959F10.4	SRR10104144	1.0610832116326332
RP11-959F10.4	SRR10104145	1.064530164787135
RP11-959F10.4	SRR10104146	1.009628265187365
RP11-959F10.4	SRR10104147	2.0034180491372897
RP11-959F10.4	SRR10104148	1.0531465668318782
RP11-959F10.4	SRR10104149	1.0479500129388701
RP11-959F10.4	SRR10104150	1.0116520854708597
RP11-959F10.4	SRR10104151	1.0076598631587603
RP11-959F10.4	SRR10104152	1.0056231596200704
RP11-959F10.4	SRR10104153	1.1050859670242814
RP11-959F10.4	SRR10104154	1.0306607864494586
RP11-959F10.4	SRR10104155	1.0906050803328398
RP11-959F10.4	SRR10104156	1.0040671518845923
RP11-959F10.4	SRR10104157	1.0501594045532703
RP11-959F10.4	SRR10104158	1.0205995039478943
RP11-959F10.4	SRR10104159	1.0126727839776568
RP11-959F10.4	SRR10104160	1.1286682368212853
RP11-959F10.4	SRR10104161	3.0051774106074394
RP11-959F10.4	SRR10104162	1.0204815952038468
RP11-959F10.4	SRR10104163	1.0302878151561219
RP11-959F10.4	SRR10104164	1.019679849157473
RP11-959F10.4	SRR10104165	1.03911950298106
RP11-959F10.4	SRR10104166	1.0411103906912247
RP11-959F10.4	SRR10104167	1.0226405407254509
RP11-959F10.4	SRR10104168	1.0290037923240252
RP11-959F10.4	SRR10104169	1.0249138391060775
RP11-959F10.4	SRR10104170	1.0302024526513764
RP11-959F10.4	SRR10104171	1.0241039729391117
RP11-959F10.4	SRR10104172	1.03424738641328
RP11-959F10.4	SRR10104173	1.0618085302182145
RP11-959F10.4	SRR10104174	1.034206476188313
RP11-959F10.4	SRR10104175	1.0226611988789944
RP11-959F10.4	SRR10104176	1.022603053209032
RP11-959F10.4	SRR10104177	1.0254564567414526
RP11-959F10.4	SRR10104178	1.0386957245885173
RP11-959F10.4	SRR10104179	1.0349830414340861
RP11-959F10.4	SRR10104180	1.0220069065577857
RP11-959F10.4	SRR10104181	1.027045780065536
RP11-959F10.4	SRR10104182	1.0354701224080693
RP11-959F10.4	SRR10104183	1.0485327945215122
RP11-959F10.4	SRR10104184	1.0213982799506043
RP11-959F10.4	SRR10104185	1.0655022783512398
RP11-959F10.4	SRR10104186	1.0334077154577568
RP11-959F10.4	SRR10104187	1.0797577801431373
RP11-959F10.4	SRR10104188	1.0555862389878126
RP11-959F10.4	SRR10104189	1.0614348924771675
RP11-959F10.4	SRR10104190	1.1491016556665985
RP11-959F10.4	SRR10104191	1.1421287584167092
RP11-959F10.4	SRR10104192	1.0261807524628852
RP11-959F10.4	SRR10104193	1.0402803652655077
RP11-959F10.4	SRR10104194	1.0434484830599333
RP11-959F10.4	SRR10104195	1.0425282185704265
RP11-959F10.4	SRR10104196	1.0410873692447795
RP11-959F10.4	SRR10104197	1.0169436235163218
RP11-959F10.4	SRR10104198	1.0259518061643405
RP11-959F10.4	SRR10104199	1.0845523092555243
RP11-959F10.4	SRR10104200	1.0357609839017698
RP11-959F10.4	SRR10104201	1.026296611985634
RP11-959F10.4	SRR10104202	1.0684453214497531
RP11-959F10.4	SRR10104203	1.0227196084030068
RP11-959F10.4	SRR10104204	1.0316115330113982
RP11-959F10.4	SRR10104205	1.0269817679691475
RP11-959F10.4	SRR10104206	1.0290184053987292
RP11-959F10.4	SRR10104207	1.0328985759185803
RP11-959F10.4	SRR10104208	1.0176894368252343
RP11-959F10.4	SRR10104209	1.0231987105755664
RP11-959F10.4	SRR10104210	1.0264643950508716
RP11-959F10.4	SRR10104211	1.0187996043213206
RP11-959F10.4	SRR10104212	1.0187854652070223
RP11-959F10.4	SRR10104213	1.0607243748787123
RP11-959F10.4	SRR10104214	1.0302508387945404
RP11-959F10.4	SRR10104215	1.0107265960976537
RP11-959F10.4	SRR10104216	1.062180780035933
RP11-959F10.4	SRR10104217	1.0250110331492008
RP11-959F10.4	SRR10104218	1.0655646431950403
RP11-959F10.4	SRR10104219	1.0652648347042482
RP11-959F10.4	SRR10104220	1.0355693278203462
RP11-959F10.4	SRR10104221	1.090516632710812
RP11-959F10.4	SRR10104222	1.0387327316632746
RP11-959F10.4	SRR10104223	1.1801672204919216
RP11-959F10.4	SRR10104224	1.0254993311004128
RP11-959F10.4	SRR10104225	1.031660376130715
RP11-959F10.4	SRR10104226	1.0392769039353207
RP11-959F10.4	SRR10104227	1.0779388239392174
RP11-959F10.4	SRR10104228	1.1232105220166013
RP11-959F10.4	SRR10104229	1.0373617848705414
RP11-959F10.4	SRR10104230	1.1040752320803593
RP11-959F10.4	SRR10104231	1.07822501247679
RP11-959F10.4	SRR10104232	1.0611514448074382
RP11-959F10.4	SRR10104233	1.0734096428277802
RP11-959F10.4	SRR10104234	1.0234328696081605
RP11-959F10.4	SRR10104235	1.0441915254956329
RP11-959F10.4	SRR10104236	1.0093068320098109
RP11-959F10.4	SRR10104237	1.018564797188093
RP11-959F10.4	SRR10104238	1.0719766937133695
RP11-959F10.4	SRR10104239	1.0633581535162346
RP11-959F10.4	SRR10104240	1.0749579917487644
RP11-959F10.4	SRR10104241	1.0409403926955196
RP11-959F10.4	SRR10104242	1.0656340036600613
RP11-959F10.4	SRR10104243	1.0687486815714031
RP11-959F10.4	SRR10104244	1.0398815876953509
RP11-959F10.4	SRR10104245	1.0418117622330036
RP11-959F10.4	SRR10104246	1.108828569841403
RP11-959F10.4	SRR10104247	1.0579544780318526
RP11-959F10.4	SRR10104248	1.076529224426155
RP11-959F10.4	SRR10104249	1.0273315870858695
RP11-959F10.4	SRR10104250	1.157197552838617
RP11-959F10.4	SRR10104251	1.0471142307724335
RP11-959F10.4	SRR10104252	1.1838765721178106
RP11-959F10.4	SRR10104253	1.09991256534321
RP11-959F10.4	SRR10104254	1.0374696909056962
RP11-959F10.4	SRR10104255	1.031244552450183
RP11-959F10.4	SRR10104256	1.0295241963821637
RP11-959F10.4	SRR10104257	1.038122821814693
RP11-959F10.4	SRR10104258	1.0309181491976231
RP11-959F10.4	SRR10224277	1.0245658638211308
RP11-959F10.4	SRR10224278	1.0942848190075063
RP11-959F10.4	SRR10224279	1.0908476973919505
RP11-959F10.4	SRR10224280	1.0228352144410537
RP11-959F10.4	SRR10224281	1.016181154880479
RP11-959F10.4	SRR10224282	1.0506840927867773
RP11-959F10.4	SRR10224283	1.04241966767901
RP11-959F10.4	SRR10224284	1.1113405704367834
RP11-959F10.4	SRR10224285	1.1302600125483513
RP11-959F10.4	SRR10224286	1.0254727500696328
RP11-959F10.4	SRR10224287	1.034206476188313
RP11-959F10.4	SRR10224288	1.0982502736059643
RP11-959F10.4	SRR10224289	1.095574558517596
RP11-959F10.4	SRR10224290	1.0979938990127511
RP11-959F10.4	SRR10224291	1.031258864476703
RP11-959F10.4	SRR10224292	1.0118994173300337
RP11-959F10.4	SRR10224293	1.0308254672852508
RP11-959F10.4	SRR10224294	1.0583494992707134
RP11-959F10.4	SRR10224295	1.0871371976243258
RP11-959F10.4	SRR10224296	1.0551062717044821
RP11-959F10.4	SRR10224297	1.1298237190995832
RP11-959F10.4	SRR10224298	1.0332669442805347
RP11-959F10.4	SRR10318388	1.0075645039987202
RP11-959F10.4	SRR10318389	1.0048079229951739
RP11-959F10.4	SRR10318390	1.0125492618247403
RP11-959F10.4	SRR10318391	1.012188279490948
RP11-959F10.4	SRR10318392	1.0141662120681394
RP11-959F10.4	SRR10318393	1.002913173016367
RP11-959F10.4	SRR10318394	1.0136017148230585
RP11-959F10.4	SRR10318395	1.0045521691478385
RP11-959F10.4	SRR10318396	1.008253691698839
RP11-959F10.4	SRR10318397	1.0060636964446545
RP11-959F10.4	SRR10318398	1.0035908666536983
RP11-959F10.4	SRR10318399	1.0502301871086661
RP11-959F10.4	SRR10318400	2.030059894316004
RP11-959F10.4	SRR10318401	1.0036964837029803
RP11-959F10.4	SRR10318402	1.004310064687844
RP11-959F10.4	SRR10318403	2.009922442278996
RP11-959F10.4	SRR10318404	1.0017838194003639
RP11-959F10.4	SRR10318405	1.0025217469463543
RP11-959F10.4	SRR10318406	1.0046747157254012
RP11-959F10.4	SRR10318407	2.019992801495311
RP11-959F10.4	SRR10318408	1.003093611368694
RP11-959F10.4	SRR10318409	1.0031782721446603
RP11-959F10.4	SRR10318410	1.0041326449528036
RP11-959F10.4	SRR10318411	1.0036964837029803
RP11-959F10.4	SRR10318412	1.0049521195717002
RP11-959F10.4	SRR10318413	1.0039432971223687
RP11-959F10.4	SRR10318414	1.0060465501543596
RP11-959F10.4	SRR10318415	1.0066043693551068
RP11-959F10.4	SRR10318416	1.010127651990598
RP11-959F10.4	SRR10318417	1.0073281690092157
RP11-959F10.4	SRR10318418	1.0038295612714525
RP11-959F10.4	SRR10318419	1.0040851311465162
RP11-959F10.4	SRR10318420	1.0018312243074385
RP11-959F10.4	SRR10318421	1.00485547100433
RP11-959F10.4	SRR10318422	1.0021611084168651
RP11-959F10.4	SRR10318423	1.0016036166558628
RP11-959F10.4	SRR10318424	1.0021332526954574
RP11-959F10.4	SRR10318425	1.0066317697525906
RP11-959F10.4	SRR10318426	1.095574558517596
RP11-959F10.4	SRR10318427	1.1082523998937106
RP11-959F10.4	SRR10318428	1.0013960627168832
RP11-959F10.4	SRR10318429	1.0040376195884992
RP11-959F10.4	SRR10318430	1.0088510137634663
RP11-959F10.4	SRR10318431	1.0052614054151265
RP11-959F10.4	SRR10318432	1.0018005996203712
RP11-959F10.4	SRR10318433	1.275527749073799
RP11-959F10.4	SRR10318434	1.0031685095836653
RP11-959F10.4	SRR10318435	1.0060711119093864
RP11-959F10.4	SRR10318436	1.002838293865245
RP11-959F10.4	SRR10318437	1.0007198511622537
RP11-959F10.4	SRR10318438	1.0012906877364744
RP11-959F10.4	SRR10318439	1.0041326449528036
RP11-959F10.4	SRR10318440	1.0160161405406791
RP11-959F10.4	SRR10318441	1.0028076383933613
RP11-959F10.4	SRR10318442	1.0290972598019128
RP11-959F10.4	SRR10318443	1.00232462218343
RP11-959F10.4	SRR10318444	1.0087925886196047
RP11-959F10.4	SRR10318445	1.0124257547386077
RP11-959F10.4	SRR10318446	1.0040101644950676
RP11-959F10.4	SRR10318447	1.010741329315747
RP11-959F10.4	SRR10318448	1.0071774620660263
RP11-959F10.4	SRR10318449	1.0021020527610582
RP11-959F10.4	SRR10318450	1.005397931987203
RP11-959F10.4	SRR10318451	1
RP11-959F10.4	SRR10318452	1.0063470586203123
RP11-959F10.4	SRR10318453	1.0201282942009398
RP11-959F10.4	SRR10318454	2.0095880753490887
RP11-959F10.4	SRR10318455	1.0061524256376846
RP11-959F10.4	SRR10318456	1.0066923410699051
RP11-959F10.4	SRR10318457	1.001651013035654
RP11-959F10.4	SRR10318458	1.0130607665001055
RP11-959F10.4	SRR10318459	1.0066712106965126
RP11-959F10.4	SRR10318460	1.0040444775323971
RP11-959F10.4	SRR10318461	1.0035908666536983
RP11-959F10.4	SRR10318462	1.0068151487297214
RP11-959F10.4	SRR10318463	1.0031991760872525
RP11-959F10.4	SRR10318464	1.0063873213211867
RP11-959F10.4	SRR10318465	1.0010052287584692
RP11-959F10.4	SRR10318466	1.0095724722687383
RP11-959F10.4	SRR10318467	1.005163326868066
RP11-959F10.4	SRR10318468	1.0099265873940113
RP11-959F10.4	SRR10318469	1.003736640357631
RP11-959F10.4	SRR10318470	1
RP11-959F10.4	SRR10318471	1
RP11-959F10.4	SRR10318472	1.0044939929610694
RP11-959F10.4	SRR10318473	1.0039520196971752
RP11-959F10.4	SRR10318474	1.0042826021444868
RP11-959F10.4	SRR10318475	1.0041019499142785
RP11-959F10.4	SRR10318476	1.0037100598776116
RP11-959F10.4	SRR10318495	1.0011853238444721
RP11-959F10.4	SRR10318496	1.008939117884696
RP11-959F10.4	SRR10318497	1.0057733394052475
RP11-959F10.4	SRR10318498	1.0009445377129693
RP11-959F10.4	SRR10318499	1.0012159297227785
RP11-959F10.4	SRR10318500	1.0058289797049942
RP11-959F10.4	SRR10318501	1.0049305007724685
RP11-959F10.4	SRR10318502	1.0005398398063463
RP11-959F10.4	SRR10318503	1.0019060282634729
RP11-959F10.4	SRR10318504	1.0068217006633478
RP11-959F10.4	SRR10318505	1.0007198511622537
RP11-959F10.4	SRR10318506	1.012140088058167
RP11-959F10.4	SRR10318507	1.0122808125437386
RP11-959F10.4	SRR10318508	1.031213724706472
RP11-959F10.4	SRR10318509	1.0070546102125433
RP11-959F10.4	SRR10318510	1.008125313584785
RP11-959F10.4	SRR10318511	1.001260079572912
RP11-959F10.4	SRR10318512	1.0077519822290972
RP11-959F10.4	SRR10318513	1.0033796658956018
RP11-959F10.4	SRR10318514	1.0046534867814323
RP11-959F10.4	SRR10318515	1.012185016083506
RP11-959F10.4	SRR10318516	1.0060465501543596
RP11-959F10.4	SRR10318517	1.0027021148755608
RP11-959F10.4	SRR10318518	1.0073407710436535
RP11-959F10.4	SRR10318519	1.0048247538699455
RP11-959F10.4	SRR10318520	1.0020114680017955
RP11-959F10.4	SRR10318521	1.0036752754292169
RP11-959F10.4	SRR10318522	2.0027921254337664
RP11-959F10.4	SRR10318523	1.0022972139313746
RP11-959F10.4	SRR10318524	1.0079332911520626
RP11-959F10.4	SRR10318525	1.006333446777656
RP11-959F10.4	SRR10318526	1.0066340409403034
RP11-959F10.4	SRR10318527	1.000359860831218
RP11-959F10.4	SRR10318528	1.0025798089086946
RP11-959F10.4	SRR10318529	2.004533149999212
RP11-959F10.4	SRR10318530	1.0068960081103668
RP11-959F10.4	SRR10318531	1.0090633661821524
RP11-959F10.4	SRR10318532	1.0085041203949443
RP11-959F10.4	SRR10318533	1.0236532940435767
RP11-959F10.4	SRR10318534	1.0178798129350086
RP11-959F10.4	SRR10318535	1.0158026224654026
RP11-959F10.4	SRR10318536	1.0041462270270287
RP11-959F10.4	SRR10318537	1.0110823525225687
RP11-959F10.4	SRR10318538	1.0019060282634729
RP11-959F10.4	SRR10318539	1.007502905048184
RP11-959F10.4	SRR10318540	1.0055480781368802
RP11-959F10.4	SRR10318541	1.0074001354264437
RP11-959F10.4	SRR10318542	1.0082966874658166
RP11-959F10.4	SRR10318543	1.0102315119348009
RP11-959F10.4	SRR10318544	1.0025176493501762
RP11-959F10.4	SRR10318545	1.0089020059058134
RP11-959F10.4	SRR10318546	1.0014402205102033
RP11-959F10.4	SRR10318547	1.004071255814061
RP11-959F10.4	SRR10318548	1.0049305007724685
RP11-959F10.4	SRR10318549	1.0071774620660263
RP11-959F10.4	SRR10318568	1.0032098048981044
RP11-959F10.4	SRR10318569	1.0008998949047658
RP11-959F10.4	SRR10318570	1.010993574886179
RP11-959F10.4	SRR10318571	1.0008998949047658
RP11-959F10.4	SRR10318572	1.0048247538699455
RP11-959F10.4	SRR10318573	1.001545611227314
RP11-959F10.4	SRR10318574	1.0024870036799816
RP11-959F10.4	SRR10318575	1.0048247538699455
RP11-959F10.4	SRR10318576	1.0043850537320074
RP11-959F10.4	SRR10318577	1.0029986843325787
RP11-959F10.4	SRR10318578	1.0008998949047658
RP11-959F10.4	SRR10318579	1.0031685095836653
RP11-959F10.4	SRR10318580	1.0014402205102033
RP11-959F10.4	SRR10318581	1
RP11-959F10.4	SRR10875803	0.8160920814011419
RP11-959F10.4	SRR10875804	0.5543940873682203
RP11-959F10.4	SRR10875805	1.0398497998578013
RP11-959F10.4	SRR10875806	0.8670757402901675
RP11-959F10.4	SRR10875807	0.9691618824824831
RP11-959F10.4	SRR10875808	0.9133292956158376
RP11-959F10.4	SRR10875809	0.6347422260613038
RP11-959F10.4	SRR10875810	0.909737250839997
RP11-959F10.4	SRR10875812	1
RP11-959F10.4	SRR10875813	0.8142748177739214
RP11-959F10.4	SRR10875814	1.004071255814061
RP11-959F10.4	SRR10875815	1
RP11-959F10.4	SRR10875816	1
RP11-959F10.4	SRR10875817	0.7720460386037018
RP11-959F10.4	SRR10875818	0.7268311347932428
RP11-959F10.4	SRR10875819	1
RP11-959F10.4	SRR10875820	0.6224228836437106
RP11-959F10.4	SRR10875821	0.9531566620757606
RP11-959F10.4	SRR10875822	0.5103861546630654
RP11-959F10.4	SRR10875823	1
RP11-959F10.4	SRR10875824	0.6054474346879135
RP11-959F10.4	SRR10875825	1.0018312243074385
RP11-959F10.4	SRR10875826	0.8445588789930405
RP11-959F10.4	SRR10875827	0.6406666403804241
RP11-959F10.4	SRR10875829	0.7543213669360967
RP11-959F10.4	SRR10875830	2
RP11-959F10.4	SRR10875831	1.0036351212296024
RP11-959F10.4	SRR10875832	2
RP11-959F10.4	SRR10875834	1.0034239111583483
RP11-959F10.4	SRR10875835	1
RP11-959F10.4	SRR10875836	0.9427069927825823
RP11-959F10.4	SRR10875837	0.8041360353522955
RP11-959F10.4	SRR10875838	1
RP11-959F10.4	SRR10875839	0.7414692537294025
RP11-959F10.4	SRR10875840	0.8170668416907784
RP11-959F10.4	SRR10875841	1.00387382637289
RP11-959F10.4	SRR10875842	0.6951276795299519
RP11-959F10.4	SRR10875843	0.5519753367303405
RP11-959F10.4	SRR10875844	0.8038036211621384
RP11-959F10.4	SRR10875845	0.9061997545264616
RP11-959F10.4	SRR10875846	0.5347302588356578
RP11-959F10.4	SRR10875847	0.5019215696230573
RP11-959F10.4	SRR10875848	1
RP11-959F10.4	SRR10875849	0.9657723126899237
RP11-959F10.4	SRR10875850	1.0001799142310437
RP11-959F10.4	SRR10875851	0.8752323440016847
RP11-959F10.4	SRR10875852	0.8094141607297325
RP11-959F10.4	SRR10875853	1.002266574999606
RP11-959F10.4	SRR10875854	0.8413842400708483
RP11-959F10.4	SRR10875855	0.7318078959485699
RP11-959F10.4	SRR10875856	0.6754474422152104
RP11-959F10.4	SRR10875857	0.5800263593232053
RP11-959F10.4	SRR10875858	0.9377881010298534
RP11-959F10.4	SRR10875859	1
RP11-959F10.4	SRR10875860	0.6545276114585332
RP11-959F10.4	SRR10875861	0.591584072787604
RP11-959F10.4	SRR10875862	0.5812567339264432
RP11-959F10.4	SRR10875863	1.0054730022593972
RP11-959F10.4	SRR10875864	1
RP11-959F10.4	SRR10875865	0.8476035815688346
RP11-959F10.4	SRR10875866	0.7440492761888251
RP11-959F10.4	SRR10875867	0.9605953800572812
RP11-959F10.4	SRR10875868	0.6151572233432534
RP11-959F10.4	SRR10875869	1
RP11-959F10.4	SRR10875870	0.6758292860645876
RP11-959F10.4	SRR10875871	1.0001799142310437
RP11-959F10.4	SRR10875872	0.5848343028575359
RP11-959F10.4	SRR10875873	0.8071725731582963
RP11-959F10.4	SRR10875874	0.5864053826148967
RP11-959F10.4	SRR10875875	0.9890039854935406
RP11-959F10.4	SRR10875876	1
RP11-959F10.4	SRR10875877	0.8092683355211371
RP11-959F10.4	SRR10875878	1.0079578989702365
RP11-959F10.4	SRR10875879	1
RP11-959F10.4	SRR10875880	1.0040544375604268
RP11-959F10.4	SRR10875881	0.7814916796958193
RP11-959F10.4	SRR10875882	1
RP11-959F10.4	SRR10875883	1.0064943962475852
RP11-959F10.4	SRR10875884	0.97467766091674
RP11-959F10.4	SRR10875885	1.0019060282634729
RP11-959F10.4	SRR10875886	1.0075645039987202
RP11-959F10.4	SRR10875887	1
RP11-959F10.4	SRR10875888	1.0282669362329202
RP11-959F10.4	SRR10875889	1.002266574999606
RP11-959F10.4	SRR10875890	1.002266574999606
RP11-959F10.4	SRR10875891	1
RP11-959F10.4	SRR10875892	0.9980256347565621
RP11-959F10.4	SRR10875893	1
RP11-959F10.4	SRR10875894	0.5188639236781213
RP11-959F10.4	SRR10875895	1
RP11-959F10.4	SRR10875896	1.01011154427121
RP11-959F10.4	SRR10875897	1.002610457415912
RP11-959F10.4	SRR10875898	0.9530324484204709
RP11-959F10.4	SRR10875899	0.9004559316555462
RP11-959F10.4	SRR10875900	1.003815689470687
RP11-959F10.4	SRR10875901	1.0022125639984338
RP11-959F10.4	SRR10875902	1.0046440041164724
RP11-959F10.4	SRR12430469	2
RP11-959F10.4	SRR12430470	0.8522624702009965
RP11-959F10.4	SRR12430471	0.973304284575122
RP11-959F10.4	SRR12430472	0.9640108918329807
RP11-959F10.4	SRR12430473	1
RP11-959F10.4	SRR12430474	0.6799366029384285
RP11-959F10.4	SRR12430475	0.6527639697361387
RP11-959F10.4	SRR12430476	1
RP11-959F10.4	SRR12765534	1
RP11-959F10.4	SRR12765535	2.005315802879815
RP11-959F10.4	SRR12765536	1.0046291005525438
RP11-959F10.4	SRR12765537	1.0042383190183728
RP11-959F10.4	SRR12765538	1.0342968559958656
RP11-959F10.4	SRR12765539	1.0314128115051437
RP11-959F10.4	SRR12765540	1.003132286981857
RP11-959F10.4	SRR12765541	1.009703651326794
RP11-959F10.4	SRR12765542	1
RP11-959F10.4	SRR12765543	3.0492474441595334
RP11-959F10.4	SRR12765544	1.0116050033991464
RP11-959F10.4	SRR12765545	1.0094671701338622
RP11-959F10.4	SRR12765546	1.0302580085326847
RP11-959F10.4	SRR12765547	1.0081057978341976
RP11-959F10.4	SRR12765548	1.0204595735015827
RP11-959F10.4	SRR12765549	1.0076734929427573
RP11-959F10.4	SRR12765550	1.040117424009284
RP11-959F10.4	SRR12765551	1.0138517058671774
RP11-959F10.4	SRR12765552	1.0415854347971876
RP11-959F10.4	SRR12765553	1.044787541309448
RP11-959F10.4	SRR12765554	1.0319374576290212
RP11-959F10.4	SRR12765555	1.0207802232545309
RP11-959F10.4	SRR12765556	1.0154992904437379
RP11-959F10.4	SRR12765557	1.0105307135967785
RP11-959F10.4	SRR12765558	1.0516646996103904
RP11-959F10.4	SRR12765559	1.0019060282634729
RP11-959F10.4	SRR12765560	1.0193147872805552
RP11-959F10.4	SRR12765561	1.002838293865245
RP11-959F10.4	SRR12765562	1.015740519865274
RP11-959F10.4	SRR12765563	1.0073112962020905
RP11-959F10.4	SRR12765564	1.0021169188365064
RP11-959F10.4	SRR12765565	1.0042664582321659
RP11-959F10.4	SRR12765566	1.0072082511218612
RP11-959F10.4	SRR12765567	1.0132901030582455
RP11-959F10.4	SRR12765568	1.0104061753780302
RP11-959F10.4	SRR12765569	1.0115080415029285
RP11-959F10.4	SRR12765570	1.0071774620660263
RP11-959F10.4	SRR12765571	1.011188757969452
RP11-959F10.4	SRR12765572	1.0066284645369288
RP11-959F10.4	SRR12765573	1.0345835410136228
RP11-959F10.4	SRR12765574	1.006959603260677
RP11-959F10.4	SRR12765575	1.0242231235437018
RP11-959F10.4	SRR12765576	1.0249426590876354
RP11-959F10.4	SRR12765577	1.0460059726823405
RP11-959F10.4	SRR12765578	1.0151849958585093
RP11-959F10.4	SRR12765579	1.008549757583579
RP11-959F10.4	SRR12765580	1.0114233604687528
RP11-959F10.4	SRR12765581	1.0162640458244836
RP11-959F10.4	SRR12765582	1.0010052287584692
RP11-959F10.4	SRR12765583	1.008894629432837
RP11-959F10.4	SRR12765584	1.0125281630517893
RP11-959F10.4	SRR12765585	1.011157847234662
RP11-959F10.4	SRR12765586	1.0053109243736533
RP11-959F10.4	SRR12765587	1.0118330537602769
RP11-959F10.4	SRR12765588	2.013992578206017
RP11-959F10.4	SRR12765589	1.0183753378209024
RP11-959F10.4	SRR12765590	1.0294216534098712
RP11-959F10.4	SRR12765591	1.0281334706568328
RP11-959F10.4	SRR12765592	1.0165367644372587
RP11-959F10.4	SRR12765593	1.0084329455714278
RP11-959F10.4	SRR12765594	1.023275089062988
RP11-959F10.4	SRR12765595	1.012018221172977
RP11-959F10.4	SRR12765596	1.0044632868766021
RP11-959F10.4	SRR12765597	1.0080835603035434
RP11-959F10.4	SRR12765598	1.0072316768045089
RP11-959F10.4	SRR12765599	1.003093611368694
RP11-959F10.4	SRR12765600	1.0430935413616602
RP11-959F10.4	SRR12765601	1.0221622395262338
RP11-959F10.4	SRR12765602	1.008672496399683
RP11-959F10.4	SRR12765603	1.0100331670398786
RP11-959F10.4	SRR12765604	1.0081630176909429
RP11-959F10.4	SRR12765605	1.0078157404057295
RP11-959F10.4	SRR12765606	1.013303558456437
RP11-959F10.4	SRR12765607	1.008783747817285
RP11-959F10.4	SRR12765608	1.0088818539791797
RP11-959F10.4	SRR12765609	2.009704462477354
RP11-959F10.4	SRR12765610	1.008763978794329
RP11-959F10.4	SRR12765611	2.0111239477552973
RP11-959F10.4	SRR12765612	1.0045616509459838
RP11-959F10.4	SRR12765613	1.006036695926273
RP11-959F10.4	SRR12765614	1.0046747157254012
RP11-959F10.4	SRR12765615	1.00918320935704
RP11-959F10.4	SRR12765616	1.0061831833585213
RP11-959F10.4	SRR12765617	1.0085055016400712
RP11-959F10.4	SRR12765618	1.0235720872907181
RP11-959F10.4	SRR12765619	1.0218888958464731
RP11-959F10.4	SRR12765620	1.0081810702952163
RP11-959F10.4	SRR12765621	1.0026231534549817
RP11-959F10.4	SRR12765622	1.0220255670364495
RP11-959F10.4	SRR12765623	1
RP11-959F10.4	SRR12765624	1.003979473200612
RP11-959F10.4	SRR12765625	1.0083576543049855
RP11-959F10.4	SRR12765626	1.004961221139498
RP11-959F10.4	SRR12765627	1.0005398398063463
RP11-959F10.4	SRR12765628	1.0416404899160054
RP11-959F10.4	SRR12765629	1.0324836165656877
RP11-959F10.4	SRR12765630	1.001725803535813
RP11-959F10.4	SRR12765631	1.006060158116402
RP11-959F10.4	SRR12765632	1.0065851812965134
RP11-959F10.4	SRR12765633	1.0195633163121216
RP11-959F10.4	SRR12765634	2.010931301714386
RP11-959F10.4	SRR12765635	1.0232142122054655
RP11-959F10.4	SRR12765636	1.0122197343296355
RP11-959F10.4	SRR12765637	1.0356758705836402
RP11-959F10.4	SRR12765638	1
RP11-959F10.4	SRR12765639	1.0312383739753317
RP11-959F10.4	SRR12765640	1.0050805771159577
RP11-959F10.4	SRR12765641	1.0191101951053518
RP11-959F10.4	SRR12765642	1.002446897019748
RP11-959F10.4	SRR12765643	1.0141700299218512
RP11-959F10.4	SRR12765644	1.0035876309652703
RP11-959F10.4	SRR12765645	3.0869778017881186
RP11-959F10.4	SRR12765646	2.0136581239604583
RP11-959F10.4	SRR12765647	1.0292969953121303
RP11-959F10.4	SRR12765648	1.0119067516462763
RP11-959F10.4	SRR12765649	1.0495385478573618
RP11-959F10.4	SRR12765650	1.0183845609590005
RP11-959F10.4	SRR12765651	1.0282802169943726
RP11-959F10.4	SRR12765652	1.0107837488840228
RP11-959F10.4	SRR12774664	1.0053155170153698
RP11-959F10.4	SRR12774665	1.0135566637804032
RP11-959F10.4	SRR12774666	1.0106916250716198
RP11-959F10.4	SRR12774667	1.015112987886643
RP11-959F10.4	SRR12774668	1.0534151748540257
RP11-959F10.4	SRR12774669	1.0186226106952725
RP11-959F10.4	SRR12774670	1.0491130199238774
RP11-959F10.4	SRR12774671	1.0484655565231629
RP11-959F10.4	SRR12774672	1.0061938437846794
RP11-959F10.4	SRR12774673	1.01435609135224
RP11-959F10.4	SRR12774674	1.0244413045784626
RP11-959F10.4	SRR12774675	1.034652092580572
RP11-959F10.4	SRR12774676	1.0065547698859227
RP11-959F10.4	SRR12774677	1.0109759582725257
RP11-959F10.4	SRR12774678	1.0438847092278365
RP11-959F10.4	SRR12774679	1.023414658310555
RP11-959F10.4	SRR12774680	1.0142412524286228
RP11-959F10.4	SRR12774681	1.008730043871159
RP11-959F10.4	SRR12774682	1.0106527118449917
RP11-959F10.4	SRR12774683	1.0071464844271232
RP11-959F10.4	SRR12774684	1.0052888947242837
RP11-959F10.4	SRR12774685	1.0073894622198625
RP11-959F10.4	SRR12774686	1.0181683338140572
RP11-959F10.4	SRR12774687	1.0294604238537992
RP11-959F10.4	SRR1609360	2.0992249576925177
RP11-959F10.4	SRR1609361	1.0264423184229399
RP11-959F10.4	SRR1609362	1.0685001313413078
RP11-959F10.4	SRR1609363	1.0074338842995187
RP11-959F10.4	SRR1609364	1.0087481066288493
RP11-959F10.4	SRR1609365	1.0146339829764384
RP11-959F10.4	SRR1609366	1.0057564926416112
RP11-959F10.4	SRR1609367	2.0054655342432564
RP11-959F10.4	SRR1609368	1.0056529696494536
RP11-959F10.4	SRR1609369	1.0008998949047658
RP11-959F10.4	SRR1609370	1.0020862854161259
RP11-959F10.4	SRR1609371	1.0304964007766504
RP11-959F10.4	SRR1609372	1.000825166068307
RP11-959F10.4	SRR1609373	1.0075612554988438
RP11-959F10.4	SRR1609374	1.0026272514823873
RP11-959F10.4	SRR1609375	1.0066648133839482
RP11-959F10.4	SRR1609376	1.01626352655509
RP11-959F10.4	SRR1609377	1.0053810915116634
RP11-959F10.4	SRR1609378	1.0177728662012375
RP11-959F10.4	SRR1609379	1.0018312243074385
RP11-959F10.4	SRR1609380	1.0160023979140944
RP11-959F10.4	SRR1609381	2.0014397023245074
RP11-959F10.4	SRR1609382	1.0145549576818973
RP11-959F10.4	SRR1609383	2.021053852617162
RP11-959F10.4	SRR1609384	1.0098790952140646
RP11-959F10.4	SRR1609385	1.007487455393186
RP11-959F10.4	SRR1609386	1.0067982845157166
RP11-959F10.4	SRR1609387	1.0076068991803102
RP11-959F10.4	SRR1609388	1.0130372052474508
RP11-959F10.4	SRR1609389	1.0025356008660358
RP11-959F10.4	SRR1609390	1.0131607869251968
RP11-959F10.4	SRR1609391	1.0643168557255298
RP11-959F10.4	SRR1609392	1.0157951352724675
RP11-959F10.4	SRR1609393	1.0451601529901198
RP11-959F10.4	SRR1609394	1.028409336119194
RP11-959F10.4	SRR1609395	1.0056231596200704
RP11-959F10.4	SRR1609396	1.0011379495002815
RP11-959F10.4	SRR1609397	1.0149403288090864
RP11-959F10.4	SRR1609398	2.009438036189931
RP11-959F10.4	SRR1609399	2.0077359424701493
RP11-959F10.4	SRR1609400	1.0022191494924957
RP11-959F10.4	SRR1609401	1.0108006798559126
RP11-959F10.4	SRR1609402	1.0044939929610694
RP11-959F10.4	SRR1609403	1.00325727728352
RP11-959F10.4	SRR1609404	1.0122155976028022
RP11-959F10.4	SRR1609405	1.0068279191230753
RP11-959F10.4	SRR1609406	1.0040978458593541
RP11-959F10.4	SRR1609407	1.0024242592569674
RP11-959F10.4	SRR1609408	1.0078797189691773
RP11-959F10.4	SRR1609409	1.0192836281435407
RP11-959F10.4	SRR1609410	1
RP11-959F10.4	SRR1609411	1.0534817444447622
RP11-959F10.4	SRR1609412	1
RP11-959F10.4	SRR1609413	1.9241520195098472
RP11-959F10.4	SRR1609414	1.001651013035654
RP11-959F10.4	SRR1609415	1.0001799142310437
RP11-959F10.4	SRR1609416	1.002719204165851
RP11-959F10.4	SRR1609417	1.0068429754230048
RP11-959F10.4	SRR1609418	1.0014540594841934
RP11-959F10.4	SRR1609419	1.004906320813734
RP11-959F10.4	SRR1609420	1.0047772073142707
RP11-959F10.4	SRR1609421	1.0064932326669793
RP11-959F10.4	SRR1609422	1.0170007457993464
RP11-959F10.4	SRR1609423	1.0543133661346646
RP11-959F10.4	SRR1609424	1.0793326783308919
RP11-959F10.4	SRR1609425	1.001651013035654
RP11-959F10.4	SRR1609426	1.0047761793224967
RP11-959F10.4	SRR1609427	1.005322867319879
RP11-959F10.4	SRR1609428	1.0087253265689666
RP11-959F10.4	SRR1609429	2.002581375472949
RP11-959F10.4	SRR1609430	1.0041769234190894
RP11-959F10.4	SRR1609431	1.0075846296119257
RP11-959F10.4	SRR1609432	1.001545611227314
RP11-959F10.4	SRR1609433	1.0084913498862338
RP11-959F10.4	SRR1609434	1.0152841125038419
RP11-959F10.4	SRR1609435	1.0046132934463576
RP11-959F10.4	SRR1609436	1.0032740821844481
RP11-959F10.4	SRR1609437	1.0221628286585938
RP11-959F10.4	SRR1609438	1.0325930752618184
RP11-959F10.4	SRR1609439	2.0300877352827724
RP11-959F10.4	SRR1609440	1.0025798089086946
RP11-959F10.4	SRR1609441	1.002266574999606
RP11-959F10.4	SRR1609442	1.0074096441060612
RP11-959F10.4	SRR1609443	2.017831304982502
RP11-959F10.4	SRR1609444	1.0005398398063463
RP11-959F10.4	SRR1609445	1.0035295106373756
RP11-959F10.4	SRR1609446	1.011429259673962
RP11-959F10.4	SRR1609447	1.2343308859580486
RP11-959F10.4	SRR1609448	1.008885106736826
RP11-959F10.4	SRR1609449	1.0025049546470863
RP11-959F10.4	SRR1609450	1.0020862854161259
RP11-959F10.4	SRR1609451	1.013157817128191
RP11-959F10.4	SRR1609452	1.2640053263343127
RP11-959F10.4	SRR1609453	1.0018418386249568
RP11-959F10.4	SRR1609454	1.0163997734607435
RP11-959F10.4	SRR1609455	1.252344349611058
RP11-959F10.4	SRR1609456	1.004895674028629
RP11-959F10.4	SRR1609457	1.0066955867682956
RP11-959F10.4	SRR1609458	1.240929610314354
RP11-959F10.4	SRR1609459	1.0039139901228018
RP11-959F10.4	SRR1609460	1.0098989712686044
RP11-959F10.4	SRR1609461	1.0017090245686449
RP11-959F10.4	SRR1609462	1.0037407429361982
RP11-959F10.4	SRR1609463	1.0066043693551068
RP11-959F10.4	SRR1609464	1.011490802424949
RP11-959F10.4	SRR1609465	1.0122774846884037
RP11-959F10.4	SRR1609466	1.1216427607845454
RP11-959F10.4	SRR1609467	1.0121540748943918
RP11-959F10.4	SRR1609468	1.001725803535813
RP11-959F10.4	SRR1609469	1.0001799142310437
RP11-959F10.4	SRR1609470	1.004852231238677
RP11-959F10.4	SRR1609471	1.0021443221583142
RP11-959F10.4	SRR1609472	1.0873653005292128
RP11-959F10.4	SRR1609473	1.0580975264984585
RP11-959F10.4	SRR1609474	1.0025925045596629
RP11-959F10.4	SRR1609475	1.0221791170213061
RP11-959F10.4	SRR1609476	0.9524436712460697
RP11-959F10.4	SRR1609477	1.0057289905461357
RP11-959F10.4	SRR1609478	3.0698390775617117
RP11-959F10.4	SRR1609479	1.0106476593347347
RP11-959F10.4	SRR1609480	1
RP11-959F10.4	SRR1609481	1.0106218174964396
RP11-959F10.4	SRR1609482	1.0037100598776116
RP11-959F10.4	SRR1609483	1.0046132934463576
RP11-959F10.4	SRR1609484	1.0080701805983117
RP11-959F10.4	SRR1609485	2.0017997898095317
RP11-959F10.4	SRR1609486	1.0032740821844481
RP11-959F10.4	SRR1609487	1.0039962901985677
RP11-959F10.4	SRR1609488	1.0014402205102033
RP11-959F10.4	SRR1609489	1.0022191494924957
RP11-959F10.4	SRR1609490	1.0168440470363254
RP11-959F10.4	SRR1609491	1.0035876309652703
RP11-959F10.4	SRR1609492	1
RP11-959F10.4	SRR1609493	2.0091379914772927
RP11-959F10.4	SRR1609494	1.005980932254509
RP11-959F10.4	SRR1609495	1.002266574999606
RP11-959F10.4	SRR1609496	1.0008998949047658
RP11-959F10.4	SRR1609497	1.0008998949047658
RP11-959F10.4	SRR1609498	1.000359860831218
RP11-959F10.4	SRR1609499	1.0021169188365064
RP11-959F10.4	SRR1609500	1.001725803535813
RP11-959F10.4	SRR1609501	1.0012906877364744
RP11-959F10.4	SRR1609502	1.0131235797683193
RP11-959F10.4	SRR1609503	1.2577312251671255
RP11-959F10.4	SRR1609504	1
RP11-959F10.4	SRR1609505	1
RP11-959F10.4	SRR1609506	1.019996986701897
RP11-959F10.4	SRR1609507	1.0061660350318171
RP11-959F10.4	SRR1609508	1.0005398398063463
RP11-959F10.4	SRR1609509	1.0064221997611569
RP11-959F10.4	SRR1609510	1.0056982467093867
RP11-959F10.4	SRR1609511	1.0375190831321666
RP11-959F10.4	SRR1609512	1.003393745919232
RP11-959F10.4	SRR1609513	1.0032605119068476
RP11-959F10.4	SRR1609514	1.049805218598925
RP11-959F10.4	SRR1609515	1.001980837804911
RP11-959F10.4	SRR1609516	1.0042043830726162
RP11-959F10.4	SRR1609517	1.0230255913150224
RP11-959F10.4	SRR1609518	2.0032407877148253
RP11-959F10.4	SRR1609519	1.001725803535813
RP11-959F10.4	SRR1609520	1.0793712363413515
RP11-959F10.4	SRR1609521	1.0016784036170656
RP11-959F10.4	SRR1609522	1.0244721470044897
RP11-959F10.4	SRR1609523	1.0047940376745443
RP11-959F10.4	SRR1609524	1.0169007391409333
RP11-959F10.4	SRR1609525	1.0055480781368802
RP11-959F10.4	SRR1609526	3.062061677936925
RP11-959F10.4	SRR1609527	1
RP11-959F10.4	SRR1609528	1.0089020059058134
RP11-959F10.4	SRR1609529	1.026161768287664
RP11-959F10.4	SRR1609530	1.0048928994463358
RP11-959F10.4	SRR1609531	1.0038422727480136
RP11-959F10.4	SRR1609532	1.0073820968056781
RP11-959F10.4	SRR1609533	1.0388210508926796
RP11-959F10.4	SRR1609534	1.0013180684646343
RP11-959F10.4	SRR1609535	1.0447999386373616
RP11-959F10.4	SRR1609536	1.0111854977845782
RP11-959F10.4	SRR1609537	1.003877062984047
RP11-959F10.4	SRR1609538	2
RP11-959F10.4	SRR1609539	1.0062411626561332
RP11-959F10.4	SRR1609540	2
RP11-959F10.4	SRR1609541	1.1005986779971142
RP11-959F10.4	SRR1609542	1.0023720526815605
RP11-959F10.4	SRR1609543	1.0020862854161259
RP11-959F10.4	SRR1609544	2.011874757599656
RP11-959F10.4	SRR1609545	1.263713354771958
RP11-959F10.4	SRR1609546	1
RP11-959F10.4	SRR1609547	1.0052170791293795
RP11-959F10.4	SRR1609548	1.0184861532197387
RP11-959F10.4	SRR1609549	1.0108592213002114
RP11-959F10.4	SRR1609550	1
RP11-959F10.4	SRR1609551	1.0117435272800281
RP11-959F10.4	SRR1609552	1.0045689957386463
RP11-959F10.4	SRR1609553	1.0026579014399075
RP11-959F10.4	SRR1609554	1.0092141688423883
RP11-959F10.4	SRR1609555	1.0035601881766363
RP11-959F10.4	SRR1609556	1.0226028348590848
RP11-959F10.4	SRR1609557	2.0126886473483316
RP11-959F10.4	SRR1609558	1.0043407660883636
RP11-959F10.4	SRR1609559	1.0429313075146665
RP11-959F10.4	SRR1609560	1.0074202577564666
RP11-959F10.4	SRR1609561	1.002610457415912
RP11-959F10.4	SRR1609562	2.0020104575169384
RP11-959F10.4	SRR1609563	1.0044771676265627
RP11-959F10.4	SRR1609564	1.0009578629360643
RP11-959F10.4	SRR1609565	1.0254977843458928
RP11-959F10.4	SRR1609566	1.0033796658956018
RP11-959F10.4	SRR1609567	1.258890072207468
RP11-959F10.4	SRR1609568	2
RP11-959F10.4	SRR1609569	3
RP11-959F10.4	SRR1609570	1.0181071207811365
RP11-959F10.4	SRR1609571	1.0245516446814755
RP11-959F10.4	SRR1609572	3.0406004348256834
RP11-959F10.4	SRR1609573	2.040350292061208
RP11-959F10.4	SRR1609574	1.0052445672264152
RP11-959F10.4	SRR1609575	1.0736998596975067
RP11-959F10.4	SRR1609576	1.004026982007113
RP11-959F10.4	SRR1609577	1.0042350812424865
RP11-959F10.4	SRR1609578	1.0017838194003639
RP11-959F10.4	SRR1609579	1.0068290619802291
RP11-959F10.4	SRR1609580	1.0077765856207708
RP11-959F10.4	SRR1609581	1.0421710305067429
RP11-959F10.4	SRR1609582	1.008446585812273
RP11-959F10.4	SRR1609583	1.0362453520104524
RP11-959F10.4	SRR1609584	1.0020695004108646
RP11-959F10.4	SRR1609585	3.0026996847142975
RP11-959F10.4	SRR1609586	1.0786248766862927
RP11-959F10.4	SRR1609587	1.012248840177597
RP11-959F10.4	SRR1609588	1.0140245410109685
RP11-959F10.4	SRR1609589	1.0026579014399075
RP11-959F10.4	SRR1609590	1.000359860831218
RP11-959F10.4	SRR1609591	1.0032740821844481
RP11-959F10.4	SRR1609592	1.0069291468220734
RP11-959F10.4	SRR1609593	1.0055894714059808
RP11-959F10.4	SRR1609594	1.0256481719610884
RP11-959F10.4	SRR1609595	1.0250719923527887
RP11-959F10.4	SRR1609596	1.0026272514823873
RP11-959F10.4	SRR1609597	1.0042350812424865
RP11-959F10.4	SRR1609598	1.027952820823441
RP11-959F10.4	SRR1609599	1.0215262413064172
RP11-959F10.4	SRR1609600	1.031286113324528
RP11-959F10.4	SRR1609601	1.0283735803533551
RP11-959F10.4	SRR1609602	2.3267904494222718
RP11-959F10.4	SRR1609603	1
RP11-959F10.4	SRR1609604	1.0071022645360526
RP11-959F10.4	SRR1609605	1.0077519822290972
RP11-959F10.4	SRR1609606	1.016340160710226
RP11-959F10.4	SRR1609607	1.0050669824037204
RP11-959F10.4	SRR1609608	1.0206596050691408
RP11-959F10.4	SRR1609609	1.0332064999113728
RP11-959F10.4	SRR1609610	1
RP11-959F10.4	SRR1609611	1.0173971986878916
RP11-959F10.4	SRR1609612	1.002341411462068
RP11-959F10.4	SRR1609613	1.0008998949047658
RP11-959F10.4	SRR1609614	1.0118849169807895
RP11-959F10.4	SRR1609615	1.0031991760872525
RP11-959F10.4	SRR1609616	1
RP11-959F10.4	SRR1609617	1
RP11-959F10.4	SRR1609618	1.0032298435283036
RP11-959F10.4	SRR1609619	1.0036625660673133
RP11-959F10.4	SRR1609620	1.0128377161891344
RP11-959F10.4	SRR1609621	1.00876204659104
RP11-959F10.4	SRR1609622	1.0397207257794516
RP11-959F10.4	SRR1609623	1.0194149042912743
RP11-959F10.4	SRR1609624	1.2336696420287332
RP11-959F10.4	SRR1609625	1.0016203938574126
RP11-959F10.4	SRR1609626	2.015915797940473
RP11-959F10.4	SRR1609627	1.0055788173830293
RP11-959F10.4	SRR1609628	1.0019198736744939
RP11-959F10.4	SRR1609629	1.016628015095451
RP11-959F10.4	SRR1609630	1.002838293865245
RP11-959F10.4	SRR1609631	1
RP11-959F10.4	SRR1609632	2
RP11-959F10.4	SRR1609633	1.0036658019973412
RP11-959F10.4	SRR1609634	1.0084021190782648
RP11-959F10.4	SRR1609635	1.0252958338928058
RP11-959F10.4	SRR1609636	1.0340317261405663
RP11-959F10.4	SRR1609637	1.004139785441317
RP11-959F10.4	SRR1609638	1.0249950491217468
RP11-959F10.4	SRR1609639	2.0111789428119615
RP11-959F10.4	SRR1609640	1.0001799142310437
RP11-959F10.4	SRR1609641	1.0002851723145936
RP11-959F10.4	SRR1609642	1
RP11-959F10.4	SRR1609643	1.0122774846884037
RP11-959F10.4	SRR1609644	2.0021599420794187
RP11-959F10.4	SRR1609645	1.0032298435283036
RP11-959F10.4	SRR1609646	1.0023994629801138
RP11-959F10.4	SRR1609647	1.0212982971415507
RP11-959F10.4	SRR1609648	1.0036559710886879
RP11-959F10.4	SRR1609649	2.0166940615573257
RP11-959F10.4	SRR1609650	1.0075230294309803
RP11-959F10.4	SRR1609651	1.0034545854694705
RP11-959F10.4	SRR1609652	1.0036044413997351
RP11-959F10.4	SRR1609653	1.0511387444381015
RP11-959F10.4	SRR1609654	1.0351447830852243
RP11-959F10.4	SRR1609655	1.0068800116614336
RP11-959F10.4	SRR1609656	2.0293234571655887
RP11-959F10.4	SRR1609657	1.0132706137894723
RP11-959F10.4	SRR1609658	1.0203628410233592
RP11-959F10.4	SRR1609659	1.0080669304680778
RP11-959F10.4	SRR1609660	1.0039487828443494
RP11-959F10.4	SRR1609661	2.002969774836743
RP11-959F10.4	SRR1609662	1.0047190180949654
RP11-959F10.4	SRR1609663	1.002668524516
RP11-959F10.4	SRR1609664	1.00735571483492
RP11-959F10.4	SRR1609665	1
RP11-959F10.4	SRR1609666	1.0168930220669719
RP11-959F10.4	SRR1609667	1.0029880577585075
RP11-959F10.4	SRR1609668	1.126374524616663
RP11-959F10.4	SRR1609669	1.0197584865298666
RP11-959F10.4	SRR1746771	0.5818757355634473
RP11-959F10.4	SRR1746772	0.589515562609275
RP11-959F10.4	SRR1746773	0.764442612521828
RP11-959F10.4	SRR1746774	0.5365488408099495
RP11-959F10.4	SRR1746775	0.4716264414706247
RP11-959F10.4	SRR1746776	0.8231696533064237
RP11-959F10.4	SRR1746777	0.7204267908864945
RP11-959F10.4	SRR1746778	0.5400933262493899
RP11-959F10.4	SRR1746779	0.5976573675055249
RP11-959F10.4	SRR1746780	0.5295462208783305
RP11-959F10.4	SRR1746781	2.2119607150315863
RP11-959F10.4	SRR1746782	1.0045689957386463
RP11-959F10.4	SRR1746783	1
RP11-959F10.4	SRR1746784	1
RP11-959F10.4	SRR1782685	1.0163701315430376
RP11-959F10.4	SRR1782686	1.0245185067839673
RP11-959F10.4	SRR1782687	1.0124456809155273
RP11-959F10.4	SRR1782688	1.0169436235163218
RP11-959F10.4	SRR1782689	1.0182289169689787
RP11-959F10.4	SRR1782690	1.0209481971593921
RP11-959F10.4	SRR1782691	1.0018005996203712
RP11-959F10.4	SRR1782692	1.0083965328803508
RP11-959F10.4	SRR1782693	2.018311227118144
RP11-959F10.4	SRR1782694	1.0162846397295895
RP11-959F10.4	SRR1782695	2.0014397023245074
RP11-959F10.4	SRR1782696	1.0034071037477756
RP11-959F10.4	SRR1782697	1.008894629432837
RP11-959F10.4	SRR1782698	1.0021169188365064
RP11-959F10.4	SRR1782699	1.0249781804088034
RP11-959F10.4	SRR1782700	1.0077600305872203
RP11-959F10.4	SRR1782701	1.00637782229101
RP11-959F10.4	SRR1782702	1.0108389703070961
RP11-959F10.4	SRR1782703	2.007897565688699
RP11-959F10.4	SRR1782704	1.0159997238820426
RP11-959F10.4	SRR1782705	1.024627921670523
RP11-959F10.4	SRR1782706	1.0025798089086946
RP11-959F10.4	SRR1782707	1.0038986591209549
RP11-959F10.4	SRR1782708	1.0538021486811544
RP11-959F10.4	SRR1782709	1.0501361936915201
RP11-959F10.4	SRR1782710	1
RP11-959F10.4	SRR1782711	1.0116484418278766
RP11-959F10.4	SRR1782712	1.0121272073678107
RP11-959F10.4	SRR1782713	1.0221907801445005
RP11-959F10.4	SRR1782714	1.0873263978153305
RP11-959F10.4	SRR1782715	1.0025049546470863
RP11-959F10.4	SRR1782716	1.015162755673933
RP11-959F10.4	SRR1782717	1.000825166068307
RP11-959F10.4	SRR1782718	1.0146894749478659
RP11-959F10.4	SRR1782719	1.0074140567609242
RP11-959F10.4	SRR1782720	1.017778610915434
RP11-959F10.4	SRR1782721	1.1217593509927906
RP11-959F10.4	SRR1782722	1.0008998949047658
RP11-959F10.4	SRR1782723	1.002266574999606
RP11-959F10.4	SRR1782724	1.011574079940271
RP11-959F10.4	SRR1782725	1.0690992721583623
RP11-959F10.4	SRR1782726	1.00768154067403
RP11-959F10.4	SRR1782727	1
RP11-959F10.4	SRR1782728	1.0306785213210727
RP11-959F10.4	SRR1782729	1.909421028149859
RP11-959F10.4	SRR1782730	1.0014402205102033
RP11-959F10.4	SRR1782731	1.032900384680387
RP11-959F10.4	SRR1782732	1.0797441103980587
RP11-959F10.4	SRR1782733	1.0099265873940113
RP11-959F10.4	SRR1782734	1.0063429038612468
RP11-959F10.4	SRR1782735	1.0047021889912742
RP11-959F10.4	SRR1782736	1.01871989576969
RP11-959F10.4	SRR1782737	1.0016784036170656
RP11-959F10.4	SRR1782738	2.099800988636866
RP11-959F10.4	SRR1782739	2.0210434966121062
RP11-959F10.4	SRR1782740	1.01204669428906
RP11-959F10.4	SRR1782741	1.0546801002769515
RP11-959F10.4	SRR1782742	1
RP11-959F10.4	SRR1782743	1.002042099135034
RP11-959F10.4	SRR1782744	1.0050596339700848
RP11-959F10.4	SRR1782745	1.0123427036165962
RP11-959F10.4	SRR1782746	2.0406081421297304
RP11-959F10.4	SRR1782747	1.0076202296922758
RP11-959F10.4	SRR1782748	1.015029947158002
RP11-959F10.4	SRR1782749	1.013076264249149
RP11-959F10.4	SRR1782750	2.0028178134338206
RP11-959F10.4	SRR1782751	1.0158954859371438
RP11-959F10.4	SRR1782752	1.0068598403855975
RP11-959F10.4	SRR1782753	3.003189608670822
RP11-959F10.4	SRR1782754	1.0085680787439217
RP11-959F10.4	SRR1782755	1.0027601872840743
RP11-959F10.4	SRR1782756	1.0456381683839602
RP11-959F10.4	SRR1782757	1.0014708341806098
RP11-959F10.4	SRR1782758	1.0018005996203712
RP11-959F10.4	SRR1782759	1.0044740376826409
RP11-959F10.4	SRR1782760	1.0145475398780028
RP11-959F10.4	SRR1782761	1.1238501762695376
RP11-959F10.4	SRR1782762	1.0649255307900556
RP11-959F10.4	SRR1782763	1.0055312351463837
RP11-959F10.4	SRR1782764	1.0012159297227785
RP11-959F10.4	SRR1782765	1.003304751915352
RP11-959F10.4	SRR1782766	1.0108493839910517
RP11-959F10.4	SRR1782767	1.0099364157227675
RP11-959F10.4	SRR1782768	1.0066666566644284
RP11-959F10.4	SRR1782769	1.0087205227286287
RP11-959F10.4	SRR1782770	2.0094847717658997
RP11-959F10.4	SRR1782771	1.0068292462162547
RP11-959F10.4	SRR1782772	1.005465650857193
RP11-959F10.4	SRR1782773	1.0044157574249153
RP11-959F10.4	SRR1782774	1.0025523936786382
RP11-959F10.4	SRR1782775	1.0203057202994605
RP11-959F10.4	SRR1782776	1.0152330951494304
RP11-959F10.4	SRR1782777	1.0001799142310437
RP11-959F10.4	SRR1782778	1.0018586198168056
RP11-959F10.4	SRR1782779	1.0284290516569456
RP11-959F10.4	SRR1782780	1.0131470187154437
RP11-959F10.4	SRR1782781	1.0353590447332954
RP11-959F10.4	SRR1782782	3.0625693262391196
RP11-959F10.4	SRR1782783	1.0064352388451732
RP11-959F10.4	SRR1782784	1.0034239111583483
RP11-959F10.4	SRR1782785	1.0010799710397094
RP11-959F10.4	SRR1782786	1.0254091193769634
RP11-959F10.4	SRR1782787	1
RP11-959F10.4	SRR1782788	1.0037988754978042
RP11-959F10.4	SRR1782789	1.0173768425012382
RP11-959F10.4	SRR1782790	1.0056784533302756
RP11-959F10.4	SRR1782791	2.0120329513457293
RP11-959F10.4	SRR1782792	1.0069216150206068
RP11-959F10.4	SRR1782793	1.0375153886962647
RP11-959F10.4	SRR1782794	1.0069211050997067
RP11-959F10.4	SRR1782795	1.0214531830775024
RP11-959F10.4	SRR1782796	1.0800775530816074
RP11-959F10.4	SRR1782797	1.0257043393761212
RP11-959F10.4	SRR1782798	1.0196936687232063
RP11-959F10.4	SRR1782799	2.0032407877148253
RP11-959F10.4	SRR1782800	1.0018005996203712
RP11-959F10.4	SRR1782801	1.0056231596200704
RP11-959F10.4	SRR1782802	1.00746468119409
RP11-959F10.4	SRR1782803	1.0037100598776116
RP11-959F10.4	SRR1782804	2.0055046880068934
RP11-959F10.4	SRR1782805	1.0018005996203712
RP11-959F10.4	SRR1782806	1.002719204165851
RP11-959F10.4	SRR1782807	1.0356994706753837
RP11-959F10.4	SRR1782808	1.026827020828528
RP11-959F10.4	SRR1782809	2.02750545811977
RP11-959F10.4	SRR1782810	1.0169339604032894
RP11-959F10.4	SRR1782811	1.0031517064510844
RP11-959F10.4	SRR1782812	1.012847572848198
RP11-959F10.4	SRR1782813	1.0063165906321876
RP11-959F10.4	SRR1782814	1.0131760192829955
RP11-959F10.4	SRR1782815	1.062495840870562
RP11-959F10.4	SRR1782816	1.0005398398063463
RP11-959F10.4	SRR1782817	1.0035908666536983
RP11-959F10.4	SRR1782818	1.0140695526855483
RP11-959F10.4	SRR1782819	1.0280666097863669
RP11-959F10.4	SRR1782820	1.0360618097617436
RP11-959F10.4	SRR1782821	1.0027327671216282
RP11-959F10.4	SRR1782822	1.008031995028529
RP11-959F10.4	SRR1782823	1.003877062984047
RP11-959F10.4	SRR1782824	1.0057597353227128
RP11-959F10.4	SRR1782825	1.0058487323132066
RP11-959F10.4	SRR1782826	1.0069518863188005
RP11-959F10.4	SRR1782827	3.0406978011147663
RP11-959F10.4	SRR1782828	1
RP11-959F10.4	SRR1782829	1
RP11-959F10.4	SRR1782830	1.0394926725314855
RP11-959F10.4	SRR1782831	1.0739194225513655
RP11-959F10.4	SRR1782832	1.0329184392097017
RP11-959F10.4	SRR1782833	3.069998448069367
RP11-959F10.4	SRR1782834	1.0001799142310437
RP11-959F10.4	SRR1782835	1.115615765911128
RP11-959F10.4	SRR1782836	0.5565696355060236
RP11-959F10.4	SRR1782837	1.0281334706568328
RP11-959F10.4	SRR1782838	1.0134017576581857
RP11-959F10.4	SRR1782839	1.014242485141271
RP11-959F10.4	SRR1782840	1.0085859860123885
RP11-959F10.4	SRR1782841	2.0305365603160794
RP11-959F10.4	SRR1782842	1
RP11-959F10.4	SRR1782843	1.0248893103783814
RP11-959F10.4	SRR1782844	1.0002851723145936
RP11-959F10.4	SRR1782845	1.0191934424402136
RP11-959F10.4	SRR1782846	1.0056007446618231
RP11-959F10.4	SRR1782847	1.2341754014728283
RP11-959F10.4	SRR1782848	1.2339624247168026
RP11-959F10.4	SRR1782849	1.2407817669595906
RP11-959F10.4	SRR1782850	1.2523904174212142
RP11-959F10.4	SRR1782851	1.2640085575608608
RP11-959F10.4	SRR1782852	1.264344673893091
RP11-959F10.4	SRR1782853	1.2591344565382891
RP11-959F10.4	SRR1782854	1.0032740821844481
RP11-959F10.4	SRR1782855	1.0024121563473647
RP11-959F10.4	SRR1782856	1.005344170055093
RP11-959F10.4	SRR1782857	1.0072254172113015
RP11-959F10.4	SRR1782858	1.0010799710397094
RP11-959F10.4	SRR1782859	1.0016203938574126
RP11-959F10.4	SRR1782860	1.002266574999606
RP11-959F10.4	SRR1782861	1.0018713063353686
RP11-959F10.4	SRR1782862	1.0047190180949654
RP11-959F10.4	SRR1782863	1.0026579014399075
RP11-959F10.4	SRR1782864	1.0132164950882474
RP11-959F10.4	SRR1782865	1.0042826021444868
RP11-959F10.4	SRR1782866	1.0035295106373756
RP11-959F10.4	SRR1782867	1.0170545049080533
RP11-959F10.4	SRR1782868	1.0036658019973412
RP11-959F10.4	SRR1782869	1.0035127014580056
RP11-959F10.4	SRR1782870	1.0025049546470863
RP11-959F10.4	SRR1782871	1.0053810915116634
RP11-959F10.4	SRR1782872	1.002779198304047
RP11-959F10.4	SRR1782873	1.004671476542523
RP11-959F10.4	SRR1782874	1.0065024345620641
RP11-959F10.4	SRR1782875	1.0051863509411016
RP11-959F10.4	SRR1782876	1.003982710152387
RP11-959F10.4	SRR1782877	1.0034239111583483
RP11-959F10.4	SRR1782878	2.016113090897441
RP11-959F10.4	SRR1782879	2.029612926566694
RP11-959F10.4	SRR1782880	1.0042383190183728
RP11-959F10.4	SRR1782881	1.0041769234190894
RP11-959F10.4	SRR1782882	1.0035295106373756
RP11-959F10.4	SRR1782883	1.0018312243074385
RP11-959F10.4	SRR1782884	1.0007198511622537
RP11-959F10.4	SRR1782885	1
RP11-959F10.4	SRR1782886	1.0055714652071701
RP11-959F10.4	SRR1782887	2.0018609841152224
RP11-959F10.4	SRR1782888	1.003284711788924
RP11-959F10.4	SRR1782889	1.0043575891380983
RP11-959F10.4	SRR1782890	2.003091222454628
RP11-959F10.4	SRR1782891	1.0007198511622537
RP11-959F10.4	SRR1782892	1.0018586198168056
RP11-959F10.4	SRR1782893	1.0039213301801309
RP11-959F10.4	SRR1782894	1.0115931161663667
RP11-959F10.4	SRR1782895	1.0037100598776116
RP11-959F10.4	SRR1782896	1.0021611084168651
RP11-959F10.4	SRR1782897	1.0028076383933613
RP11-959F10.4	SRR1782898	1.002266574999606
RP11-959F10.4	SRR1782899	1.003793020797143
RP11-959F10.4	SRR1782900	1.0010799710397094
RP11-959F10.4	SRR1782901	2.0020104575169384
RP11-959F10.4	SRR1782902	1
RP11-959F10.4	SRR1782903	1.0025523936786382
RP11-959F10.4	SRR1782904	1
RP11-959F10.4	SRR1782905	1.0021169188365064
RP11-959F10.4	SRR1782906	2.0128443995223138
RP11-959F10.4	SRR1782907	1.004907806923692
RP11-959F10.4	SRR1782908	3.009280834106082
RP11-959F10.4	SRR1782909	1.0034545854694705
RP11-959F10.4	SRR1782910	2
RP11-959F10.4	SRR1782911	1.0070406938452114
RP11-959F10.4	SRR1782912	0.9535200498249207
RP11-959F10.4	SRR1782913	2
RP11-959F10.4	SRR1782914	1.0028076383933613
RP11-959F10.4	SRR1782915	3
RP11-959F10.4	SRR1782916	1.010869575218145
RP11-959F10.4	SRR1782917	1.0032393128452408
RP11-959F10.4	SRR1782918	1.0010799710397094
RP11-959F10.4	SRR1782919	1
RP11-959F10.4	SRR1782920	1.0010799710397094
RP11-959F10.4	SRR1782921	1.0020862854161259
RP11-959F10.4	SRR1782922	1.1868611598736958
RP11-959F10.4	SRR1782923	1.0056388977969737
RP11-959F10.4	SRR1782924	1.0051863509411016
RP11-959F10.4	SRR1782925	1.0035528507597562
RP11-959F10.4	SRR1782926	1.007434179369019
RP11-959F10.4	SRR1782927	1.002913173016367
RP11-959F10.4	SRR1782928	1.0072973762876458
RP11-959F10.4	SRR1782929	1.0087717835221508
RP11-959F10.4	SRR1782930	1.002940598112091
RP11-959F10.4	SRR1782931	1.0027327671216282
RP11-959F10.4	SRR1782932	1.0037513774849056
RP11-959F10.4	SRR1782933	2.1307994216975272
RP11-959F10.4	SRR1782934	1.005940685812108
RP11-959F10.4	SRR1782935	1.0045521691478385
RP11-959F10.4	SRR1782936	1.0259722498988069
RP11-959F10.4	SRR1782937	1.0079641033133233
RP11-959F10.4	SRR1782938	1.258100037900621
RP11-959F10.4	SRR1782939	1.00479109240232
RP11-959F10.4	SRR1782940	1.0026719713353072
RP11-959F10.4	SRR1782941	1.0079259217617345
RP11-959F10.4	SRR1782942	1.004026982007113
RP11-959F10.4	SRR1782943	1.0047190180949654
RP11-959F10.4	SRR1782944	1.0013180684646343
RP11-959F10.4	SRR1782945	1.0053810915116634
RP11-959F10.4	SRR1782946	1.0021611084168651
RP11-959F10.4	SRR1782947	1.0021443221583142
RP11-959F10.4	SRR1782948	2
RP11-959F10.4	SRR1782949	1.0025217469463543
RP11-959F10.4	SRR1782950	1
RP11-959F10.4	SRR1782951	1.00336285922614
RP11-959F10.4	SRR1782952	1.2727400864563254
RP11-959F10.4	SRR1782953	1.0019060282634729
RP11-959F10.4	SRR1782954	1.1264165338665522
RP11-959F10.4	SRR1782955	1.0342541231867062
RP11-959F10.4	SRR1782956	1.0152841125038419
RP11-959F10.4	SRR1782957	1.0197859199459323
RP11-959F10.4	SRR1782958	2.0110961562737604
RP11-959F10.4	SRR1782959	1.058591539507089
RP11-959F10.4	SRR1782960	1
RP11-959F10.4	SRR1782961	1.0036559710886879
RP11-959F10.4	SRR1782962	1.0074338842995187
RP11-959F10.4	SRR1782963	1.0069794218548913
RP11-959F10.4	SRR1782964	1.00041779758595
RP11-959F10.4	SRR1782965	1.0031517064510844
RP11-959F10.4	SRR1782966	1
RP11-959F10.4	SRR1782967	1.0041326449528036
RP11-959F10.4	SRR1782968	1.0010799710397094
RP11-959F10.4	SRR1782969	1.0124368080984334
RP11-959F10.4	SRR1782970	1.0128272820215503
RP11-959F10.4	SRR1782971	1.0171304455441843
RP11-959F10.4	SRR1782972	1.0057292851162858
RP11-959F10.4	SRR1782973	1.0517459917633214
RP11-959F10.4	SRR1782974	1
RP11-959F10.4	SRR1782975	1.0401318016702708
RP11-959F10.4	SRR1782976	1.009948283487657
RP11-959F10.4	SRR1782977	1.000359860831218
RP11-959F10.4	SRR1782978	1.0169714322808001
RP11-959F10.4	SRR1782979	2.0170716411099687
RP11-959F10.4	SRR1782980	1.0017838194003639
RP11-959F10.4	SRR1782981	1.0125043176315647
RP11-959F10.4	SRR1782982	1.0058655806218886
RP11-959F10.4	SRR1782983	2.0020104575169384
RP11-959F10.4	SRR1782984	1.000359860831218
RP11-959F10.4	SRR1782985	1.0068675867150407
RP11-959F10.4	SRR1782986	1.0030629480920839
RP11-959F10.4	SRR1782987	1.0012906877364744
RP11-959F10.4	SRR1782988	2
RP11-959F10.4	SRR1782989	1.0436400210748342
RP11-959F10.4	SRR1782990	1.0139756387641055
RP11-959F10.4	SRR1782991	1.004207620749528
RP11-959F10.4	SRR1782992	1.002446897019748
RP11-959F10.4	SRR1782993	1.021449196840116
RP11-959F10.4	SRR1782994	1
RP11-959F10.4	SRR1782995	2.0169826997724676
RP11-959F10.4	SRR1782996	1
RP11-959F10.4	SRR1782997	1.0045214612850002
RP11-959F10.4	SRR1782998	1.0037100598776116
RP11-959F10.4	SRR1782999	1.022088986019526
RP11-959F10.4	SRR1783000	1.00395855299875
RP11-959F10.4	SRR1783001	1.0169288929732232
RP11-959F10.4	SRR1783002	1.0573070730118106
RP11-959F10.4	SRR1783003	1
RP11-959F10.4	SRR1783004	1.0046291005525438
RP11-959F10.4	SRR1783005	1.016291836005615
RP11-959F10.4	SRR1783006	1.0243516724527386
RP11-959F10.4	SRR1813867	1.0510786620096826
RP11-959F10.4	SRR1813868	1.0200170572585177
RP11-959F10.4	SRR1813869	1.0105861980877333
RP11-959F10.4	SRR1813870	0.6304292463259884
RP11-959F10.4	SRR1813871	0.564449275688589
RP11-959F10.4	SRR1813872	0.838985280713538
RP11-959F10.4	SRR1813873	2.270299250073844
RP11-959F10.4	SRR1813874	1.01090379638317
RP11-959F10.4	SRR1813875	1
RP11-959F10.4	SRR1813876	1.0053946904725954
RP11-959F10.4	SRR1813877	0.27178572447565047
RP11-959F10.4	SRR1813878	1.0007198511622537
RP11-959F10.4	SRR1813879	1
RP11-959F10.4	SRR1813880	1
RP11-959F10.4	SRR1813881	1.021262493620424
RP11-959F10.4	SRR1813882	0.6546924374221423
RP11-959F10.4	SRR1813883	3.0026493893148496
RP11-959F10.4	SRR1813884	2.0274160567105386
RP11-959F10.4	SRR1813885	1
RP11-959F10.4	SRR1813886	1.001260079572912
RP11-959F10.4	SRR1813887	1.0111685603669651
RP11-959F10.4	SRR1928188	1.008175814381133
RP11-959F10.4	SRR1928189	1.0072973762876458
RP11-959F10.4	SRR1928190	1.0087587942301535
RP11-959F10.4	SRR1928191	1.0112464490004
RP11-959F10.4	SRR1928192	1.0128070516909926
RP11-959F10.4	SRR1928193	1.0152152136193056
RP11-959F10.4	SRR2046996	1.008539072196977
RP11-959F10.4	SRR2046997	1.0109890563544852
RP11-959F10.4	SRR2046998	1.0200140719986568
RP11-959F10.4	SRR2046999	1.0076015069974786
RP11-959F10.4	SRR2047000	1.0105504932171951
RP11-959F10.4	SRR2047001	1.009303362382281
RP11-959F10.4	SRR2047002	1.0186478082828578
RP11-959F10.4	SRR2047003	1.023518185444259
RP11-959F10.4	SRR2047004	1.007825499021943
RP11-959F10.4	SRR2047005	1.008036115163524
RP11-959F10.4	SRR2047006	1.0150270823281453
RP11-959F10.4	SRR2047007	1.0260812180778769
RP11-959F10.4	SRR2047008	2.0248300565731543
RP11-959F10.4	SRR2047009	1.0183672447201313
RP11-959F10.4	SRR2313973	1.0129896589757252
RP11-959F10.4	SRR2313974	1.0076249418264847
RP11-959F10.4	SRR2313975	1.0104444508848685
RP11-959F10.4	SRR2313976	1.0149132606524793
RP11-959F10.4	SRR2313977	1.0087617511326181
RP11-959F10.4	SRR2313978	1.0271359063427055
RP11-959F10.4	SRR2313979	1.0105196019933347
RP11-959F10.4	SRR2313980	1.0058930864524789
RP11-959F10.4	SRR2313981	1.003600339378272
RP11-959F10.4	SRR2313982	1.0133699045526758
RP11-959F10.4	SRR2313983	1.0170847179728304
RP11-959F10.4	SRR2313984	1.0054730022593972
RP11-959F10.4	SRR2313985	1.019556072755473
RP11-959F10.4	SRR2313986	1.0062550679746862
RP11-959F10.4	SRR2313987	1.003375564792861
RP11-959F10.4	SRR2313988	1.0091419637279229
RP11-959F10.4	SRR2313989	1.010807774207177
RP11-959F10.4	SRR2313990	1.0158151880323143
RP11-959F10.4	SRR2313991	1.0168515419605484
RP11-959F10.4	SRR2313992	1.015373075829736
RP11-959F10.4	SRR2313993	1.0105059337128883
RP11-959F10.4	SRR2313994	1.0221592337096574
RP11-959F10.4	SRR2313995	1.0042826021444868
RP11-959F10.4	SRR2313996	1.004538287361441
RP11-959F10.4	SRR2313997	1.0122808125437386
RP11-959F10.4	SRR2313998	1.0248492994103025
RP11-959F10.4	SRR2313999	1.0094294474234875
RP11-959F10.4	SRR2314000	1.0087270870616352
RP11-959F10.4	SRR2314001	1.0141174746934551
RP11-959F10.4	SRR2314002	1.010893086055989
RP11-959F10.4	SRR2314003	1.022034789012044
RP11-959F10.4	SRR2314004	1.0080013221818138
RP11-959F10.4	SRR2314005	1.0095719427644396
RP11-959F10.4	SRR2314006	1.0192358061432685
RP11-959F10.4	SRR2314007	1.0060605124728728
RP11-959F10.4	SRR2314008	1.0013180684646343
RP11-959F10.4	SRR2314009	1.008292756005706
RP11-959F10.4	SRR2314010	1.0066364307385607
RP11-959F10.4	SRR2314011	1.0071913803233676
RP11-959F10.4	SRR2314012	1.0074128921171241
RP11-959F10.4	SRR2314013	1.0120065015814301
RP11-959F10.4	SRR2314014	1.0116520854708597
RP11-959F10.4	SRR2314015	1.0078272282716871
RP11-959F10.4	SRR2314016	2.0065334937187993
RP11-959F10.4	SRR2314017	1.0198405146740634
RP11-959F10.4	SRR2314018	1.03782980758221
RP11-959F10.4	SRR2314019	1.0033796658956018
RP11-959F10.4	SRR2314020	1.0167059661554507
RP11-959F10.4	SRR2314021	1.0050805771159577
RP11-959F10.4	SRR2314022	1.012335005482347
RP11-959F10.4	SRR2314023	1.009930139320552
RP11-959F10.4	SRR2314024	1.013303558456437
RP11-959F10.4	SRR2314025	2.0100028567894586
RP11-959F10.4	SRR2314026	1.022744558399226
RP11-959F10.4	SRR2314027	1.007581381047162
RP11-959F10.4	SRR2314028	1.0028825152555245
RP11-959F10.4	SRR2314029	1.002341411462068
RP11-959F10.4	SRR2314030	2.0095544146285413
RP11-959F10.4	SRR2314031	1.0176657679213166
RP11-959F10.4	SRR2314032	1.0178177461498867
RP11-959F10.4	SRR2314033	1.024669135723135
RP11-959F10.4	SRR2314034	1.0297963295780983
RP11-959F10.4	SRR2314035	1.0473841672111144
RP11-959F10.4	SRR2314036	1.0175308560885339
RP11-959F10.4	SRR2314037	1.0139178371600932
RP11-959F10.4	SRR2314038	1.0058040855375532
RP11-959F10.4	SRR2314039	1.0112464490004
RP11-959F10.4	SRR2314040	1.0396160750498236
RP11-959F10.4	SRR2314041	1.0076429847957384
RP11-959F10.4	SRR2314042	1.0040818938645244
RP11-959F10.4	SRR2314043	1.0092407859660601
RP11-959F10.4	SRR2314044	1.004255818226279
RP11-959F10.4	SRR2314045	1.0076154311147274
RP11-959F10.4	SRR3493774	2
RP11-959F10.4	SRR3493775	1
RP11-959F10.4	SRR3493776	2.7863420810402317
RP11-959F10.4	SRR3493777	1.0007198511622537
RP11-959F10.4	SRR3493778	4
RP11-959F10.4	SRR3493779	1.0035740564466114
RP11-959F10.4	SRR3493780	1.0498945968332396
RP11-959F10.4	SRR3493781	1
RP11-959F10.4	SRR3493782	1.008534950006251
RP11-959F10.4	SRR3493783	1.0027540149727638
RP11-959F10.4	SRR3493784	1.0208098579484606
RP11-959F10.4	SRR3493785	1.0008998949047658
RP11-959F10.4	SRR3493786	1.0407280627260045
RP11-959F10.4	SRR3493787	1
RP11-959F10.4	SRR3493788	1
RP11-959F10.4	SRR3493789	1.0182789000798176
RP11-959F10.4	SRR3493790	1
RP11-959F10.4	SRR3493791	1.0014708341806098
RP11-959F10.4	SRR3493792	1.0007198511622537
RP11-959F10.4	SRR3493793	1.0098194431054244
RP11-959F10.4	SRR3493794	1.003132286981857
RP11-959F10.4	SRR3493795	1.003718075955135
RP11-959F10.4	SRR3493796	1.0083843578636666
RP11-959F10.4	SRR3493797	1
RP11-959F10.4	SRR3493798	1.011188757969452
RP11-959F10.4	SRR3493799	1
RP11-959F10.4	SRR3493800	1.0072526652107907
RP11-959F10.4	SRR3493801	1.0092141688423883
RP11-959F10.4	SRR3493802	1
RP11-959F10.4	SRR3493803	1
RP11-959F10.4	SRR3493804	1.0007198511622537
RP11-959F10.4	SRR3493805	1.0023994629801138
RP11-959F10.4	SRR3493806	1
RP11-959F10.4	SRR3493807	1
RP11-959F10.4	SRR3493808	1.0020862854161259
RP11-959F10.4	SRR3493809	1.0033796658956018
RP11-959F10.4	SRR3493810	1
RP11-959F10.4	SRR3493811	1
RP11-959F10.4	SRR3493812	1.0007198511622537
RP11-959F10.4	SRR3493813	1.0019060282634729
RP11-959F10.4	SRR3493814	1
RP11-959F10.4	SRR3493815	0.7441838640516195
RP11-959F10.4	SRR3493816	1
RP11-959F10.4	SRR3493817	1.002913173016367
RP11-959F10.4	SRR3493818	1.0035876309652703
RP11-959F10.4	SRR3493819	1
RP11-959F10.4	SRR3493820	1.1220654621967874
RP11-959F10.4	SRR3493821	1.0117037104910989
RP11-959F10.4	SRR3493822	1
RP11-959F10.4	SRR3493823	0.7882931259154423
RP11-959F10.4	SRR3493824	0.7809434595745343
RP11-959F10.4	SRR3493825	1.0013180684646343
RP11-959F10.4	SRR3493826	1.0007198511622537
RP11-959F10.4	SRR3493827	1
RP11-959F10.4	SRR3493828	1
RP11-959F10.4	SRR3493829	1.0023994629801138
RP11-959F10.4	SRR3493830	0.6212413459385535
RP11-959F10.4	SRR3493831	1.0045489303600643
RP11-959F10.4	SRR3493832	1.0001799142310437
RP11-959F10.4	SRR3493833	0.6422050488464214
RP11-959F10.4	SRR3493834	1
RP11-959F10.4	SRR3493835	1.005268691618604
RP11-959F10.4	SRR3493836	2
RP11-959F10.4	SRR3493837	1.0007778087661545
RP11-959F10.4	SRR3493838	1
RP11-959F10.4	SRR3493839	1.0083404689188882
RP11-959F10.4	SRR3493840	1.019584221832653
RP11-959F10.4	SRR3493841	1.0021917441245578
RP11-959F10.4	SRR3493846	1.0228419618819704
RP11-959F10.4	SRR3493847	1.0367010057374855
RP11-959F10.4	SRR3493848	1.000359860831218
RP11-959F10.4	SRR3493849	1.2404660048447604
RP11-959F10.4	SRR3493850	1
RP11-959F10.4	SRR3714631	1
RP11-959F10.4	SRR3714632	1.0056231596200704
RP11-959F10.4	SRR3714633	1.0116050033991464
RP11-959F10.4	SRR3714634	1.0066712106965126
RP11-959F10.4	SRR3714635	1
RP11-959F10.4	SRR3714636	1
RP11-959F10.4	SRR3714637	1
RP11-959F10.4	SRR3714638	1
RP11-959F10.4	SRR3714639	0.5800658354218706
RP11-959F10.4	SRR3714640	0.749230236287223
RP11-959F10.4	SRR3714641	1.2734994721377793
RP11-959F10.4	SRR3714642	0.5894418586293669
RP11-959F10.4	SRR3714643	0.658029280060971
RP11-959F10.4	SRR3714644	0.7462711291588002
RP11-959F10.4	SRR3714645	1.0065515246415413
RP11-959F10.4	SRR3714646	1.000359860831218
RP11-959F10.4	SRR3714648	0.6910659535574368
RP11-959F10.4	SRR3714649	1.9394714650791136
RP11-959F10.4	SRR3714650	1.0068862093697364
RP11-959F10.4	SRR3714651	0.8175575727335103
RP11-959F10.4	SRR3714652	0.8969481683224135
RP11-959F10.4	SRR3714653	1
RP11-959F10.4	SRR3714654	4
RP11-959F10.4	SRR3714655	1.0007504428112262
RP11-959F10.4	SRR3714656	0.4537642402825038
RP11-959F10.4	SRR3714657	0.5622425820962301
RP11-959F10.4	SRR3714658	0.7840928298789845
RP11-959F10.4	SRR3714659	0.5238683570318664
RP11-959F10.4	SRR3714660	1
RP11-959F10.4	SRR3714661	1
RP11-959F10.4	SRR3714662	2.0220351499593554
RP11-959F10.4	SRR3714663	1.0007504428112262
RP11-959F10.4	SRR3714664	0.9019263245175047
RP11-959F10.4	SRR3714665	1
RP11-959F10.4	SRR3714666	1
RP11-959F10.4	SRR3714667	0.5181028171386227
RP11-959F10.4	SRR3714668	1
RP11-959F10.4	SRR3714669	0.7957681428246756
RP11-959F10.4	SRR3714670	1.0134780454274392
RP11-959F10.4	SRR3714671	1.001260079572912
RP11-959F10.4	SRR3714672	1.0027466239574123
RP11-959F10.4	SRR3714673	0.6154698622598881
RP11-959F10.4	SRR3714674	0.6747850022318956
RP11-959F10.4	SRR3714675	1.5077893122897383
RP11-959F10.4	SRR3714676	1
RP11-959F10.4	SRR3714677	1.0023720526815605
RP11-959F10.4	SRR3714678	0.5637688721739765
RP11-959F10.4	SRR3714679	1.0016203938574126
RP11-959F10.4	SRR3714680	1.001725803535813
RP11-959F10.4	SRR3714681	1.0035601881766363
RP11-959F10.4	SRR3714682	0.9387120568491252
RP11-959F10.4	SRR3714683	1.0020862854161259
RP11-959F10.4	SRR3714684	0.5877687201078786
RP11-959F10.4	SRR3714685	1.001756425936391
RP11-959F10.4	SRR3714686	0.6891749213492466
RP11-959F10.4	SRR3714688	1.00746468119409
RP11-959F10.4	SRR3714689	0.7734219129474065
RP11-959F10.4	SRR3714690	0.7979962816778584
RP11-959F10.4	SRR3714691	1
RP11-959F10.4	SRR3714692	0.7369246939681072
RP11-959F10.4	SRR3714693	0.6795208754944931
RP11-959F10.4	SRR3714694	0.837450137301195
RP11-959F10.4	SRR3714695	0.9184450997625621
RP11-959F10.4	SRR3714696	1
RP11-959F10.4	SRR3714697	1.0092099347782595
RP11-959F10.4	SRR3714698	1.0132132716489703
RP11-959F10.4	SRR3714699	0.8327998664799309
RP11-959F10.4	SRR3714700	0.8185293286987435
RP11-959F10.4	SRR3714701	0.7501771916273272
RP11-959F10.4	SRR3714702	0.9766164431244753
RP11-959F10.4	SRR3714703	1.001063202890274
RP11-959F10.4	SRR3714704	1.4661013129123488
RP11-959F10.4	SRR3714705	0.9166468406315273
RP11-959F10.4	SRR3714706	1.0350850727752356
RP11-959F10.4	SRR3714707	1.0007198511622537
RP11-959F10.4	SRR3714708	1.0232664352046819
RP11-959F10.4	SRR3714709	0.9010961331353448
RP11-959F10.4	SRR3714710	0.5292956251473764
RP11-959F10.4	SRR3714711	0.6777577190901249
RP11-959F10.4	SRR3714712	1
RP11-959F10.4	SRR3714713	1
RP11-959F10.4	SRR3714714	1
RP11-959F10.4	SRR3714715	1.0048247538699455
RP11-959F10.4	SRR3714716	1
RP11-959F10.4	SRR3714717	1
RP11-959F10.4	SRR3714718	1
RP11-959F10.4	SRR3714719	0.5313830732532663
RP11-959F10.4	SRR3714720	0.8227377704886294
RP11-959F10.4	SRR3714721	0.5949913278116434
RP11-959F10.4	SRR3714723	0.6142919374803811
RP11-959F10.4	SRR3714724	1.0029438317144064
RP11-959F10.4	SRR3714725	1.0124287223897714
RP11-959F10.4	SRR3714726	0.6076262721528954
RP11-959F10.4	SRR3714727	0.957117690029389
RP11-959F10.4	SRR3714728	1.0082791178455617
RP11-959F10.4	SRR3714729	1.0262266652006342
RP11-959F10.4	SRR3714730	0.8100803723534562
RP11-959F10.4	SRR3714731	1.0001799142310437
RP11-959F10.4	SRR3714732	1.0909800413273425
RP11-959F10.4	SRR3714734	0.5372665123899618
RP11-959F10.4	SRR3714735	0.6836258904567358
RP11-959F10.4	SRR3714736	0.8489656871406255
RP11-959F10.4	SRR3714737	1
RP11-959F10.4	SRR3714738	0.9154692117981817
RP11-959F10.4	SRR3714739	0.6829557902798847
RP11-959F10.4	SRR3714740	0.7846218544273182
RP11-959F10.4	SRR3714741	1.0010799710397094
RP11-959F10.4	SRR3714744	0.9585661977406312
RP11-959F10.4	SRR3714745	1.0406785331708646
RP11-959F10.4	SRR3714746	1.008549757583579
RP11-959F10.4	SRR3714747	0.5559101115001341
RP11-959F10.4	SRR3714748	0.6386731788286283
RP11-959F10.4	SRR3714749	2.04176381265973
RP11-959F10.4	SRR3714750	1.3983435677530156
RP11-959F10.4	SRR3714751	1.0010799710397094
RP11-959F10.4	SRR3714752	1
RP11-959F10.4	SRR3714753	1.0079064098710653
RP11-959F10.4	SRR3714754	1
RP11-959F10.4	SRR3714755	0.6973424903319962
RP11-959F10.4	SRR3714756	1.0216801788447836
RP11-959F10.4	SRR3714757	0.7325663974490594
RP11-959F10.4	SRR3714758	0.9479045656307946
RP11-959F10.4	SRR3714759	0.5240326855317453
RP11-959F10.4	SRR3714760	1.0008998949047658
RP11-959F10.4	SRR3714761	1.000359860831218
RP11-959F10.4	SRR3714762	0.9443943627278005
RP11-959F10.4	SRR3714764	1
RP11-959F10.4	SRR3714765	1.7424668056567636
RP11-959F10.4	SRR3714766	1
RP11-959F10.4	SRR3714767	0.6858809503915723
RP11-959F10.4	SRR3714768	1
RP11-959F10.4	SRR5176628	1.0069362436470586
RP11-959F10.4	SRR5176629	1.005769228518871
RP11-959F10.4	SRR5176630	1.002266574999606
RP11-959F10.4	SRR5176631	1.0097927015434933
RP11-959F10.4	SRR5176632	1.0028521521593108
RP11-959F10.4	SRR5176633	2.013056229555054
RP11-959F10.4	SRR5176634	1.0398318552023067
RP11-959F10.4	SRR5176635	1.006192680551534
RP11-959F10.4	SRR5176636	1.0262757511402583
RP11-959F10.4	SRR5176637	1.0296640181326506
RP11-959F10.4	SRR5176638	1.1227010298695481
RP11-959F10.4	SRR5176639	1
RP11-959F10.4	SRR5176640	1.0441979418626173
RP11-959F10.4	SRR5176641	1.014864487377184
RP11-959F10.4	SRR5176642	1.0019060282634729
RP11-959F10.4	SRR5176643	2.003451607071626
RP11-959F10.4	SRR5176644	1.0001799142310437
RP11-959F10.4	SRR5176645	1.0388038372764734
RP11-959F10.4	SRR5176646	1.0186713933592446
RP11-959F10.4	SRR5176647	1.00586233759953
RP11-959F10.4	SRR5176648	1.002821496263797
RP11-959F10.4	SRR5176649	1.0068001280405927
RP11-959F10.4	SRR5176650	1.0241014943392315
RP11-959F10.4	SRR5176651	1.0158990588563879
RP11-959F10.4	SRR5176652	1.0055747072917207
RP11-959F10.4	SRR5176653	1.0027021148755608
RP11-959F10.4	SRR5176654	1.0081630176909429
RP11-959F10.4	SRR5176655	1.001260079572912
RP11-959F10.4	SRR5176656	1.0701102907311268
RP11-959F10.4	SRR5176657	1.080336199131198
RP11-959F10.4	SRR5176658	1.001651013035654
RP11-959F10.4	SRR5176659	1.0021611084168651
RP11-959F10.4	SRR5176660	1.0011506268930086
RP11-959F10.4	SRR5176661	1.0055480781368802
RP11-959F10.4	SRR5176662	1.9414202481362883
RP11-959F10.4	SRR5176663	1.0064352388451732
RP11-959F10.4	SRR5176664	2
RP11-959F10.4	SRR5176665	2.0178723209246607
RP11-959F10.4	SRR5176666	1.003877062984047
RP11-959F10.4	SRR5176667	1.0787114326524636
RP11-959F10.4	SRR5176668	1.0043407660883636
RP11-959F10.4	SRR5176669	1.0095837463480462
RP11-959F10.4	SRR5176670	1.0065240008061656
RP11-959F10.4	SRR5176671	1.0018005996203712
RP11-959F10.4	SRR5176672	1.0055747072917207
RP11-959F10.4	SRR5176673	1.0047899307908572
RP11-959F10.4	SRR5176674	1.002341411462068
RP11-959F10.4	SRR5176675	2.0084766380367456
RP11-959F10.4	SRR5176676	1.0184049631193235
RP11-959F10.4	SRR5176677	1.0014402205102033
RP11-959F10.4	SRR5176678	3.0670401908937404
RP11-959F10.4	SRR5176679	2.0180929286207414
RP11-959F10.4	SRR5176680	1.002838293865245
RP11-959F10.4	SRR5176681	1.001110573697418
RP11-959F10.4	SRR5176682	1.0099470559941912
RP11-959F10.4	SRR5176683	1.0045737798081236
RP11-959F10.4	SRR5176684	1.0026579014399075
RP11-959F10.4	SRR5176685	1.0029880577585075
RP11-959F10.4	SRR5176686	1.0043575891380983
RP11-959F10.4	SRR5176687	1.0045246999842108
RP11-959F10.4	SRR5176688	1.0132814135195316
RP11-959F10.4	SRR5176689	1.0075032001378998
RP11-959F10.4	SRR5176690	1.0255405228516121
RP11-959F10.4	SRR5176691	2.0018609841152224
RP11-959F10.4	SRR5176692	1.0097847940414932
RP11-959F10.4	SRR5176693	1.0073894622198625
RP11-959F10.4	SRR5176694	1
RP11-959F10.4	SRR5176695	1.0143554668418076
RP11-959F10.4	SRR5176696	1.1278931940525754
RP11-959F10.4	SRR5176697	1.027578940269744
RP11-959F10.4	SRR5176698	2.3296475672887755
RP11-959F10.4	SRR5176699	1.025015012327192
RP11-959F10.4	SRR5176700	1.0890144202015308
RP11-959F10.4	SRR5176701	1.034206476188313
RP11-959F10.4	SRR5176702	1
RP11-959F10.4	SRR5176703	1.0225806547035183
RP11-959F10.4	SRR5176704	1.0043682302222392
RP11-959F10.4	SRR5176705	1.0021443221583142
RP11-959F10.4	SRR5176706	1.0272678906633284
RP11-959F10.4	SRR5176707	1.0196549551650262
RP11-959F10.4	SRR5176708	1.0098820554003876
RP11-959F10.4	SRR5176709	1.0048079229951739
RP11-959F10.4	SRR5176710	1
RP11-959F10.4	SRR5176711	1.0019060282634729
RP11-959F10.4	SRR5176712	1.0128135825274416
RP11-959F10.4	SRR5176713	1.0088204699660321
RP11-959F10.4	SRR5176714	1.0602647654091784
RP11-959F10.4	SRR5176715	2.002520159145824
RP11-959F10.4	SRR5176716	1.001980837804911
RP11-959F10.4	SRR5176717	1.0065588839830468
RP11-959F10.4	SRR5176718	1.0088065291964956
RP11-959F10.4	SRR5176719	1.002341411462068
RP11-959F10.4	SRR5176720	2
RP11-959F10.4	SRR5176721	1
RP11-959F10.4	SRR5176722	1.019834176721331
RP11-959F10.4	SRR5176723	2.019222707706982
RP11-959F10.4	SRR5176724	1.005439319075555
RP11-959F10.4	SRR5176725	1.0122963584203841
RP11-959F10.4	SRR5176726	1
RP11-959F10.4	SRR5176727	1.0006451357681576
RP11-959F10.4	SRR5176728	3.074249941801467
RP11-959F10.4	SRR5176729	1.0019366561734564
RP11-959F10.4	SRR5176730	1.006542024061492
RP11-959F10.4	SRR5176731	1.0046440041164724
RP11-959F10.4	SRR5176732	1
RP11-959F10.4	SRR5176733	1.002266574999606
RP11-959F10.4	SRR5176734	1.0810259196769214
RP11-959F10.4	SRR5176735	1.002341411462068
RP11-959F10.4	SRR5176736	1.0019640545659034
RP11-959F10.4	SRR5176737	1.0029237987970407
RP11-959F10.4	SRR5176738	2.022120810900898
RP11-959F10.4	SRR5176739	1.0079439701204655
RP11-959F10.4	SRR5176740	1.0041633409296653
RP11-959F10.4	SRR5176741	1.040984015064751
RP11-959F10.4	SRR5176742	1.010571034419265
RP11-959F10.4	SRR5176743	1.0118484876942846
RP11-959F10.4	SRR5176744	1.013419199000111
RP11-959F10.4	SRR5176745	1.0091725172591408
RP11-959F10.4	SRR5176746	1.002266574999606
RP11-959F10.4	SRR5176747	1
RP11-959F10.4	SRR5176748	2.002520159145824
RP11-959F10.4	SRR5176749	1.016368017381527
RP11-959F10.4	SRR5176750	1.0162250306224079
RP11-959F10.4	SRR5176751	1.0036351212296024
RP11-959F10.4	SRR5176752	1.004538287361441
RP11-959F10.4	SRR5176753	1.0026272514823873
RP11-959F10.4	SRR5176754	1.0052614054151265
RP11-959F10.4	SRR5176755	1.0005398398063463
RP11-959F10.4	SRR5176756	1.0288547421808496
RP11-959F10.4	SRR5176757	1.0557664435713157
RP11-959F10.4	SRR5176758	1.0113534484802584
RP11-959F10.4	SRR5176759	1.0274065280258
RP11-959F10.4	SRR5176760	1.0058081328268176
RP11-959F10.4	SRR5176761	1.0058487323132066
RP11-959F10.4	SRR5176762	1.074382806129656
RP11-959F10.4	SRR5176763	1.0076459384275107
RP11-959F10.4	SRR5176764	1.0007198511622537
RP11-959F10.4	SRR5176765	2.003451607071626
RP11-959F10.4	SRR5176766	1.002838293865245
RP11-959F10.4	SRR5176767	2.0020104575169384
RP11-959F10.4	SRR5176768	1.0151957516581134
RP11-959F10.4	SRR5176769	1.0029532983317264
RP11-959F10.4	SRR5176770	1.002341411462068
RP11-959F10.4	SRR5176771	1.002446897019748
RP11-959F10.4	SRR5176772	1.0062719230896289
RP11-959F10.4	SRR5176773	1.007502905048184
RP11-959F10.4	SRR5176774	2.0123870981569274
RP11-959F10.4	SRR5176775	2.0191882942013173
RP11-959F10.4	SRR5176776	1.008275867041691
RP11-959F10.4	SRR5176777	1.010005252177451
RP11-959F10.4	SRR5176778	2.0115194706454256
RP11-959F10.4	SRR5176779	1.0051727547981684
RP11-959F10.4	SRR5176780	1.0030800435321403
RP11-959F10.4	SRR5176781	1.00637782229101
RP11-959F10.4	SRR5176782	1.0082247828353217
RP11-959F10.4	SRR5176783	1.0093021955543062
RP11-959F10.4	SRR5176784	1.0040544375604268
RP11-959F10.4	SRR5176785	1.0017658813459887
RP11-959F10.4	SRR5176786	1
RP11-959F10.4	SRR5176787	1.0076767418045007
RP11-959F10.4	SRR5176788	1.0267594917906628
RP11-959F10.4	SRR5176789	1.014142954978239
RP11-959F10.4	SRR5176790	1.0094264885638582
RP11-959F10.4	SRR5176791	1.0087925886196047
RP11-959F10.4	SRR5176792	1
RP11-959F10.4	SRR5176793	1.0092004091061628
RP11-959F10.4	SRR5176794	1.004507579922951
RP11-959F10.4	SRR5176795	1.004207620749528
RP11-959F10.4	SRR5176796	1.022646112438415
RP11-959F10.4	SRR5176797	1.0069962891030084
RP11-959F10.4	SRR5176798	1.005275297194344
RP11-959F10.4	SRR5176799	1
RP11-959F10.4	SRR5176800	1.0079916665289268
RP11-959F10.4	SRR5176801	1.017440760992837
RP11-959F10.4	SRR5176802	1.0141792452851672
RP11-959F10.4	SRR5176803	1.0041019499142785
RP11-959F10.4	SRR5176804	1.0213406344461267
RP11-959F10.4	SRR5176805	1.00387382637289
RP11-959F10.4	SRR5176806	1.0297753975963018
RP11-959F10.4	SRR5176807	1.0007198511622537
RP11-959F10.4	SRR5176808	1.000359860831218
RP11-959F10.4	SRR5176809	1.0014402205102033
RP11-959F10.4	SRR5176810	1
RP11-959F10.4	SRR5176811	3
RP11-959F10.4	SRR5176812	1.0010799710397094
RP11-959F10.4	SRR5176813	1.0011853238444721
RP11-959F10.4	SRR5176814	1
RP11-959F10.4	SRR5176815	1.0141154422371776
RP11-959F10.4	SRR5176816	1.0144195826206277
RP11-959F10.4	SRR5176817	1.0052525955592004
RP11-959F10.4	SRR5176818	1.0025523936786382
RP11-959F10.4	SRR5176819	1.0529734771881787
RP11-959F10.4	SRR5176820	2.044681473721294
RP11-959F10.4	SRR5176821	1.009337111052069
RP11-959F10.4	SRR5176822	1.0294661769651816
RP11-959F10.4	SRR5176823	1.0037681906621803
RP11-959F10.4	SRR5176824	1.0056539011614338
RP11-959F10.4	SRR5176825	3.003331721092254
RP11-959F10.4	SRR5176826	1.0083066896753743
RP11-959F10.4	SRR5176827	1.0037809013616064
RP11-959F10.4	SRR5176828	1.0039655993282313
RP11-959F10.4	SRR5176829	1.0027327671216282
RP11-959F10.4	SRR5176830	1.0005398398063463
RP11-959F10.4	SRR5176831	1.005151515330551
RP11-959F10.4	SRR5176832	1.0101074156533363
RP11-959F10.4	SRR5176833	1.0057904810391467
RP11-959F10.4	SRR5176834	1.0039213301801309
RP11-959F10.4	SRR5176835	1.003600339378272
RP11-959F10.4	SRR5176836	1.0008998949047658
RP11-959F10.4	SRR5176837	1.0510102572536424
RP11-959F10.4	SRR5176838	1.0249700253664653
RP11-959F10.4	SRR5176839	1.0407663154893023
RP11-959F10.4	SRR5176840	1.0005398398063463
RP11-959F10.4	SRR5176841	1.0140964075080325
RP11-959F10.4	SRR5176842	1.0062663486922618
RP11-959F10.4	SRR5176843	1.0077600305872203
RP11-959F10.4	SRR5176844	1.002913173016367
RP11-959F10.4	SRR5176845	1.0146823533528966
RP11-959F10.4	SRR5176846	1.0044739290806017
RP11-959F10.4	SRR5176847	1.0205338177583079
RP11-959F10.4	SRR5176848	1.0086151837092123
RP11-959F10.4	SRR5176849	1.0195152534582197
RP11-959F10.4	SRR5176850	1.0137217399478091
RP11-959F10.4	SRR5176851	1.0010799710397094
RP11-959F10.4	SRR5176852	1.0222701007904502
RP11-959F10.4	SRR5176853	1.0025049546470863
RP11-959F10.4	SRR5176854	1.0469188326970755
RP11-959F10.4	SRR5176855	1.002277193929628
RP11-959F10.4	SRR5176856	1.016171446291091
RP11-959F10.4	SRR5176857	3.0106805645299093
RP11-959F10.4	SRR5176858	2.013808478221853
RP11-959F10.4	SRR5176859	1.0017838194003639
RP11-959F10.4	SRR5176860	1
RP11-959F10.4	SRR5176861	1.001980837804911
RP11-959F10.4	SRR5176862	1.005937378799828
RP11-959F10.4	SRR5176863	1.0025049546470863
RP11-959F10.4	SRR5176864	1.004896835762339
RP11-959F10.4	SRR5176865	1.0019060282634729
RP11-959F10.4	SRR5176866	2
RP11-959F10.4	SRR5176867	1.0042477978541398
RP11-959F10.4	SRR5176868	1.0352438239475827
RP11-959F10.4	SRR5176869	1.002446897019748
RP11-959F10.4	SRR5176870	1.0045214612850002
RP11-959F10.4	SRR5176871	1.0034377775451013
RP11-959F10.4	SRR5176872	1.0195776936091434
RP11-959F10.4	SRR5861974	1.0132501420419266
RP11-959F10.4	SRR5861975	1.009323227105467
RP11-959F10.4	SRR5861976	1.0402473656965066
RP11-959F10.4	SRR5861977	1
RP11-959F10.4	SRR5861978	1.0048661173634874
RP11-959F10.4	SRR5861979	1.0095941471006586
RP11-959F10.4	SRR5861980	1
RP11-959F10.4	SRR5861981	1.0201142576930606
RP11-959F10.4	SRR5861982	1.2340601766014685
RP11-959F10.4	SRR5861983	1.0016650688017934
RP11-959F10.4	SRR5861984	2.0165273125753003
RP11-959F10.4	SRR5861985	1.0173478207376618
RP11-959F10.4	SRR5861986	1.001996603490676
RP11-959F10.4	SRR5861987	1.0129478689088995
RP11-959F10.4	SRR5861988	1.017778610915434
RP11-959F10.4	SRR5861989	1.0125385340641762
RP11-959F10.4	SRR5861990	1.0030461467276643
RP11-959F10.4	SRR5861991	1
RP11-959F10.4	SRR5861992	2
RP11-959F10.4	SRR5861993	1.003793020797143
RP11-959F10.4	SRR5861994	1
RP11-959F10.4	SRR5861995	1.0088237225257688
RP11-959F10.4	SRR5861996	1.0042247356985123
RP11-959F10.4	SRR5861997	1.0258881975510754
RP11-959F10.4	SRR5861998	2.011538457037742
RP11-959F10.4	SRR5861999	1.0270454764535055
RP11-959F10.4	SRR5862000	1.000359860831218
RP11-959F10.4	SRR5862001	1
RP11-959F10.4	SRR5862002	2.0021599420794187
RP11-959F10.4	SRR5862003	1.0024870036799816
RP11-959F10.4	SRR5862004	1.005631190976464
RP11-959F10.4	SRR5862005	1.0052945032282008
RP11-959F10.4	SRR5862006	1.0037809013616064
RP11-959F10.4	SRR5862007	2.017167189681303
RP11-959F10.4	SRR5862008	1.0040237449126006
RP11-959F10.4	SRR5862009	1.0035696606116409
RP11-959F10.4	SRR5862010	1.0516407925623883
RP11-959F10.4	SRR5862011	1.03612780768291
RP11-959F10.4	SRR5862012	1.0070578570789335
RP11-959F10.4	SRR5862013	1.0209741074575287
RP11-959F10.4	SRR5862014	1.00491366812643
RP11-959F10.4	SRR5862015	1
RP11-959F10.4	SRR5862016	1.0041875625890924
RP11-959F10.4	SRR5862017	1.008292756005706
RP11-959F10.4	SRR5862018	1.0040171475607007
RP11-959F10.4	SRR5862019	2.016318173504051
RP11-959F10.4	SRR5862020	1.0035876309652703
RP11-959F10.4	SRR5862021	2.0121588898846783
RP11-959F10.4	SRR5862022	1.0048481241171359
RP11-959F10.4	SRR5862023	1.00761513599214
RP11-959F10.4	SRR5862024	1.0027327671216282
RP11-959F10.4	SRR5862025	1
RP11-959F10.4	SRR5862026	2.0158151501708166
RP11-959F10.4	SRR5862027	1.0005398398063463
RP11-959F10.4	SRR5862028	1.12681213123101
RP11-959F10.4	SRR5862029	1.0207645470908255
RP11-959F10.4	SRR5862030	1.0028076383933613
RP11-959F10.4	SRR5862031	1.0070714787200907
RP11-959F10.4	SRR5862032	1.073785027109896
RP11-959F10.4	SRR5862033	1.001545611227314
RP11-959F10.4	SRR5862034	1.2459835850410172
RP11-959F10.4	SRR5862035	1.0066340409403034
RP11-959F10.4	SRR5862036	1.0178626280775729
RP11-959F10.4	SRR5862037	1.0547484296428424
RP11-959F10.4	SRR5862038	1.079664344311491
RP11-959F10.4	SRR5862039	1.001725803535813
RP11-959F10.4	SRR5862040	1.0065588839830468
RP11-959F10.4	SRR5862041	1.00551733983039
RP11-959F10.4	SRR5862042	1.008906065660905
RP11-959F10.4	SRR5862043	1
RP11-959F10.4	SRR5862044	2.0028110294501467
RP11-959F10.4	SRR5862045	1.0042478840305331
RP11-959F10.4	SRR5862046	1.008086611491587
RP11-959F10.4	SRR5862047	1.0089159479947496
RP11-959F10.4	SRR5862048	1.2476565419699956
RP11-959F10.4	SRR5862049	1.0156069730173327
RP11-959F10.4	SRR5862050	1.0033796658956018
RP11-959F10.4	SRR5862051	1.0048247538699455
RP11-959F10.4	SRR5862052	1.0034545854694705
RP11-959F10.4	SRR5862053	1.0026719713353072
RP11-959F10.4	SRR5862054	1.0267561214855105
RP11-959F10.4	SRR5862055	1.0232532546254731
RP11-959F10.4	SRR5862056	1.0330179193485718
RP11-959F10.4	SRR5862057	1.0078379061163627
RP11-959F10.4	SRR5862058	1.0022972139313746
RP11-959F10.4	SRR5862059	1.0282460709376438
RP11-959F10.4	SRR5862060	2.0189204827013776
RP11-959F10.4	SRR5862061	1.0035740564466114
RP11-959F10.4	SRR5862062	1.0005398398063463
RP11-959F10.4	SRR5862063	1.0124290189222205
RP11-959F10.4	SRR5862064	1.0019366561734564
RP11-959F10.4	SRR5862065	1.0025217469463543
RP11-959F10.4	SRR5862066	1.0091191747737602
RP11-959F10.4	SRR5862067	1.2346054739520673
RP11-959F10.4	SRR5862068	1.0047804468380375
RP11-959F10.4	SRR5862069	1.0021611084168651
RP11-959F10.4	SRR5862070	1.0135179735318556
RP11-959F10.4	SRR5862071	1.2526030228986182
RP11-959F10.4	SRR5862072	1.2641489791098965
RP11-959F10.4	SRR5862073	1.0018713063353686
RP11-959F10.4	SRR5862074	1.0050886041390446
RP11-959F10.4	SRR5862075	1.0068862093697364
RP11-959F10.4	SRR5862076	1.2411031446573944
RP11-959F10.4	SRR5862077	1.003935203440753
RP11-959F10.4	SRR5862078	1.0778857376132789
RP11-959F10.4	SRR5862079	1.0104091371093453
RP11-959F10.4	SRR5862080	1.0186454033243084
RP11-959F10.4	SRR5862081	1.001725803535813
RP11-959F10.4	SRR5862082	1.003815689470687
RP11-959F10.4	SRR5862083	3
RP11-959F10.4	SRR5862084	1.0069962891030084
RP11-959F10.4	SRR5862085	1
RP11-959F10.4	SRR5862086	1.0250917577235414
RP11-959F10.4	SRR5862087	1.012188279490948
RP11-959F10.4	SRR5862088	1.1217892178413114
RP11-959F10.4	SRR5862089	1.0124189758199451
RP11-959F10.4	SRR5862090	1.001725803535813
RP11-959F10.4	SRR5862091	3.0423839592583546
RP11-959F10.4	SRR5862092	2.0417652061494467
RP11-959F10.4	SRR5862093	1.0001799142310437
RP11-959F10.4	SRR5862094	1.0050055361428718
RP11-959F10.4	SRR5862095	1.087669059175563
RP11-959F10.4	SRR5862096	1.0021917441245578
RP11-959F10.4	SRR5862097	1.005397931987203
RP11-959F10.4	SRR5862098	0.9534771378137312
RP11-959F10.4	SRR5862099	1.0228039476891262
RP11-959F10.4	SRR5862100	1.0026579014399075
RP11-959F10.4	SRR5862101	1.0587548081059646
RP11-959F10.4	SRR5862102	1.0058963295739756
RP11-959F10.4	SRR5862103	3.070853467746606
RP11-959F10.4	SRR5862104	1.0041728190577268
RP11-959F10.4	SRR5862105	1.0112580359699288
RP11-959F10.4	SRR5862106	1.0042826021444868
RP11-959F10.4	SRR5862107	1
RP11-959F10.4	SRR5862108	1.0069518863188005
RP11-959F10.4	SRR5862109	1.0018005996203712
RP11-959F10.4	SRR5862110	1.0080438404145668
RP11-959F10.4	SRR5862111	1.0151647184346997
RP11-959F10.4	SRR5862112	1.0038042473308406
RP11-959F10.4	SRR5862113	1.00885426642168
RP11-959F10.4	SRR5862114	1.0047190180949654
RP11-959F10.4	SRR5862115	1.006845926709767
RP11-959F10.4	SRR5862116	1.0258116030467397
RP11-959F10.4	SRR5862117	1.003304751915352
RP11-959F10.4	SRR5862118	1.008416269579962
RP11-959F10.4	SRR5862119	1.0041601033955165
RP11-959F10.4	SRR5862120	2.0018890754259386
RP11-959F10.4	SRR5862121	1.0014708341806098
RP11-959F10.4	SRR5862122	1.0020862854161259
RP11-959F10.4	SRR5862123	1.0022972139313746
RP11-959F10.4	SRR5862124	3.0095975282617573
RP11-959F10.4	SRR5862125	1
RP11-959F10.4	SRR5862126	3.0026996847142975
RP11-959F10.4	SRR5862127	1.0037988754978042
RP11-959F10.4	SRR5862128	1.0037100598776116
RP11-959F10.4	SRR5862129	1.0788293013858379
RP11-959F10.4	SRR5862130	1.0062062904901619
RP11-959F10.4	SRR5862131	1.002266574999606
RP11-959F10.4	SRR5862132	1.0008998949047658
RP11-959F10.4	SRR5862133	1.0009578629360643
RP11-959F10.4	SRR5862134	1.0002851723145936
RP11-959F10.4	SRR5862135	1.0128135825274416
RP11-959F10.4	SRR5862136	1.000359860831218
RP11-959F10.4	SRR5862137	1.0021611084168651
RP11-959F10.4	SRR5862138	1.0017838194003639
RP11-959F10.4	SRR5862139	1.0013654513321437
RP11-959F10.4	SRR5862140	1.003304751915352
RP11-959F10.4	SRR5862141	1.0044325817307802
RP11-959F10.4	SRR5862142	1.0027021148755608
RP11-959F10.4	SRR5862143	1.000359860831218
RP11-959F10.4	SRR5862144	2.011546678810495
RP11-959F10.4	SRR5862145	1.003304751915352
RP11-959F10.4	SRR5862146	1.0136106281436992
RP11-959F10.4	SRR5862147	1.0073417943066594
RP11-959F10.4	SRR5862148	1
RP11-959F10.4	SRR5862149	1.0057597353227128
RP11-959F10.4	SRR5862150	1.002446897019748
RP11-959F10.4	SRR5862151	1.0124906225058696
RP11-959F10.4	SRR5862152	1.0247021665376759
RP11-959F10.4	SRR5862153	1.0207507402373297
RP11-959F10.4	SRR5862154	1
RP11-959F10.4	SRR5862155	1.00632433278211
RP11-959F10.4	SRR5862156	1.0258531825432229
RP11-959F10.4	SRR5862157	1.0260812180778769
RP11-959F10.4	SRR5862158	1.0005398398063463
RP11-959F10.4	SRR5862159	1.0059333309904885
RP11-959F10.4	SRR5862160	1.0382660511696764
RP11-959F10.4	SRR5862161	1.0027327671216282
RP11-959F10.4	SRR5862162	1.0033354225838187
RP11-959F10.4	SRR5862163	1.0035295106373756
RP11-959F10.4	SRR5862164	1.0501623844096677
RP11-959F10.4	SRR5862165	1.0043278241973694
RP11-959F10.4	SRR5862166	1.0042826021444868
RP11-959F10.4	SRR5862167	1.0020862854161259
RP11-959F10.4	SRR5862168	2.003302026071308
RP11-959F10.4	SRR5862169	1.0037100598776116
RP11-959F10.4	SRR5862170	1.0111269374447733
RP11-959F10.4	SRR5862171	1.001725803535813
RP11-959F10.4	SRR5862172	1.001756425936391
RP11-959F10.4	SRR5862173	1.025220377181768
RP11-959F10.4	SRR5862174	1.028424995391858
RP11-959F10.4	SRR5862175	1.0048829492130347
RP11-959F10.4	SRR5862176	1.0173137397493108
RP11-959F10.4	SRR5862177	1.0322718092842704
RP11-959F10.4	SRR5862178	1.0288096803976488
RP11-959F10.4	SRR5862179	1.0056231596200704
RP11-959F10.4	SRR5862180	2.327482634872731
RP11-959F10.4	SRR5862181	3.063576738965553
RP11-959F10.4	SRR5862182	1.0094112128915342
RP11-959F10.4	SRR5862183	1.0050055361428718
RP11-959F10.4	SRR5862184	1.0274397025883788
RP11-959F10.4	SRR5862185	1
RP11-959F10.4	SRR5862186	1.0073417943066594
RP11-959F10.4	SRR5862187	1.0075707059203194
RP11-959F10.4	SRR5862188	1.039289963781234
RP11-959F10.4	SRR5862189	1.0083712935274278
RP11-959F10.4	SRR5862190	1.0013654513321437
RP11-959F10.4	SRR5862191	1.0119991177693053
RP11-959F10.4	SRR5862192	1.0452267290247683
RP11-959F10.4	SRR5862193	1.0035876309652703
RP11-959F10.4	SRR5862194	1.0053155170153698
RP11-959F10.4	SRR5862195	1.0063470586203123
RP11-959F10.4	SRR5862196	2
RP11-959F10.4	SRR5862197	2
RP11-959F10.4	SRR5862198	1.1010895492315216
RP11-959F10.4	SRR5862199	1.0024775414638962
RP11-959F10.4	SRR5862200	1.0021917441245578
RP11-959F10.4	SRR5862201	1.2719200325925688
RP11-959F10.4	SRR5862202	1.0218991464798453
RP11-959F10.4	SRR5862203	1.034359570941625
RP11-959F10.4	SRR5862204	1
RP11-959F10.4	SRR5862205	1
RP11-959F10.4	SRR5862206	1.0181176093417283
RP11-959F10.4	SRR5862207	1.005322867319879
RP11-959F10.4	SRR5862208	1.019485887646539
RP11-959F10.4	SRR5862209	1.0112951746143541
RP11-959F10.4	SRR5862210	1
RP11-959F10.4	SRR5862211	1.032816631560076
RP11-959F10.4	SRR5862212	1.0088809831317571
RP11-959F10.4	SRR5862213	1.0047021889912742
RP11-959F10.4	SRR5862214	1.0027634203047235
RP11-959F10.4	SRR5862215	1.0023720526815605
RP11-959F10.4	SRR5862216	1.0036559710886879
RP11-959F10.4	SRR5862217	2.0130027931829657
RP11-959F10.4	SRR5862218	1.0009826235521704
RP11-959F10.4	SRR5862219	1.023350981956458
RP11-959F10.4	SRR5862220	1.0044939929610694
RP11-959F10.4	SRR5862221	1
RP11-959F10.4	SRR5862222	1.00325727728352
RP11-959F10.4	SRR5862223	1.0433348417292698
RP11-959F10.4	SRR5862224	1.0079332911520626
RP11-959F10.4	SRR5862225	1.0026812212903726
RP11-959F10.4	SRR5862226	2.0021599420794187
RP11-959F10.4	SRR5862227	1
RP11-959F10.4	SRR5862228	1.0090714250135744
RP11-959F10.4	SRR5862229	1.0059099355041081
RP11-959F10.4	SRR5862230	1.005302786883378
RP11-959F10.4	SRR5862231	1.0020862854161259
RP11-959F10.4	SRR5862232	1.0151340437122982
RP11-959F10.4	SRR5862233	2.005526840609447
RP11-959F10.4	SRR5862234	1.0058971340998772
RP11-959F10.4	SRR5862235	1.0008998949047658
RP11-959F10.4	SRR5862236	1.0021443221583142
RP11-959F10.4	SRR5862237	1.031015477815649
RP11-959F10.4	SRR5862238	1.0008998949047658
RP11-959F10.4	SRR5862239	1.0077170577043544
RP11-959F10.4	SRR5862240	1.0027327671216282
RP11-959F10.4	SRR5862241	1.0061967931686884
RP11-959F10.4	SRR5862242	1.0069518863188005
RP11-959F10.4	SRR5862243	1.0056231596200704
RP11-959F10.4	SRR5862244	1.0144792093359367
RP11-959F10.4	SRR5862245	1.01827642435426
RP11-959F10.4	SRR5862246	1.0019060282634729
RP11-959F10.4	SRR5862247	1.005646548436608
RP11-959F10.4	SRR5862248	2.0014397023245074
RP11-959F10.4	SRR5862249	1.0151672362957598
RP11-959F10.4	SRR5862250	2.0211723961754666
RP11-959F10.4	SRR5862251	1.0103319048040413
RP11-959F10.4	SRR5862252	1.0025523936786382
RP11-959F10.4	SRR5862253	1.0077827888478086
RP11-959F10.4	SRR5862254	1.0071605917832513
RP11-959F10.4	SRR5862255	1.0080393651944055
RP11-959F10.4	SRR5862256	1.0154992904437379
RP11-959F10.4	SRR5862257	1.0137597798867521
RP11-959F10.4	SRR5862258	1.0025523936786382
RP11-959F10.4	SRR5862259	1.013717596574022
RP11-959F10.4	SRR5862260	1.0647831768924885
RP11-959F10.4	SRR5862261	1.0166686288059708
RP11-959F10.4	SRR5862262	1.0099915908540964
RP11-959F10.4	SRR5862263	1.0455054067543619
RP11-959F10.4	SRR5862264	1.0058348326097575
RP11-959F10.4	SRR5862265	1.001260079572912
RP11-959F10.4	SRR5862266	1.0054836551612463
RP11-959F10.4	SRR5862267	1.0552428781134908
RP11-959F10.4	SRR5862268	2.0099496288423797
RP11-959F10.4	SRR5862269	2.007897565688699
RP11-959F10.4	SRR5862270	1.002266574999606
RP11-959F10.4	SRR5862271	1.005967325364075
RP11-959F10.4	SRR5862272	1.0112732108438143
RP11-959F10.4	SRR5862273	1.0034545854694705
RP11-959F10.4	SRR5862274	1.0045964661135607
RP11-959F10.4	SRR5862275	1.0129925360933478
RP11-959F10.4	SRR5862276	1.0173966505334036
RP11-959F10.4	SRR5862277	1.0126860964204654
RP11-959F10.4	SRR5949109	1.1498283651018633
RP11-959F10.4	SRR5949110	1.148171272003916
RP11-959F10.4	SRR5949111	1.1498283651018633
RP11-959F10.4	SRR5949112	1.1499000124654937
RP11-959F10.4	SRR5949113	1.1493287860193127
RP11-959F10.4	SRR5949114	1.1499000124654937
RP11-959F10.4	SRR5949115	1.1498283651018633
RP11-959F10.4	SRR5949116	1.149801355279094
RP11-959F10.4	SRR5949117	1.1499000124654937
RP11-959F10.4	SRR5949118	1.149757132515299
RP11-959F10.4	SRR5949119	1.1498700492655702
RP11-959F10.4	SRR5949120	1.149752993629983
RP11-959F10.4	SRR5949121	1.149727479151349
RP11-959F10.4	SRR5949122	1.149659680044542
RP11-959F10.4	SRR5949123	1.1495224477062624
RP11-959F10.4	SRR5949124	1.1489713533334538
RP11-959F10.4	SRR5949125	1.1493657120956842
RP11-959F10.4	SRR5949126	1.1496653216499102
RP11-959F10.4	SRR5949127	1.149752993629983
RP11-959F10.4	SRR5949128	1.149752993629983
RP11-959F10.4	SRR5949129	1.1498758641415114
RP11-959F10.4	SRR5949130	1.1498041981068907
RP11-959F10.4	SRR5949131	1.1496516232140812
RP11-959F10.4	SRR5949132	1.1498283651018633
RP11-959F10.4	SRR5949133	1.1496993836519698
RP11-959F10.4	SRR5949134	1.1499000124654937
RP11-959F10.4	SRR5949135	1.149801355279094
RP11-959F10.4	SRR5949136	1.1498700492655702
RP11-959F10.4	SRR5949137	1.1489979896611313
RP11-959F10.4	SRR5949138	1.1496058907069004
RP11-959F10.4	SRR5949139	1.1496653216499102
RP11-959F10.4	SRR5949140	1.1498283651018633
RP11-959F10.4	SRR5949141	1.1498758641415114
RP11-959F10.4	SRR5949142	1.1498041981068907
RP11-959F10.4	SRR5949143	1.1499000124654937
RP11-959F10.4	SRR5949144	1.149757132515299
RP11-959F10.4	SRR5949145	1.1497815594090803
RP11-959F10.4	SRR5949146	1.149752993629983
RP11-959F10.4	SRR5949147	1.149752993629983
RP11-959F10.4	SRR5949148	1.1489471817569916
RP11-959F10.4	SRR5949149	1.149757132515299
RP11-959F10.4	SRR5949150	1.1498758641415114
RP11-959F10.4	SRR5949151	1.1494823274298185
RP11-959F10.4	SRR5949152	1.1476551316063306
RP11-959F10.4	SRR5949153	1.149659680044542
RP11-959F10.4	SRR5949154	1.1487635500794011
RP11-959F10.4	SRR5949155	1.1497815594090803
RP11-959F10.4	SRR5949156	1.1498758641415114
RP11-959F10.4	SRR5949157	1.1498700492655702
RP11-959F10.4	SRR5949158	1.1499000124654937
RP11-959F10.4	SRR5949159	1.1489204896371397
RP11-959F10.4	SRR5949160	1.1498283651018633
RP11-959F10.4	SRR5949161	1.1498283651018633
RP11-959F10.4	SRR5949162	1.1498283651018633
RP11-959F10.4	SRR5949163	1.1498758641415114
RP11-959F10.4	SRR5949164	1.1499000124654937
RP11-959F10.4	SRR5949165	1.149801355279094
RP11-959F10.4	SRR5949166	1.1498758641415114
RP11-959F10.4	SRR5949167	1.149757132515299
RP11-959F10.4	SRR5949168	1.1497815594090803
RP11-959F10.4	SRR5949169	1.1447151303318799
RP11-959F10.4	SRR5949170	1.1499000124654937
RP11-959F10.4	SRR5949171	1.1496516232140812
RP11-959F10.4	SRR5949172	1.1496058907069004
RP11-959F10.4	SRR5949173	1.1498283651018633
RP11-959F10.4	SRR5949174	1.1497815594090803
RP11-959F10.4	SRR5949175	1.1499000124654937
RP11-959F10.4	SRR5949176	1.149727479151349
RP11-959F10.4	SRR5949177	1.1489132956948793
RP11-959F10.4	SRR5949178	1.1496653216499102
RP11-959F10.4	SRR5949179	1.1497815594090803
RP11-959F10.4	SRR5949180	1.1499000124654937
RP11-959F10.4	SRR5949181	1.1498700492655702
RP11-959F10.4	SRR5949182	1.149727479151349
RP11-959F10.4	SRR5949183	1.1498758641415114
RP11-959F10.4	SRR5949184	1.149801355279094
RP11-959F10.4	SRR5949185	1.1495611354981103
RP11-959F10.4	SRR5949186	1.1492630102128836
RP11-959F10.4	SRR5949187	1.1498041981068907
RP11-959F10.4	SRR5949188	1.149801355279094
RP11-959F10.4	SRR5949189	1.149752993629983
RP11-959F10.4	SRR5949190	1.149757132515299
RP11-959F10.4	SRR5949191	1.1496058907069004
RP11-959F10.4	SRR5949192	1.1498700492655702
RP11-959F10.4	SRR5949193	1.1498758641415114
RP11-959F10.4	SRR5949194	1.1498283651018633
RP11-959F10.4	SRR5949195	1.149801355279094
RP11-959F10.4	SRR5949196	1.149639556483191
RP11-959F10.4	SRR5949197	1.1494508753827517
RP11-959F10.4	SRR5949198	1.1489684643066176
RP11-959F10.4	SRR5949199	1.1496653216499102
RP11-959F10.4	SRR5949200	1.1498758641415114
RP11-959F10.4	SRR5949201	1.1497815594090803
RP11-959F10.4	SRR5949202	1.1498041981068907
RP11-959F10.4	SRR5949203	1.1498700492655702
RP11-959F10.4	SRR5949204	1.1499000124654937
RP11-959F10.4	SRR5949205	1.1499000124654937
RP11-959F10.4	SRR5949206	1.149801355279094
RP11-959F10.4	SRR5949207	1.1498283651018633
RP11-959F10.4	SRR5949208	1.149757132515299
RP11-959F10.4	SRR5949209	1.1498283651018633
RP11-959F10.4	SRR5949210	1.1497815594090803
RP11-959F10.4	SRR5949211	1.1494508753827517
RP11-959F10.4	SRR5949212	1.149757132515299
RP11-959F10.4	SRR5949213	1.1496993836519698
RP11-959F10.4	SRR5949214	1.1495224477062624
RP11-959F10.4	SRR5949215	1.149752993629983
RP11-959F10.4	SRR5949216	1.1498041981068907
RP11-959F10.4	SRR5949217	1.1498041981068907
RP11-959F10.4	SRR5949218	1.1496993836519698
RP11-959F10.4	SRR5949219	1.149727479151349
RP11-959F10.4	SRR5949220	1.1495611354981103
RP11-959F10.4	SRR5949221	1.149515806070026
RP11-959F10.4	SRR5949222	1.149752993629983
RP11-959F10.4	SRR5949223	1.1489094288850477
RP11-959F10.4	SRR5949224	1.1497815594090803
RP11-959F10.4	SRR5949225	1.1498700492655702
RP11-959F10.4	SRR5949226	1.1495611354981103
RP11-959F10.4	SRR5949227	1.1498700492655702
RP11-959F10.4	SRR5949228	1.1496058907069004
RP11-959F10.4	SRR5949229	1.149639556483191
RP11-959F10.4	SRR5949230	1.1498700492655702
RP11-959F10.4	SRR5949231	1.1494707522857042
RP11-959F10.4	SRR5949232	1.1487635500794011
RP11-959F10.4	SRR5949233	1.1489229708372037
RP11-959F10.4	SRR5949234	1.149752993629983
RP11-959F10.4	SRR5949235	1.1496058907069004
RP11-959F10.4	SRR5949236	1.1478430081697302
RP11-959F10.4	SRR5949237	1.1494610034998385
RP11-959F10.4	SRR5949238	1.1492438683694057
RP11-959F10.4	SRR5949239	1.147930185304594
RP11-959F10.4	SRR5949240	1.1498758641415114
RP11-959F10.4	SRR5949241	1.149757132515299
RP11-959F10.4	SRR5949242	1.1497815594090803
RP11-959F10.4	SRR5949243	1.1496516232140812
RP11-959F10.4	SRR5949244	1.1496653216499102
RP11-959F10.4	SRR5949245	1.1496653216499102
RP11-959F10.4	SRR5949246	1.149801355279094
RP11-959F10.4	SRR5949247	1.149752993629983
RP11-959F10.4	SRR5949248	1.149801355279094
RP11-959F10.4	SRR5949249	1.1497815594090803
RP11-959F10.4	SRR5949250	1.1499000124654937
RP11-959F10.4	SRR5949251	1.1496058907069004
RP11-959F10.4	SRR5949252	1.1498283651018633
RP11-959F10.4	SRR5949253	1.1494121443044876
RP11-959F10.4	SRR5949254	1.1495510677538354
RP11-959F10.4	SRR5949255	1.1497815594090803
RP11-959F10.4	SRR5949256	1.149659680044542
RP11-959F10.4	SRR5949257	1.1498758641415114
RP11-959F10.4	SRR5949258	1.1498758641415114
RP11-959F10.4	SRR5949259	1.149727479151349
RP11-959F10.4	SRR5949260	1.1499000124654937
RP11-959F10.4	SRR5949261	1.1499000124654937
RP11-959F10.4	SRR5949262	1.149659680044542
RP11-959F10.4	SRR5949263	1.1498041981068907
RP11-959F10.4	SRR5949264	1.149727479151349
RP11-959F10.4	SRR5949265	1.1498700492655702
RP11-959F10.4	SRR5949266	1.1490859664004887
RP11-959F10.4	SRR5949267	1.1491016556665985
RP11-959F10.4	SRR5949268	1.1498700492655702
RP11-959F10.4	SRR5949269	1.149752993629983
RP11-959F10.4	SRR5949270	1.1497815594090803
RP11-959F10.4	SRR5949271	1.1495224477062624
RP11-959F10.4	SRR5949272	1.1499000124654937
RP11-959F10.4	SRR5949273	1.1499000124654937
RP11-959F10.4	SRR5949274	1.149801355279094
RP11-959F10.4	SRR5949275	1.1495012298161975
RP11-959F10.4	SRR5949276	1.149801355279094
RP11-959F10.4	SRR5949277	1.1491016556665985
RP11-959F10.4	SRR5949278	1.1498041981068907
RP11-959F10.4	SRR5949279	1.1498041981068907
RP11-959F10.4	SRR5949280	1.1493806150832857
RP11-959F10.4	SRR5949281	1.149801355279094
RP11-959F10.4	SRR5949282	1.1499000124654937
RP11-959F10.4	SRR5949283	1.1494610034998385
RP11-959F10.4	SRR5949284	1.1499000124654937
RP11-959F10.4	SRR5949285	1.1485352709618715
RP11-959F10.4	SRR5949286	1.1490061236504394
RP11-959F10.4	SRR5949287	1.1499000124654937
RP11-959F10.4	SRR5949288	1.1498041981068907
RP11-959F10.4	SRR5949289	1.1496653216499102
RP11-959F10.4	SRR5949290	1.1499000124654937
RP11-959F10.4	SRR5949291	1.1497815594090803
RP11-959F10.4	SRR5949292	1.149752993629983
RP11-959F10.4	SRR5949293	1.1499000124654937
RP11-959F10.4	SRR5949294	1.1498758641415114
RP11-959F10.4	SRR5949295	1.1498041981068907
RP11-959F10.4	SRR5949296	1.1498041981068907
RP11-959F10.4	SRR5949297	1.1498283651018633
RP11-959F10.4	SRR5949298	1.149614382860247
RP11-959F10.4	SRR5949299	1.149757132515299
RP11-959F10.4	SRR5949300	1.1498758641415114
RP11-959F10.4	SRR5949301	1.1498758641415114
RP11-959F10.4	SRR5949302	1.1496653216499102
RP11-959F10.4	SRR5949303	1.1496516232140812
RP11-959F10.4	SRR5949304	1.1498283651018633
RP11-959F10.4	SRR5949305	1.1490061236504394
RP11-959F10.4	SRR5949306	1.1498700492655702
RP11-959F10.4	SRR5949307	1.149757132515299
RP11-959F10.4	SRR5949308	1.149801355279094
RP11-959F10.4	SRR5949309	1.1495565511841175
RP11-959F10.4	SRR5949310	1.1495565511841175
RP11-959F10.4	SRR5949311	1.1497815594090803
RP11-959F10.4	SRR5949312	1.149461221160821
RP11-959F10.4	SRR5949313	1.1497815594090803
RP11-959F10.4	SRR5949314	1.1498758641415114
RP11-959F10.4	SRR5949315	1.1497815594090803
RP11-959F10.4	SRR5949316	1.1498041981068907
RP11-959F10.4	SRR5949317	1.1492438683694057
RP11-959F10.4	SRR5949318	1.1491016556665985
RP11-959F10.4	SRR5949319	1.1498283651018633
RP11-959F10.4	SRR5949320	1.1499000124654937
RP11-959F10.4	SRR5949321	1.149801355279094
RP11-959F10.4	SRR5949322	1.149614382860247
RP11-959F10.4	SRR5949323	1.1497815594090803
RP11-959F10.4	SRR5949324	1.1499000124654937
RP11-959F10.4	SRR5949325	1.1498041981068907
RP11-959F10.4	SRR5949326	1.1497815594090803
RP11-959F10.4	SRR5949327	1.1490004023259148
RP11-959F10.4	SRR5949328	1.1498283651018633
RP11-959F10.4	SRR5949329	1.1498283651018633
RP11-959F10.4	SRR5949330	1.1498041981068907
RP11-959F10.4	SRR5949331	1.1498700492655702
RP11-959F10.4	SRR5949332	1.1499000124654937
RP11-959F10.4	SRR5949333	1.1496993836519698
RP11-959F10.4	SRR5949334	1.1494508753827517
RP11-959F10.4	SRR5949335	1.1498758641415114
RP11-959F10.4	SRR5949336	1.149801355279094
RP11-959F10.4	SRR5949337	1.1498700492655702
RP11-959F10.4	SRR5949338	1.1498041981068907
RP11-959F10.4	SRR5949339	1.1498041981068907
RP11-959F10.4	SRR5949340	1.149614382860247
RP11-959F10.4	SRR5949341	1.149727479151349
RP11-959F10.4	SRR5949342	1.1498700492655702
RP11-959F10.4	SRR5949343	1.149727479151349
RP11-959F10.4	SRR5949344	1.1498283651018633
RP11-959F10.4	SRR5949345	1.1498700492655702
RP11-959F10.4	SRR5949346	1.1489824166943214
RP11-959F10.4	SRR5949347	1.1494257243385793
RP11-959F10.4	SRR5949348	1.1487709425734813
RP11-959F10.4	SRR5949349	1.1498041981068907
RP11-959F10.4	SRR5949350	1.149757132515299
RP11-959F10.4	SRR5949351	1.1497815594090803
RP11-959F10.4	SRR5949352	1.149801355279094
RP11-959F10.4	SRR5949353	1.1498041981068907
RP11-959F10.4	SRR5949354	1.1495224477062624
RP11-959F10.4	SRR5949355	1.149727479151349
RP11-959F10.4	SRR5949356	1.1467122388088349
RP11-959F10.4	SRR5949357	1.149752993629983
RP11-959F10.4	SRR5949358	1.1497815594090803
RP11-959F10.4	SRR5949359	1.1498041981068907
RP11-959F10.4	SRR5949360	1.149727479151349
RP11-959F10.4	SRR5949361	1.1496653216499102
RP11-959F10.4	SRR5949362	1.1478188840514512
RP11-959F10.4	SRR5949363	1.1498758641415114
RP11-959F10.4	SRR5949364	1.1496058907069004
RP11-959F10.4	SRR5949365	1.1494121443044876
RP11-959F10.4	SRR5949366	1.1474377159067004
RP11-959F10.4	SRR5949367	1.1499000124654937
RP11-959F10.4	SRR5949368	1.148804618132568
RP11-959F10.4	SRR5949369	1.1498758641415114
RP11-959F10.4	SRR5949370	1.1498283651018633
RP11-959F10.4	SRR5949371	1.1495565511841175
RP11-959F10.4	SRR5949372	1.149801355279094
RP11-959F10.4	SRR5949373	1.1498758641415114
RP11-959F10.4	SRR5949374	1.1496516232140812
RP11-959F10.4	SRR5949375	1.1498758641415114
RP11-959F10.4	SRR5949376	1.1499000124654937
RP11-959F10.4	SRR5949377	1.1498041981068907
RP11-959F10.4	SRR5949378	1.1499000124654937
RP11-959F10.4	SRR5949379	1.1498041981068907
RP11-959F10.4	SRR5949380	1.1489471817569916
RP11-959F10.4	SRR5949381	1.1495012298161975
RP11-959F10.4	SRR5949382	1.1498283651018633
RP11-959F10.4	SRR5949383	1.1496993836519698
RP11-959F10.4	SRR5949384	1.1498758641415114
RP11-959F10.4	SRR5949385	1.149659680044542
RP11-959F10.4	SRR5949386	1.1499000124654937
RP11-959F10.4	SRR5949387	1.147930185304594
RP11-959F10.4	SRR5949388	1.1495224477062624
RP11-959F10.4	SRR5949389	1.1499000124654937
RP11-959F10.4	SRR5949390	1.1497815594090803
RP11-959F10.4	SRR5949391	1.1495565511841175
RP11-959F10.4	SRR5949392	1.1499000124654937
RP11-959F10.4	SRR5949393	1.1495565511841175
RP11-959F10.4	SRR5949394	1.1495012298161975
RP11-959F10.4	SRR5949395	1.1497815594090803
RP11-959F10.4	SRR5949396	1.1489204896371397
RP11-959F10.4	SRR5949397	1.1498758641415114
RP11-959F10.4	SRR5949398	1.1498700492655702
RP11-959F10.4	SRR5949399	1.1497815594090803
RP11-959F10.4	SRR5949400	1.1442239823514004
RP11-959F10.4	SRR5949401	1.1499000124654937
RP11-959F10.4	SRR5949402	1.149801355279094
RP11-959F10.4	SRR5949403	1.149757132515299
RP11-959F10.4	SRR5949404	1.1495611354981103
RP11-959F10.4	SRR5949405	1.1498041981068907
RP11-959F10.4	SRR5949406	1.1498758641415114
RP11-959F10.4	SRR5949407	1.1498041981068907
RP11-959F10.4	SRR5949408	1.1498041981068907
RP11-959F10.4	SRR5949409	1.149801355279094
RP11-959F10.4	SRR5949410	1.149801355279094
RP11-959F10.4	SRR5949411	1.1499000124654937
RP11-959F10.4	SRR5949412	1.1496653216499102
RP11-959F10.4	SRR5949413	1.1498041981068907
RP11-959F10.4	SRR5949414	1.1498283651018633
RP11-959F10.4	SRR5949415	1.1498700492655702
RP11-959F10.4	SRR5949416	1.149752993629983
RP11-959F10.4	SRR5949417	1.1496993836519698
RP11-959F10.4	SRR5949418	1.1498041981068907
RP11-959F10.4	SRR5949419	1.1498283651018633
RP11-959F10.4	SRR5949420	1.149727479151349
RP11-959F10.4	SRR5949421	1.1496993836519698
RP11-959F10.4	SRR5949422	1.149752993629983
RP11-959F10.4	SRR5949423	1.149752993629983
RP11-959F10.4	SRR5949424	1.1499000124654937
RP11-959F10.4	SRR5949425	1.149752993629983
RP11-959F10.4	SRR5949426	1.1498700492655702
RP11-959F10.4	SRR5949427	1.149752993629983
RP11-959F10.4	SRR5949428	1.1499000124654937
RP11-959F10.4	SRR5949429	1.149461221160821
RP11-959F10.4	SRR5949430	1.1497815594090803
RP11-959F10.4	SRR5949431	1.1497815594090803
RP11-959F10.4	SRR5949432	1.149801355279094
RP11-959F10.4	SRR5949433	1.149757132515299
RP11-959F10.4	SRR5949434	1.149757132515299
RP11-959F10.4	SRR5949435	1.1495510677538354
RP11-959F10.4	SRR5949436	1.1498283651018633
RP11-959F10.4	SRR5949437	1.149461221160821
RP11-959F10.4	SRR5949438	1.1493806150832857
RP11-959F10.4	SRR5949439	1.1498758641415114
RP11-959F10.4	SRR5949440	1.1498700492655702
RP11-959F10.4	SRR5949441	1.1498700492655702
RP11-959F10.4	SRR5949442	1.1496516232140812
RP11-959F10.4	SRR5949443	1.1495611354981103
RP11-959F10.4	SRR5949444	1.1495012298161975
RP11-959F10.4	SRR5949445	1.1499000124654937
RP11-959F10.4	SRR5949446	1.1498700492655702
RP11-959F10.4	SRR5949447	1.149757132515299
RP11-959F10.4	SRR5949448	1.1499000124654937
RP11-959F10.4	SRR5949449	1.1499000124654937
RP11-959F10.4	SRR5949450	1.1497815594090803
RP11-959F10.4	SRR5949451	1.1496993836519698
RP11-959F10.4	SRR5949452	1.1498041981068907
RP11-959F10.4	SRR5949453	1.1497815594090803
RP11-959F10.4	SRR5949454	1.1498041981068907
RP11-959F10.4	SRR5949455	1.149757132515299
RP11-959F10.4	SRR5949456	1.1498758641415114
RP11-959F10.4	SRR5949457	1.1498700492655702
RP11-959F10.4	SRR5949458	1.1498758641415114
RP11-959F10.4	SRR5949459	1.149801355279094
RP11-959F10.4	SRR5949460	1.1495611354981103
RP11-959F10.4	SRR5949461	1.1490004023259148
RP11-959F10.4	SRR5949462	1.1498283651018633
RP11-959F10.4	SRR5949463	1.1495510677538354
RP11-959F10.4	SRR5949464	1.1494610034998385
RP11-959F10.4	SRR5949465	1.1489587806071277
RP11-959F10.4	SRR5949466	1.1497815594090803
RP11-959F10.4	SRR5949467	1.1489471817569916
RP11-959F10.4	SRR5949468	1.1498283651018633
RP11-959F10.4	SRR5949469	1.1498700492655702
RP11-959F10.4	SRR5949470	1.1498041981068907
RP11-959F10.4	SRR5949471	1.149727479151349
RP11-959F10.4	SRR5949472	1.149801355279094
RP11-959F10.4	SRR5949473	1.149801355279094
RP11-959F10.4	SRR5949474	1.149757132515299
RP11-959F10.4	SRR5949475	1.1499000124654937
RP11-959F10.4	SRR5949476	1.1498041981068907
RP11-959F10.4	SRR5949477	1.1498700492655702
RP11-959F10.4	SRR5949478	1.149801355279094
RP11-959F10.4	SRR5949479	1.149283393549715
RP11-959F10.4	SRR5949480	1.149752993629983
RP11-959F10.4	SRR5949481	1.1498700492655702
RP11-959F10.4	SRR5949482	1.1496653216499102
RP11-959F10.4	SRR5949483	1.1492630102128836
RP11-959F10.4	SRR5949484	1.1498283651018633
RP11-959F10.4	SRR5949485	1.1495012298161975
RP11-959F10.4	SRR5949486	1.149757132515299
RP11-959F10.4	SRR5949487	1.149752993629983
RP11-959F10.4	SRR5949488	1.149461221160821
RP11-959F10.4	SRR5949489	1.1496058907069004
RP11-959F10.4	SRR5949490	1.1496058907069004
RP11-959F10.4	SRR5949491	1.149757132515299
RP11-959F10.4	SRR5949492	1.1496058907069004
RP11-959F10.4	SRR5949493	1.149727479151349
RP11-959F10.4	SRR5949494	1.1499000124654937
RP11-959F10.4	SRR5949495	1.1494707522857042
RP11-959F10.4	SRR5949496	1.149727479151349
RP11-959F10.4	SRR5949497	1.149727479151349
RP11-959F10.4	SRR5949498	1.1497815594090803
RP11-959F10.4	SRR5949499	1.1498283651018633
RP11-959F10.4	SRR5949500	1.1494121443044876
RP11-959F10.4	SRR5949501	1.149515806070026
RP11-959F10.4	SRR5949502	1.1492573238148507
RP11-959F10.4	SRR5949503	1.149639556483191
RP11-959F10.4	SRR5949504	1.1498041981068907
RP11-959F10.4	SRR5949505	1.1498041981068907
RP11-959F10.4	SRR5949506	1.1498041981068907
RP11-959F10.4	SRR5949507	1.1498700492655702
RP11-959F10.4	SRR5949508	1.149752993629983
RP11-959F10.4	SRR5949509	1.1498283651018633
RP11-959F10.4	SRR5949510	1.1498041981068907
RP11-959F10.4	SRR5949511	1.1489592829745587
RP11-959F10.4	SRR5949512	1.149801355279094
RP11-959F10.4	SRR5949513	1.1499000124654937
RP11-959F10.4	SRR5949514	1.149659680044542
RP11-959F10.4	SRR5949515	1.1498283651018633
RP11-959F10.4	SRR5949516	1.149757132515299
RP11-959F10.4	SRR5949517	1.1498041981068907
RP11-959F10.4	SRR5949518	1.149283393549715
RP11-959F10.4	SRR5949519	1.1496058907069004
RP11-959F10.4	SRR5949520	1.1498700492655702
RP11-959F10.4	SRR5949521	1.1490859664004887
RP11-959F10.4	SRR5949522	1.149801355279094
RP11-959F10.4	SRR5949523	1.1498700492655702
RP11-959F10.4	SRR5949524	1.149757132515299
RP11-959F10.4	SRR5949525	1.149659680044542
RP11-959F10.4	SRR5949526	1.1489944018824365
RP11-959F10.4	SRR5949527	1.149639556483191
RP11-959F10.4	SRR5949528	1.1483720675437479
RP11-959F10.4	SRR5949529	1.1495224477062624
RP11-959F10.4	SRR5949530	1.149727479151349
RP11-959F10.4	SRR5949531	1.1496653216499102
RP11-959F10.4	SRR5949532	1.1498700492655702
RP11-959F10.4	SRR5949533	1.1499000124654937
RP11-959F10.4	SRR5949534	1.149659680044542
RP11-959F10.4	SRR5949535	1.1498283651018633
RP11-959F10.4	SRR5949536	1.1497815594090803
RP11-959F10.4	SRR5949537	1.1498700492655702
RP11-959F10.4	SRR5949538	1.1499000124654937
RP11-959F10.4	SRR5949539	1.149727479151349
RP11-959F10.4	SRR5949540	1.1495611354981103
RP11-959F10.4	SRR5949541	1.149727479151349
RP11-959F10.4	SRR5949542	1.1495224477062624
RP11-959F10.4	SRR5949543	1.149752993629983
RP11-959F10.4	SRR5949544	1.1495611354981103
RP11-959F10.4	SRR5949545	1.149283393549715
RP11-959F10.4	SRR5949546	1.149639556483191
RP11-959F10.4	SRR5949547	1.1499000124654937
RP11-959F10.4	SRR5949548	1.149757132515299
RP11-959F10.4	SRR5949549	1.1494121443044876
RP11-959F10.4	SRR5949550	1.1489471817569916
RP11-959F10.4	SRR5949551	1.149801355279094
RP11-959F10.4	SRR5949552	1.1494823274298185
RP11-959F10.4	SRR5949553	1.1498758641415114
RP11-959F10.4	SRR5949554	1.1498041981068907
RP11-959F10.4	SRR5949555	1.1409427054301
RP11-959F10.4	SRR5949556	1.149515806070026
RP11-959F10.4	SRR5949557	1.1497815594090803
RP11-959F10.4	SRR5949558	1.1494707522857042
RP11-959F10.4	SRR5949559	1.1498283651018633
RP11-959F10.4	SRR5949560	1.1498283651018633
RP11-959F10.4	SRR5949561	1.1490061236504394
RP11-959F10.4	SRR5949562	1.1495012298161975
RP11-959F10.4	SRR5949563	1.1497815594090803
RP11-959F10.4	SRR5949564	1.149801355279094
RP11-959F10.4	SRR5949565	1.1498758641415114
RP11-959F10.4	SRR5949566	1.1498283651018633
RP11-959F10.4	SRR5949567	1.1479342052496542
RP11-959F10.4	SRR5949568	1.1495565511841175
RP11-959F10.4	SRR5949569	1.149614382860247
RP11-959F10.4	SRR5949570	1.149727479151349
RP11-959F10.4	SRR5949571	1.1493287860193127
RP11-959F10.4	SRR5949572	1.1496993836519698
RP11-959F10.4	SRR5949573	1.1495565511841175
RP11-959F10.4	SRR5949574	1.1497815594090803
RP11-959F10.4	SRR5949575	1.149752993629983
RP11-959F10.4	SRR5949576	1.1496993836519698
RP11-959F10.4	SRR5949577	1.1498758641415114
RP11-959F10.4	SRR5949578	1.1497815594090803
RP11-959F10.4	SRR5949579	1.1498283651018633
RP11-959F10.4	SRR5949580	1.1498283651018633
RP11-959F10.4	SRR5949581	1.1499000124654937
RP11-959F10.4	SRR5949582	1.149614382860247
RP11-959F10.4	SRR5949583	1.1498758641415114
RP11-959F10.4	SRR5949584	1.1489713533334538
RP11-959F10.4	SRR5949585	1.149801355279094
RP11-959F10.4	SRR5949586	1.1498041981068907
RP11-959F10.4	SRR5949587	1.149757132515299
RP11-959F10.4	SRR5949588	1.14823324140182
RP11-959F10.4	SRR5949589	1.1499000124654937
RP11-959F10.4	SRR5949590	1.149639556483191
RP11-959F10.4	SRR5949591	1.1498283651018633
RP11-959F10.4	SRR5949592	1.1496653216499102
RP11-959F10.4	SRR5949593	1.1499000124654937
RP11-959F10.4	SRR5949594	1.1496993836519698
RP11-959F10.4	SRR5949595	1.1498041981068907
RP11-959F10.4	SRR5949596	1.149757132515299
RP11-959F10.4	SRR5949597	1.1492327898220787
RP11-959F10.4	SRR5949598	1.149727479151349
RP11-959F10.4	SRR5949599	1.149639556483191
RP11-959F10.4	SRR5949600	1.1497815594090803
RP11-959F10.4	SRR5949601	1.1496993836519698
RP11-959F10.4	SRR5949602	1.1499000124654937
RP11-959F10.4	SRR5949603	1.149801355279094
RP11-959F10.4	SRR5949604	1.1498041981068907
RP11-959F10.4	SRR5949605	1.1496993836519698
RP11-959F10.4	SRR5949606	1.1494707522857042
RP11-959F10.4	SRR5949607	1.1498700492655702
RP11-959F10.4	SRR5949608	1.1490004023259148
RP11-959F10.4	SRR5950246	1.1489592829745587
RP11-959F10.4	SRR5950247	1.1494707522857042
RP11-959F10.4	SRR5950248	1.1497815594090803
RP11-959F10.4	SRR5950249	1.1499000124654937
RP11-959F10.4	SRR5950250	1.1495611354981103
RP11-959F10.4	SRR5950251	1.1497815594090803
RP11-959F10.4	SRR5950252	1.1498758641415114
RP11-959F10.4	SRR5950253	1.1498041981068907
RP11-959F10.4	SRR5950254	1.1494707522857042
RP11-959F10.4	SRR5950255	1.1492327898220787
RP11-959F10.4	SRR5950256	1.14882817140177
RP11-959F10.4	SRR5950257	1.1487945702274995
RP11-959F10.4	SRR5950258	1.149801355279094
RP11-959F10.4	SRR5950259	1.1498283651018633
RP11-959F10.4	SRR5950260	1.1497815594090803
RP11-959F10.4	SRR5950261	1.149801355279094
RP11-959F10.4	SRR5950262	1.149659680044542
RP11-959F10.4	SRR5950263	1.1492573238148507
RP11-959F10.4	SRR5950264	1.1498700492655702
RP11-959F10.4	SRR5950265	1.1495611354981103
RP11-959F10.4	SRR5950266	1.1489684643066176
RP11-959F10.4	SRR5950267	1.149801355279094
RP11-959F10.4	SRR5950268	1.1496993836519698
RP11-959F10.4	SRR5950269	1.149727479151349
RP11-959F10.4	SRR5950270	1.1494610034998385
RP11-959F10.4	SRR5950271	1.1499000124654937
RP11-959F10.4	SRR5950272	1.1499000124654937
RP11-959F10.4	SRR5950273	1.1497815594090803
RP11-959F10.4	SRR5950274	1.1496516232140812
RP11-959F10.4	SRR5950275	1.1496993836519698
RP11-959F10.4	SRR5950276	1.149801355279094
RP11-959F10.4	SRR5950277	1.149515806070026
RP11-959F10.4	SRR5950278	1.1492438683694057
RP11-959F10.4	SRR5950279	1.149757132515299
RP11-959F10.4	SRR5950280	1.1498041981068907
RP11-959F10.4	SRR5950281	1.1496993836519698
RP11-959F10.4	SRR5950282	1.1493287860193127
RP11-959F10.4	SRR5950283	1.149801355279094
RP11-959F10.4	SRR5950284	1.1466271340242074
RP11-959F10.4	SRR5950285	1.1494823274298185
RP11-959F10.4	SRR5950286	1.1497815594090803
RP11-959F10.4	SRR5950287	1.1491016556665985
RP11-959F10.4	SRR5950288	1.1495510677538354
RP11-959F10.4	SRR5950289	1.1490061236504394
RP11-959F10.4	SRR5950290	1.1498283651018633
RP11-959F10.4	SRR5950291	1.149801355279094
RP11-959F10.4	SRR5950292	1.1496653216499102
RP11-959F10.4	SRR5950293	1.1494610034998385
RP11-959F10.4	SRR5950294	1.1499000124654937
RP11-959F10.4	SRR5950295	1.1498758641415114
RP11-959F10.4	SRR5950296	1.149752993629983
RP11-959F10.4	SRR5950297	1.1494508753827517
RP11-959F10.4	SRR5950298	1.1498283651018633
RP11-959F10.4	SRR5950299	1.149614382860247
RP11-959F10.4	SRR5950300	1.149757132515299
RP11-959F10.4	SRR5950301	1.149801355279094
RP11-959F10.4	SRR5950302	1.149752993629983
RP11-959F10.4	SRR5950303	1.149614382860247
RP11-959F10.4	SRR5950304	1.149461221160821
RP11-959F10.4	SRR5950305	1.149752993629983
RP11-959F10.4	SRR5950306	1.149752993629983
RP11-959F10.4	SRR5950307	1.1496058907069004
RP11-959F10.4	SRR5950308	1.1496653216499102
RP11-959F10.4	SRR5950309	1.1496993836519698
RP11-959F10.4	SRR5950310	1.1497815594090803
RP11-959F10.4	SRR5950311	1.1498700492655702
RP11-959F10.4	SRR5950312	1.149801355279094
RP11-959F10.4	SRR5950313	1.1496653216499102
RP11-959F10.4	SRR5950314	1.1498283651018633
RP11-959F10.4	SRR5950315	1.149801355279094
RP11-959F10.4	SRR5950316	1.1498700492655702
RP11-959F10.4	SRR5950317	1.149614382860247
RP11-959F10.4	SRR5950318	1.1494610034998385
RP11-959F10.4	SRR5950319	1.149639556483191
RP11-959F10.4	SRR5950320	1.149614382860247
RP11-959F10.4	SRR5950321	1.148836459359721
RP11-959F10.4	SRR5950322	1.1495224477062624
RP11-959F10.4	SRR5950323	1.1496516232140812
RP11-959F10.4	SRR5950324	1.1498283651018633
RP11-959F10.4	SRR5950325	1.149659680044542
RP11-959F10.4	SRR5950326	1.149515806070026
RP11-959F10.4	SRR5950327	1.149801355279094
RP11-959F10.4	SRR5950328	1.149801355279094
RP11-959F10.4	SRR5950329	1.149752993629983
RP11-959F10.4	SRR5950330	1.149639556483191
RP11-959F10.4	SRR5950331	1.1493287860193127
RP11-959F10.4	SRR5950332	1.1494707522857042
RP11-959F10.4	SRR5950333	1.1498283651018633
RP11-959F10.4	SRR5950334	1.1498283651018633
RP11-959F10.4	SRR5950335	1.1498283651018633
RP11-959F10.4	SRR5950336	1.1477909267796054
RP11-959F10.4	SRR5950337	1.1490522198255662
RP11-959F10.4	SRR5950338	1.1484554126990747
RP11-959F10.4	SRR5950339	1.1499000124654937
RP11-959F10.4	SRR5950340	1.1496058907069004
RP11-959F10.4	SRR5950341	1.1496653216499102
RP11-959F10.4	SRR5950342	1.1498700492655702
RP11-959F10.4	SRR5950343	1.1496653216499102
RP11-959F10.4	SRR5950344	1.1495224477062624
RP11-959F10.4	SRR5950345	1.1496516232140812
RP11-959F10.4	SRR5950346	1.149801355279094
RP11-959F10.4	SRR5950347	1.149752993629983
RP11-959F10.4	SRR5950348	1.1496058907069004
RP11-959F10.4	SRR5950349	1.1498758641415114
RP11-959F10.4	SRR5950350	1.1497815594090803
RP11-959F10.4	SRR5950351	1.1491016556665985
RP11-959F10.4	SRR5950352	1.1498700492655702
RP11-959F10.4	SRR5950353	1.149752993629983
RP11-959F10.4	SRR5950354	1.1498700492655702
RP11-959F10.4	SRR5950355	1.1498700492655702
RP11-959F10.4	SRR5950356	1.1489979896611313
RP11-959F10.4	SRR5950357	1.1498700492655702
RP11-959F10.4	SRR5950358	1.149614382860247
RP11-959F10.4	SRR5950359	1.149727479151349
RP11-959F10.4	SRR5950360	1.1498700492655702
RP11-959F10.4	SRR5950361	1.1498700492655702
RP11-959F10.4	SRR5950362	1.1495224477062624
RP11-959F10.4	SRR5950363	1.1494508753827517
RP11-959F10.4	SRR5950364	1.149639556483191
RP11-959F10.4	SRR5950365	1.1498041981068907
RP11-959F10.4	SRR5950366	1.1498283651018633
RP11-959F10.4	SRR5950367	1.1489024179979748
RP11-959F10.4	SRR5950368	1.149752993629983
RP11-959F10.4	SRR5950369	1.1499000124654937
RP11-959F10.4	SRR5950370	1.1499000124654937
RP11-959F10.4	SRR5950371	1.149801355279094
RP11-959F10.4	SRR5950372	1.1498041981068907
RP11-959F10.4	SRR5950373	1.149757132515299
RP11-959F10.4	SRR5950374	1.149757132515299
RP11-959F10.4	SRR5950375	1.1498700492655702
RP11-959F10.4	SRR5950376	1.1499000124654937
RP11-959F10.4	SRR5950377	1.1494121443044876
RP11-959F10.4	SRR5950378	1.149757132515299
RP11-959F10.4	SRR5950379	1.149752993629983
RP11-959F10.4	SRR5950380	1.1496653216499102
RP11-959F10.4	SRR5950381	1.149659680044542
RP11-959F10.4	SRR5950382	1.1491016556665985
RP11-959F10.4	SRR5950383	1.1498758641415114
RP11-959F10.4	SRR5950384	1.1498283651018633
RP11-959F10.4	SRR5950385	1.1490859664004887
RP11-959F10.4	SRR5950386	1.1498700492655702
RP11-959F10.4	SRR5950387	1.1498758641415114
RP11-959F10.4	SRR5950388	1.1495611354981103
RP11-959F10.4	SRR5950389	1.1485352709618715
RP11-959F10.4	SRR5950390	1.1496993836519698
RP11-959F10.4	SRR5950391	1.1499000124654937
RP11-959F10.4	SRR5950392	1.1491016556665985
RP11-959F10.4	SRR5950393	1.1495565511841175
RP11-959F10.4	SRR5950394	1.149727479151349
RP11-959F10.4	SRR5950395	1.149752993629983
RP11-959F10.4	SRR5950396	1.1499000124654937
RP11-959F10.4	SRR5950397	1.1498758641415114
RP11-959F10.4	SRR5950398	1.1498758641415114
RP11-959F10.4	SRR5950399	1.149659680044542
RP11-959F10.4	SRR5950400	1.1496993836519698
RP11-959F10.4	SRR5950401	1.1498700492655702
RP11-959F10.4	SRR5950402	1.1498700492655702
RP11-959F10.4	SRR5950403	1.1497815594090803
RP11-959F10.4	SRR5950404	1.1498041981068907
RP11-959F10.4	SRR5950405	1.14823324140182
RP11-959F10.4	SRR5950406	1.1493806150832857
RP11-959F10.4	SRR5950407	1.149801355279094
RP11-959F10.4	SRR5950408	1.149461221160821
RP11-959F10.4	SRR5950409	1.1495565511841175
RP11-959F10.4	SRR5950410	1.1499000124654937
RP11-959F10.4	SRR5950411	1.1498283651018633
RP11-959F10.4	SRR5950412	1.1498700492655702
RP11-959F10.4	SRR5950413	1.1493657120956842
RP11-959F10.4	SRR5950414	1.149801355279094
RP11-959F10.4	SRR5950415	1.149614382860247
RP11-959F10.4	SRR5950416	1.1496653216499102
RP11-959F10.4	SRR5950417	1.1496993836519698
RP11-959F10.4	SRR5950418	1.1495510677538354
RP11-959F10.4	SRR5950419	1.1498700492655702
RP11-959F10.4	SRR5950420	1.149752993629983
RP11-959F10.4	SRR5950421	1.1495611354981103
RP11-959F10.4	SRR5950422	1.1494707522857042
RP11-959F10.4	SRR5950423	1.149757132515299
RP11-959F10.4	SRR5950424	1.1498283651018633
RP11-959F10.4	SRR5950425	1.1498700492655702
RP11-959F10.4	SRR5950426	1.1496058907069004
RP11-959F10.4	SRR5950427	1.1498283651018633
RP11-959F10.4	SRR5950428	1.149757132515299
RP11-959F10.4	SRR5950429	1.1498700492655702
RP11-959F10.4	SRR5950430	1.149727479151349
RP11-959F10.4	SRR5950431	1.149727479151349
RP11-959F10.4	SRR5950432	1.1498041981068907
RP11-959F10.4	SRR5950433	1.149801355279094
RP11-959F10.4	SRR5950434	1.1495611354981103
RP11-959F10.4	SRR5950435	1.149757132515299
RP11-959F10.4	SRR5950436	1.1498700492655702
RP11-959F10.4	SRR5950437	1.149727479151349
RP11-959F10.4	SRR5950438	1.1498283651018633
RP11-959F10.4	SRR5950439	1.1498758641415114
RP11-959F10.4	SRR5950440	1.145365413736815
RP11-959F10.4	SRR5950441	1.1494707522857042
RP11-959F10.4	SRR5950442	1.1497815594090803
RP11-959F10.4	SRR5950443	1.149659680044542
RP11-959F10.4	SRR5950444	1.149801355279094
RP11-959F10.4	SRR5950445	1.1498041981068907
RP11-959F10.4	SRR5950446	1.1496516232140812
RP11-959F10.4	SRR5950447	1.1494257243385793
RP11-959F10.4	SRR5950448	1.149801355279094
RP11-959F10.4	SRR5950449	1.1498041981068907
RP11-959F10.4	SRR5950450	1.1498700492655702
RP11-959F10.4	SRR5950451	1.1499000124654937
RP11-959F10.4	SRR5950452	1.1494823274298185
RP11-959F10.4	SRR5950453	1.1498283651018633
RP11-959F10.4	SRR5950454	1.1494823274298185
RP11-959F10.4	SRR5950455	1.1498283651018633
RP11-959F10.4	SRR5950456	1.149757132515299
RP11-959F10.4	SRR5950457	1.149659680044542
RP11-959F10.4	SRR5950458	1.1499000124654937
RP11-959F10.4	SRR5950459	1.149752993629983
RP11-959F10.4	SRR5950460	1.149752993629983
RP11-959F10.4	SRR5950461	1.1497815594090803
RP11-959F10.4	SRR5950462	1.1492630102128836
RP11-959F10.4	SRR5950463	1.149614382860247
RP11-959F10.4	SRR5950464	1.149515806070026
RP11-959F10.4	SRR5950465	1.1449587156171235
RP11-959F10.4	SRR5950466	1.149801355279094
RP11-959F10.4	SRR5950467	1.149752993629983
RP11-959F10.4	SRR5950468	1.149801355279094
RP11-959F10.4	SRR5950469	1.149639556483191
RP11-959F10.4	SRR5950470	1.1498700492655702
RP11-959F10.4	SRR5963912	1.1499000124654937
RP11-959F10.4	SRR5963913	1.1495224477062624
RP11-959F10.4	SRR5963914	1.1499000124654937
RP11-959F10.4	SRR5963915	1.1495611354981103
RP11-959F10.4	SRR5963916	1.1494121443044876
RP11-959F10.4	SRR5963917	1.1496993836519698
RP11-959F10.4	SRR5963918	1.149727479151349
RP11-959F10.4	SRR5963919	1.1498041981068907
RP11-959F10.4	SRR5963920	1.149757132515299
RP11-959F10.4	SRR5963921	1.1498283651018633
RP11-959F10.4	SRR5963922	1.1496653216499102
RP11-959F10.4	SRR5963923	1.149727479151349
RP11-959F10.4	SRR5963924	1.1498041981068907
RP11-959F10.4	SRR5963925	1.1495224477062624
RP11-959F10.4	SRR5963926	1.149515806070026
RP11-959F10.4	SRR5963927	1.1498758641415114
RP11-959F10.4	SRR5963928	1.1494823274298185
RP11-959F10.4	SRR5963929	1.149801355279094
RP11-959F10.4	SRR5963930	1.1493287860193127
RP11-959F10.4	SRR5963931	1.1499000124654937
RP11-959F10.4	SRR5963932	1.149757132515299
RP11-959F10.4	SRR5963933	1.149659680044542
RP11-959F10.4	SRR5963934	1.1494257243385793
RP11-959F10.4	SRR5963935	1.1499000124654937
RP11-959F10.4	SRR5963936	1.1495510677538354
RP11-959F10.4	SRR5963937	1.1492573238148507
RP11-959F10.4	SRR5963938	1.149801355279094
RP11-959F10.4	SRR5963939	1.1498041981068907
RP11-959F10.4	SRR5963940	1.1498700492655702
RP11-959F10.4	SRR5963941	1.1499000124654937
RP11-959F10.4	SRR5963942	1.1499000124654937
RP11-959F10.4	SRR5963943	1.1498283651018633
RP11-959F10.4	SRR5963944	1.1499000124654937
RP11-959F10.4	SRR5963945	1.1498758641415114
RP11-959F10.4	SRR5963946	1.149801355279094
RP11-959F10.4	SRR5963947	1.149801355279094
RP11-959F10.4	SRR5963948	1.149801355279094
RP11-959F10.4	SRR6467548	1.009806123524068
RP11-959F10.4	SRR6467549	1.0166333952670563
RP11-959F10.4	SRR6467550	1.0094573463716312
RP11-959F10.4	SRR6467551	2.0329016381270315
RP11-959F10.4	SRR6467552	1.0165227814557534
RP11-959F10.4	SRR6467553	1.031917753407997
RP11-959F10.4	SRR6467554	1.0225494456218691
RP11-959F10.4	SRR6467555	1.0144151620441488
RP11-959F10.4	SRR6467556	1.0118279387635634
RP11-959F10.4	SRR6467557	1.011419518838626
RP11-959F10.4	SRR6467558	1.0202167779550353
RP11-959F10.4	SRR6467559	1.0021749573528569
RP11-959F10.4	SRR6467560	1.0102148863804552
RP11-959F10.4	SRR6467561	1.0074511140063074
RP11-959F10.4	SRR6467562	1.003793020797143
RP11-959F10.4	SRR6467563	1.0061967931686884
RP11-959F10.4	SRR6467564	1.007311001168582
RP11-959F10.4	SRR6467565	1.0096995243760967
RP11-959F10.4	SRR6467566	1.0275298262095158
RP11-959F10.4	SRR6467567	1.0110728691639104
RP11-959F10.4	SRR6467568	1.0041019499142785
RP11-959F10.4	SRR6467569	1.0146397099735318
RP11-959F10.4	SRR6467570	0.9212370282975713
RP11-959F10.4	SRR6467571	1.0007198511622537
RP11-959F10.4	SRR6467572	1.0061524256376846
RP11-959F10.4	SRR6467573	1.0067982845157166
RP11-959F10.4	SRR6467574	2
RP11-959F10.4	SRR6467575	1.1431939132154336
RP11-959F10.4	SRR6467576	1.0046747157254012
RP11-959F10.4	SRR6467577	1.0014402205102033
RP11-959F10.4	SRR6467578	1.0098738000574858
RP11-959F10.4	SRR6467579	1.0105838312629851
RP11-959F10.4	SRR6467580	1.9043850993164781
RP11-959F10.4	SRR6467581	0.8602069894559086
RP11-959F10.4	SRR6467582	0.9412318359018896
RP11-959F10.4	SRR6467583	1
RP11-959F10.4	SRR6467584	1.0036310190827418
RP11-959F10.4	SRR6467585	0.725977704529803
RP11-959F10.4	SRR6467586	0.700584909987671
RP11-959F10.4	SRR6467587	0.7911079076582958
RP11-959F10.4	SRR6467588	0.556671230961435
RP11-959F10.4	SRR6467589	1
RP11-959F10.4	SRR6467590	1.0027634203047235
RP11-959F10.4	SRR6467591	1.0105196019933347
RP11-959F10.4	SRR6467592	1.0077795396441576
RP11-959F10.4	SRR6467593	1.004538287361441
RP11-959F10.4	SRR6467594	0.7354317039376504
RP11-959F10.4	SRR6467595	1.0021917441245578
RP11-959F10.4	SRR6467596	1
RP11-959F10.4	SRR6467597	0.8494164540145718
RP11-959F10.4	SRR6467598	1.7806318402157286
RP11-959F10.4	SRR6467599	1.0037407429361982
RP11-959F10.4	SRR6467600	1.004818568850564
RP11-959F10.4	SRR6467601	1.0055788173830293
RP11-959F10.4	SRR6467602	1.2730920136516806
RP11-959F10.4	SRR6467603	3
RP11-959F10.4	SRR6467604	1.0042247356985123
RP11-959F10.4	SRR6467605	1.003573911597282
RP11-959F10.4	SRR6467606	1
RP11-959F10.4	SRR6467607	1
RP11-959F10.4	SRR6467608	1.0026272514823873
RP11-959F10.4	SRR6467609	1.0001799142310437
RP11-959F10.4	SRR6467610	2.0199633959686554
RP11-959F10.4	SRR6467611	0.8199227173364774
RP11-959F10.4	SRR6467612	1.0058040855375532
RP11-959F10.4	SRR6467613	1
RP11-959F10.4	SRR6467614	1
RP11-959F10.4	SRR6467615	1.012703741023523
RP11-959F10.4	SRR6467616	1.0098927550157835
RP11-959F10.4	SRR6467617	1.0066688641367247
RP11-959F10.4	SRR6467618	1
RP11-959F10.4	SRR6467619	0.646646876315259
RP11-959F10.4	SRR6467620	1.0025925045596629
RP11-959F10.4	SRR6467621	1.005107193890329
RP11-959F10.4	SRR6467622	1.0150608699717154
RP11-959F10.4	SRR6467623	0.7184073978994172
RP11-959F10.4	SRR6467624	1.0001799142310437
RP11-959F10.4	SRR6467625	1
RP11-959F10.4	SRR6467626	1
RP11-959F10.4	SRR6467627	1.0100637475538297
RP11-959F10.4	SRR6467628	1
RP11-959F10.4	SRR6467629	0.8751938682406226
RP11-959F10.4	SRR6467630	1.0007198511622537
RP11-959F10.4	SRR6467631	1.0008998949047658
RP11-959F10.4	SRR6467632	1.0071774620660263
RP11-959F10.4	SRR6467633	1
RP11-959F10.4	SRR6467634	1.0039962901985677
RP11-959F10.4	SRR6467635	1.179566183794266
RP11-959F10.4	SRR6467636	1.0100809623101739
RP11-959F10.4	SRR6467637	1
RP11-959F10.4	SRR6467638	1
RP11-959F10.4	SRR6467639	1.0031685095836653
RP11-959F10.4	SRR6467640	1.0209184673656215
RP11-959F10.4	SRR6467641	1.0092827829875564
RP11-959F10.4	SRR6467642	0.8521559038609048
RP11-959F10.4	SRR6467643	1.0125130005061824
RP11-959F10.4	SRR6467644	1
RP11-959F10.4	SRR6467645	1.2399874002880098
RP11-959F10.4	SRR6467646	1
RP11-959F10.4	SRR6467647	0.759218602313251
RP11-959F10.4	SRR6467648	1.005773633988387
RP11-959F10.4	SRR6467649	1.0052921358977929
RP11-959F10.4	SRR6467650	1.0054730022593972
RP11-959F10.4	SRR6467651	1.002913173016367
RP11-959F10.4	SRR6467652	1.0001799142310437
RP11-959F10.4	SRR6467653	1.00992245953211
RP11-959F10.4	SRR6467654	1.0037407429361982
RP11-959F10.4	SRR6467655	1
RP11-959F10.4	SRR6467656	0.9459105516422436
RP11-959F10.4	SRR6467657	1
RP11-959F10.4	SRR6467658	3
RP11-959F10.4	SRR6467659	0.7916307402915718
RP11-959F10.4	SRR6467660	1.0068426805266635
RP11-959F10.4	SRR6467661	0.7029517755044163
RP11-959F10.4	SRR6467662	0.8946345345337715
RP11-959F10.4	SRR6467663	2.005581682610789
RP11-959F10.4	SRR6467664	0.6444573325399541
RP11-959F10.4	SRR6467665	1
RP11-959F10.4	SRR6467666	1
RP11-959F10.4	SRR6467667	0.6063230255730675
RP11-959F10.4	SRR6467668	0.7253665619529556
RP11-959F10.4	SRR6467669	1
RP11-959F10.4	SRR6467670	1
RP11-959F10.4	SRR6467671	0.9341294103890401
RP11-959F10.4	SRR6467672	2.017699694916879
RP11-959F10.4	SRR6467673	1.0095900205975368
RP11-959F10.4	SRR6467674	1.0062550679746862
RP11-959F10.4	SRR6467675	1.0086419580070092
RP11-959F10.4	SRR6467676	0.5807479497983324
RP11-959F10.4	SRR6467677	1
RP11-959F10.4	SRR6467678	1
RP11-959F10.4	SRR6467679	2
RP11-959F10.4	SRR6467680	1.01072934295352
RP11-959F10.4	SRR6467681	2
RP11-959F10.4	SRR6467682	2.0119700880123665
RP11-959F10.4	SRR6467683	2.0223924224196734
RP11-959F10.4	SRR6467684	1.0025925045596629
RP11-959F10.4	SRR6467685	1.014095870178947
RP11-959F10.4	SRR6467686	1.0014402205102033
RP11-959F10.4	SRR6467687	0.6661969090000487
RP11-959F10.4	SRR6467688	1
RP11-959F10.4	SRR6467689	1.0099029089915499
RP11-959F10.4	SRR6467690	1.0054674322877741
RP11-959F10.4	SRR6467691	1.0055480781368802
RP11-959F10.4	SRR6467692	1.0010052287584692
RP11-959F10.4	SRR6467693	0.9908751978013158
RP11-959F10.4	SRR6467694	1.0075707059203194
RP11-959F10.4	SRR6467695	1.0045689957386463
RP11-959F10.4	SRR6467696	0.675200309125929
RP11-959F10.4	SRR6467697	1
RP11-959F10.4	SRR6467698	1.0047021889912742
RP11-959F10.4	SRR6467699	1
RP11-959F10.4	SRR6467700	0.7259029320158285
RP11-959F10.4	SRR6467701	1
RP11-959F10.4	SRR6467702	1.014337303678091
RP11-959F10.4	SRR6467703	1.012335005482347
RP11-959F10.4	SRR6467704	2.005581682610789
RP11-959F10.4	SRR6467705	1.006530550845122
RP11-959F10.4	SRR6467706	1.0184705122861608
RP11-959F10.4	SRR6467707	1
RP11-959F10.4	SRR6467708	1.001725803535813
RP11-959F10.4	SRR6467709	1
RP11-959F10.4	SRR6467710	1.0008998949047658
RP11-959F10.4	SRR6467711	1.0013654513321437
RP11-959F10.4	SRR6467712	1.0112473218896492
RP11-959F10.4	SRR6467713	0.4826132434102111
RP11-959F10.4	SRR6467714	3.0179143111804017
RP11-959F10.4	SRR6467715	2
RP11-959F10.4	SRR6467716	1
RP11-959F10.4	SRR6467717	1.0122808125437386
RP11-959F10.4	SRR6467718	1.0154091421713183
RP11-959F10.4	SRR6467719	1.0036044413997351
RP11-959F10.4	SRR6467720	1
RP11-959F10.4	SRR6467721	1.0016203938574126
RP11-959F10.4	SRR6467722	0.9984279500806916
RP11-959F10.4	SRR6467723	1
RP11-959F10.4	SRR6467724	2
RP11-959F10.4	SRR6467725	1
RP11-959F10.4	SRR6467726	0.7953832785102136
RP11-959F10.4	SRR6467727	1.002289885748588
RP11-959F10.4	SRR6467728	3
RP11-959F10.4	SRR6467729	1.006890324821555
RP11-959F10.4	SRR6467730	2.004252755297471
RP11-959F10.4	SRR6467731	1.00988118368961
RP11-959F10.4	SRR6467732	1.4153171730033258
RP11-959F10.4	SRR6467733	1.001725803535813
RP11-959F10.4	SRR6467734	0.993009289870723
RP11-959F10.4	SRR6467735	1.0082651845569055
RP11-959F10.4	SRR6467736	1.0062021778341892
RP11-959F10.4	SRR6467737	1.0062062904901619
RP11-959F10.4	SRR6467738	1.000359860831218
RP11-959F10.4	SRR6467739	1
RP11-959F10.4	SRR6467740	1.005343007804232
RP11-959F10.4	SRR6467741	2.0040777368800087
RP11-959F10.4	SRR6467742	1
RP11-959F10.4	SRR6467743	2
RP11-959F10.4	SRR6467744	1
RP11-959F10.4	SRR6467745	3.001079582493654
RP11-959F10.4	SRR6467746	2.0158665823041253
RP11-959F10.4	SRR6467747	0.7037986777892322
RP11-959F10.4	SRR6467748	0.9507482945464953
RP11-959F10.4	SRR6467749	1
RP11-959F10.4	SRR6467750	1.0023720526815605
RP11-959F10.4	SRR6467751	1.0151179163865762
RP11-959F10.4	SRR6467752	1.0082145198989758
RP11-959F10.4	SRR6467753	0.6656134527127003
RP11-959F10.4	SRR6467754	0.8370445170352886
RP11-959F10.4	SRR6467755	0.8950139593529768
RP11-959F10.4	SRR6467756	1.001260079572912
RP11-959F10.4	SRR6467757	1
RP11-959F10.4	SRR6467758	1
RP11-959F10.4	SRR6467759	1.0056633933586414
RP11-959F10.4	SRR6467760	1.0077342324655063
RP11-959F10.4	SRR6467761	1.0036658019973412
RP11-959F10.4	SRR6467762	1.0050055361428718
RP11-959F10.4	SRR6467763	0.9571110894244277
RP11-959F10.4	SRR6467764	0.5656004696610398
RP11-959F10.4	SRR6467765	1.001243308406648
RP11-959F10.4	SRR6467766	1.014833528591624
RP11-959F10.4	SRR6467767	1.0068063252571833
RP11-959F10.4	SRR6467768	1.0124766310189337
RP11-959F10.4	SRR6467769	1.0179804857499088
RP11-959F10.4	SRR6467770	1
RP11-959F10.4	SRR6467771	0.6269819774669394
RP11-959F10.4	SRR6467772	1.0071129346997982
RP11-959F10.4	SRR6467773	1.0039213301801309
RP11-959F10.4	SRR6868540	1.014833528591624
RP11-959F10.4	SRR6868541	1.0278088358193622
RP11-959F10.4	SRR6868542	1.0479902723259678
RP11-959F10.4	SRR6868543	1.0152962713927551
RP11-959F10.4	SRR6868544	1.007850668350526
RP11-959F10.4	SRR6868545	1.0249330155513252
RP11-959F10.4	SRR6868546	1.0159083502043025
RP11-959F10.4	SRR6868557	1.0593600439616915
RP11-959F10.4	SRR6868558	1.0493300957915759
RP11-959F10.4	SRR6868559	1.0328318116514645
RP11-959F10.4	SRR6868560	1.0099883345290224
RP11-959F10.4	SRR6868569	1.0619340218072668
RP11-959F10.4	SRR6868570	1.021819771575531
RP11-959F10.4	SRR6868571	1.0447440906857468
RP11-959F10.4	SRR6868572	1.0118502062800996
RP11-959F10.4	SRR6868573	1.0412832207034761
RP11-959F10.4	SRR6868574	1.012246901299347
RP11-959F10.4	SRR6868575	1.0259969817544445
RP11-959F10.4	SRR6868576	1.0160012233415483
RP11-959F10.4	SRR6868577	1.0327907588593586
RP11-959F10.4	SRR6868578	1.0155770602095007
RP11-959F10.4	SRR6868579	1.0440699430515605
RP11-959F10.4	SRR6868580	1.010777171167205
RP11-959F10.4	SRR6868581	1.03420300501297
RP11-959F10.4	SRR6868582	1.0329389684351513
RP11-959F10.4	SRR6868585	1.0223918119367361
RP11-959F10.4	SRR6868586	1.0597439032108176
RP11-959F10.4	SRR6868587	1.060061410485746
RP11-959F10.4	SRR6868588	1.0071961768814546
RP11-959F10.4	SRR6868589	1.011034509868234
RP11-959F10.4	SRR6868590	1.0323588353795468
RP11-959F10.4	SRR6868591	1.0131259716901864
RP11-959F10.4	SRR6868604	1.0759055098033201
RP11-959F10.4	SRR6868605	1.032097998410507
RP11-959F10.4	SRR6868606	1.041059675092619
RP11-959F10.4	SRR6868607	1.034652621245776
RP11-959F10.4	SRR6868608	1.0244646566921864
RP11-959F10.4	SRR6868609	1.0441915254956329
RP11-959F10.4	SRR6868610	1.0393379767471147
RP11-959F10.4	SRR6868620	1.0113983415873453
RP11-959F10.4	SRR6868621	1.0220565106412052
RP11-959F10.4	SRR6868622	1.024234840404088
RP11-959F10.4	SRR6868623	1.0549853092368588
RP11-959F10.4	SRR6868636	1.0440226673600839
RP11-959F10.4	SRR6868637	1.0261125159944735
RP11-959F10.4	SRR6868638	1.0463813724818791
RP11-959F10.4	SRR6868639	1.0108348986886093
RP11-959F10.4	SRR6868650	1.0398318552023067
RP11-959F10.4	SRR6868651	1.0291416181729598
RP11-959F10.4	SRR6868652	1.0307116122012634
RP11-959F10.4	SRR6868653	1.018954738657396
RP11-959F10.4	SRR6868654	1.0151196581488149
RP11-959F10.4	SRR6868655	1.0354304322438237
RP11-959F10.4	SRR6868665	1.014468461127958
RP11-959F10.4	SRR6868666	1.0102626902497998
RP11-959F10.4	SRR6868667	1.0115422842820772
RP11-959F10.4	SRR6868668	1.007478603420533
RP11-959F10.4	SRR6868669	1.0076418198872807
RP11-959F10.4	SRR6868670	1.0180906480316751
RP11-959F10.4	SRR6868671	1.0146307116837765
RP11-959F10.4	SRR6868683	1.012819876849361
RP11-959F10.4	SRR6868684	1.0157800653166706
RP11-959F10.4	SRR6868685	1.0216590406873807
RP11-959F10.4	SRR6868686	1.010324162018174
RP11-959F10.4	SRR6868687	1.0281563268719116
RP11-959F10.4	SRR6868688	1.0273883935521193
RP11-959F10.4	SRR6868689	1.014875304095207
RP11-959F10.4	SRR6868698	1.0183812775740588
RP11-959F10.4	SRR6868699	1.0070578570789335
RP11-959F10.4	SRR6868700	1.0161535101018604
RP11-959F10.4	SRR6868701	1.0106090201717064
RP11-959F10.4	SRR6868702	1.007687418054785
RP11-959F10.4	SRR6868713	1.010478873419224
RP11-959F10.4	SRR6868714	1.0186954098379435
RP11-959F10.4	SRR6868715	1.0083404689188882
RP11-959F10.4	SRR6868716	1.0067190005273792
RP11-959F10.4	SRR6868717	1.0103010202621463
RP11-959F10.4	SRR6868718	1.0039004111898113
RP11-959F10.4	SRR6868719	1.0016203938574126
RP11-959F10.4	SRR6868720	1.0050669824037204
RP11-959F10.4	SRR6868721	1.0112987110891343
RP11-959F10.4	SRR6868722	1.0169002351863679
RP11-959F10.4	SRR6868723	1.0196540145226427
RP11-959F10.4	SRR6868724	1.0097443440669194
RP11-959F10.4	SRR6868725	1.0041769234190894
RP11-959F10.4	SRR6868726	1.0024121563473647
RP11-959F10.4	SRR6868741	1.0145442086713796
RP11-959F10.4	SRR7632756	1.0082581080507984
RP11-959F10.4	SRR7632757	1.0277332860513113
RP11-959F10.4	SRR7632758	1.01063282095591
RP11-959F10.4	SRR7632759	1.0297749607877074
RP11-959F10.4	SRR7632760	1.020266900924434
RP11-959F10.4	SRR7632761	1.0071506009427655
RP11-959F10.4	SRR7632762	1.0486325447319236
RP11-959F10.4	SRR7632763	1.0163814821934867
RP11-959F10.4	SRR7632764	1.0369890422143389
RP11-959F10.4	SRR7632765	1.0026272514823873
RP11-959F10.4	SRR7632766	1.0311142484945626
RP11-959F10.4	SRR7632767	1.0023720526815605
RP11-959F10.4	SRR7632768	2.0323763397503685
RP11-959F10.4	SRR7632769	1.011477121008053
RP11-959F10.4	SRR7632770	1.0082791178455617
RP11-959F10.4	SRR7632771	1.0259548134634506
RP11-959F10.4	SRR7632772	1.0191645376419036
RP11-959F10.4	SRR7632773	1.005428666643438
RP11-959F10.4	SRR7632774	1.0063470586203123
RP11-959F10.4	SRR7632775	1.0224681510947642
RP11-959F10.4	SRR7632776	1.0378886530168419
RP11-959F10.4	SRR7632777	1.0240596389952048
RP11-959F10.4	SRR7632778	1.0041769234190894
RP11-959F10.4	SRR7632779	1.0261166053511217
RP11-959F10.4	SRR7632780	1.003693247674031
RP11-959F10.4	SRR7632781	1.061425531429259
RP11-959F10.4	SRR7632782	1.013677337507708
RP11-959F10.4	SRR7632783	1.0073390566571232
RP11-959F10.4	SRR7632784	1.0087008852489117
RP11-959F10.4	SRR7632785	1.0071774620660263
RP11-959F10.4	SRR7632786	1.0414066016427272
RP11-959F10.4	SRR7632787	1.0039139901228018
RP11-959F10.4	SRR7632788	1.002266574999606
RP11-959F10.4	SRR7632789	1.0181424053950652
RP11-959F10.4	SRR7632790	1.0098238663156869
RP11-959F10.4	SRR7632791	1.0447424486975612
RP11-959F10.4	SRR7632792	1.0072973762876458
RP11-959F10.4	SRR7632793	1.01210658739326
RP11-959F10.4	SRR7632794	1.0069477706153624
RP11-959F10.4	SRR7632795	1.0032266090038542
RP11-959F10.4	SRR7632796	1.0171842304100507
RP11-959F10.4	SRR7632797	1.1507956722511705
RP11-959F10.4	SRR7632798	1.0057289905461357
RP11-959F10.4	SRR7632799	1.0307842771739868
RP11-959F10.4	SRR7632800	1.0149717126681794
RP11-959F10.4	SRR7632801	1.0052614054151265
RP11-959F10.4	SRR7632802	1.0349955306780252
RP11-959F10.4	SRR7632803	1.0239958477751991
RP11-959F10.4	SRR7632804	1.0404738790189818
RP11-959F10.4	SRR7632805	2.006187222737388
RP11-959F10.4	SRR7632806	1.0046132934463576
RP11-959F10.4	SRR7632807	1.0087172705016196
RP11-959F10.4	SRR7632808	2.016441451643313
RP11-959F10.4	SRR7632809	1.0487771640238053
RP11-959F10.4	SRR7632810	1.0041728190577268
RP11-959F10.4	SRR7632811	2.0136138369148737
RP11-959F10.4	SRR7632812	1.0071833620330328
RP11-959F10.4	SRR7632813	1.0062092961820608
RP11-959F10.4	SRR7632814	1.0035601881766363
RP11-959F10.4	SRR7632815	1.0078705608466538
RP11-959F10.4	SRR7632816	1.07528181517056
RP11-959F10.4	SRR7632817	1.041586150859103
RP11-959F10.4	SRR7632818	1.0054254250297385
RP11-959F10.4	SRR7632819	1.002446897019748
RP11-959F10.4	SRR7632820	1.006884746998457
RP11-959F10.4	SRR7632821	1.001725803535813
RP11-959F10.4	SRR7632822	1.0125834797761897
RP11-959F10.4	SRR7632823	1.0036796717268013
RP11-959F10.4	SRR7632824	1.0045743716929838
RP11-959F10.4	SRR7632825	1.0028076383933613
RP11-959F10.4	SRR7632826	1.0006451357681576
RP11-959F10.4	SRR7632827	1.0547962882986262
RP11-959F10.4	SRR7632828	1.0259969817544445
RP11-959F10.4	SRR7632829	1.014492055668809
RP11-959F10.4	SRR7632830	1.0484469543228638
RP11-959F10.4	SRR7632831	1.0092787217165853
RP11-959F10.4	SRR7632832	1.014555769133056
RP11-959F10.4	SRR7632833	1.0517370367415053
RP11-959F10.4	SRR7632834	1.0291896194546106
RP11-959F10.4	SRR7632835	1.1099100147247651
RP11-959F10.4	SRR7632836	1.0149370565287317
RP11-959F10.4	SRR7632837	1.0064500155939855
RP11-959F10.4	SRR7632838	1.0251559439709568
RP11-959F10.4	SRR7632839	1.011487837523035
RP11-959F10.4	SRR7632840	1.0305733450818257
RP11-959F10.4	SRR7632841	1.1192560986710782
RP11-959F10.4	SRR7632842	1.0018618499306917
RP11-959F10.4	SRR7632843	2.0750307773925294
RP11-959F10.4	SRR7632844	1.0396314006495406
RP11-959F10.4	SRR7632845	1.0050055361428718
RP11-959F10.4	SRR7632846	1.0494904998299905
RP11-959F10.4	SRR7632847	1.0235272533915285
RP11-959F10.4	SRR7632848	1.0091302469862462
RP11-959F10.4	SRR7632849	1.011384661421074
RP11-959F10.4	SRR7632850	1.0128856441720862
RP11-959F10.4	SRR7632851	1.0101118401249758
RP11-959F10.4	SRR7632852	1.001260079572912
RP11-959F10.4	SRR7632853	1.0050776310038234
RP11-959F10.4	SRR7632854	1.0066032694373324
RP11-959F10.4	SRR7632855	1
RP11-959F10.4	SRR7632856	1.0064837326371328
RP11-959F10.4	SRR7632857	1.0735764544763629
RP11-959F10.4	SRR7632858	1.0371579517056881
RP11-959F10.4	SRR7632859	1.0396311122590651
RP11-959F10.4	SRR7632860	1.0753540533674661
RP11-959F10.4	SRR7632861	1.0543822488477879
RP11-959F10.4	SRR7632862	1.0351402489647896
RP11-959F10.4	SRR7632863	1.127463190129664
RP11-959F10.4	SRR7632864	1.1215525506364097
RP11-959F10.4	SRR7632865	1.0014635120398052
RP11-959F10.4	SRR7632866	1.0056633933586414
RP11-959F10.4	SRR7632867	1.0102904255521574
RP11-959F10.4	SRR7632868	2.0512574364784895
RP11-959F10.4	SRR7632869	1.0244411302643486
RP11-959F10.4	SRR7632870	1.0037988754978042
RP11-959F10.4	SRR7632871	1.050989678803295
RP11-959F10.4	SRR7632872	2.0644249306375295
RP11-959F10.4	SRR7632873	1.004207620749528
RP11-959F10.4	SRR7632874	1.0026579014399075
RP11-959F10.4	SRR7632875	1.001651013035654
RP11-959F10.4	SRR7632876	1.0141700299218512
RP11-959F10.4	SRR7632877	1.0410996360505937
RP11-959F10.4	SRR7632878	1.0220802210253883
RP11-959F10.4	SRR7632879	1.002266574999606
RP11-959F10.4	SRR7632880	1.0175413387124352
RP11-959F10.4	SRR7632881	1.013756384887805
RP11-959F10.4	SRR7632882	1.0238807645953367
RP11-959F10.4	SRR7632883	1.02247906372491
RP11-959F10.4	SRR7632884	1.0337064082418486
RP11-959F10.4	SRR7632885	2.009941413597232
RP11-959F10.4	SRR7632886	1.0323024876429643
RP11-959F10.4	SRR7632887	1.0101074156533363
RP11-959F10.4	SRR7632888	1.0379768225769255
RP11-959F10.4	SRR7632889	1.0341992789721208
RP11-959F10.4	SRR7632890	1.1020636592092161
RP11-959F10.4	SRR7632891	1.0470515559564515
RP11-959F10.4	SRR7632892	1.0058318842867344
RP11-959F10.4	SRR7632893	1.038136325271397
RP11-959F10.4	SRR7632894	1.0470575746534403
RP11-959F10.4	SRR7632895	1.0115917091074564
RP11-959F10.4	SRR7632896	1.0226482273167283
RP11-959F10.4	SRR7632897	2.0081702622930324
RP11-959F10.4	SRR7632898	1.003736640357631
RP11-959F10.4	SRR7632899	1.0069518863188005
RP11-959F10.4	SRR7632900	1.0066648133839482
RP11-959F10.4	SRR7632901	1.0063609654022492
RP11-959F10.4	SRR7632902	1.0438042739415248
RP11-959F10.4	SRR7632903	1.0043989334008585
RP11-959F10.4	SRR7632904	1.0526195434200118
RP11-959F10.4	SRR7632905	1.0931759253599354
RP11-959F10.4	SRR7632906	1.0165025853468879
RP11-959F10.4	SRR7632907	1.0277254099081103
RP11-959F10.4	SRR7632908	1.0040070360063245
RP11-959F10.4	SRR7632909	1.0034545854694705
RP11-959F10.4	SRR7632910	1.0380077298103303
RP11-959F10.4	SRR7632911	1.0129842553236308
RP11-959F10.4	SRR7632912	1.0156327587698157
RP11-959F10.4	SRR7632913	1.0587224433384341
RP11-959F10.4	SRR7632914	1.0311722723635215
RP11-959F10.4	SRR7632915	1.044956647947262
RP11-959F10.4	SRR7632916	1.0198845286602736
RP11-959F10.4	SRR7632917	1.0523945550985883
RP11-959F10.4	SRR7632918	1.0258468542129664
RP11-959F10.4	SRR7632919	1.008734166859293
RP11-959F10.4	SRR7632920	1.0115831117977676
RP11-959F10.4	SRR7632921	1.0121573982531267
RP11-959F10.4	SRR7632922	1.0086992082960846
RP11-959F10.4	SRR7632923	1.0104750438511543
RP11-959F10.4	SRR7632924	1.029495742835047
RP11-959F10.4	SRR7632925	1.0350871842259233
RP11-959F10.4	SRR7632926	1.0184989436426726
RP11-959F10.4	SRR7632927	1.020518834230417
RP11-959F10.4	SRR7632928	1.003304751915352
RP11-959F10.4	SRR7632929	1.0407855332953868
RP11-959F10.4	SRR7632930	1.0008998949047658
RP11-959F10.4	SRR7632931	1.0007198511622537
RP11-959F10.4	SRR7632932	3.077077888767684
RP11-959F10.4	SRR7632933	1.0212777254368819
RP11-959F10.4	SRR7632934	1.0043882919914233
RP11-959F10.4	SRR7632935	1.0101118401249758
RP11-959F10.4	SRR7632936	1.0210525182035715
RP11-959F10.4	SRR7632937	1.0144804078601897
RP11-959F10.4	SRR7632938	1.026676151053306
RP11-959F10.4	SRR7632939	1.0281037599803844
RP11-959F10.4	SRR7632940	1.0065515246415413
RP11-959F10.4	SRR7632941	1.0214750661913161
RP11-959F10.4	SRR7632942	1.0358472927277014
RP11-959F10.4	SRR7632943	1
RP11-959F10.4	SRR7632944	1.0183845609590005
RP11-959F10.4	SRR7632945	1
RP11-959F10.4	SRR8928966	1.0089020059058134
RP11-959F10.4	SRR8928967	1.0174471485483954
RP11-959F10.4	SRR8928968	1.0083576543049855
RP11-959F10.4	SRR8928969	1.0084157589021454
RP11-959F10.4	SRR8928970	1.0097790430950968
RP11-959F10.4	SRR8928971	1.0078135964082673
RP11-959F10.4	SRR8928972	1.0551062717044821
RP11-959F10.4	SRR8928973	1.0060157966102234
RP11-959F10.4	SRR8928974	1.0870766859358787
RP11-959F10.4	SRR8928975	1.0434971814877207
RP11-959F10.4	SRR8928976	1.0433938336486428
RP11-959F10.4	SRR8928977	1.0197721263293398
RP11-959F10.4	SRR8928978	1.0189094725563004
RP11-959F10.4	SRR8928979	1.0197172970945956
RP11-959F10.4	SRR8928980	1.016019416300132
RP11-959F10.4	SRR8928981	1.0118211977273175
RP11-959F10.4	SRR8928982	1.0114917814411697
RP11-959F10.4	SRR8928983	1.001980837804911
RP11-959F10.4	SRR8928984	1.0056539011614338
RP11-959F10.4	SRR8928985	1.0170563672128556
RP11-959F10.4	SRR8928986	1.009106991032158
RP11-959F10.4	SRR8928987	1
RP11-959F10.4	SRR8928988	1
RP11-959F10.4	SRR8928989	1.0180482199929832
RP11-959F10.4	SRR8928990	1.0106122784979463
RP11-959F10.4	SRR8928991	1.0180115267692265
RP11-959F10.4	SRR9835604	1.0144341794778586
RP11-959F10.4	SRR9835605	1.0056231596200704
RP11-959F10.4	SRR9835606	1.0022055934839067
RP11-959F10.4	SRR9835607	2.0184971012268687
RP11-959F10.4	SRR9835608	1.0149850838535093
RP11-959F10.4	SRR9835609	1
RP11-959F10.4	SRR9835610	1.0046883051317705
RP11-959F10.4	SRR9835611	1.001110573697418
RP11-959F10.4	SRR9835612	1.002740775394054
RP11-959F10.4	SRR9835613	1.005971437060134
RP11-959F10.4	SRR9835614	2.0203514952089034
RP11-959F10.4	SRR9835615	1.0396846498825996
RP11-959F10.4	SRR9835616	1.007499951835674
RP11-959F10.4	SRR9835617	1.0233696860167032
RP11-959F10.4	SRR9835618	1.005397931987203
RP11-959F10.4	SRR9835619	1
RP11-959F10.4	SRR9835620	1.004899781344521
RP11-959F10.4	SRR9835621	2.0133296267678964
RP11-959F10.4	SRR9835622	1.0027728852191709
RP11-959F10.4	SRR9835623	1.0001799142310437
RP11-959F10.4	SRR9835624	1.022211497308151
RP11-959F10.4	SRR9835625	1.0031791380696085
RP11-959F10.4	SRR9835626	1.0077170577043544
RP11-959F10.4	SRR9835627	1.0020862854161259
RP11-959F10.4	SRR9835628	1.007245300796782
RP11-959F10.4	SRR9835629	1.0205101654512299
RP11-959F10.4	SRR9835630	1.0557392610180325
RP11-959F10.4	SRR9835631	1.0808176609581337
RP11-959F10.4	SRR9835632	1.002341411462068
RP11-959F10.4	SRR9835633	1.0075707059203194
RP11-959F10.4	SRR9835634	1.0063884847793512
RP11-959F10.4	SRR9835635	1.0098927550157835
RP11-959F10.4	SRR9835636	2.0041054313735067
RP11-959F10.4	SRR9835637	1.0045214612850002
RP11-959F10.4	SRR9835638	1.009908799328608
RP11-959F10.4	SRR9835639	1.010581897159914
RP11-959F10.4	SRR9835640	1.016727838277098
RP11-959F10.4	SRR9835641	1.0039213301801309
RP11-959F10.4	SRR9835642	1.0059099355041081
RP11-959F10.4	SRR9835643	1.0038517478455666
RP11-959F10.4	SRR9835644	1.0032974163660653
RP11-959F10.4	SRR9835645	1.029653410621942
RP11-959F10.4	SRR9835646	1.0094602413506888
RP11-959F10.4	SRR9835647	1.0024301059742207
RP11-959F10.4	SRR9835648	1.0302878151561219
RP11-959F10.4	SRR9835649	2.0239087693770186
RP11-959F10.4	SRR9835650	1.0038431392461147
RP11-959F10.4	SRR9835651	1.0007198511622537
RP11-959F10.4	SRR9835652	1.016019416300132
RP11-959F10.4	SRR9835653	1.0027908413053945
RP11-959F10.4	SRR9835654	1.0101757476044517
RP11-959F10.4	SRR9835655	1.0051695140095571
RP11-959F10.4	SRR9835656	1.0027021148755608
RP11-959F10.4	SRR9835657	1.015118912954171
RP11-959F10.4	SRR9835658	1.0020114680017955
RP11-959F10.4	SRR9835659	1.0060465501543596
RP11-959F10.4	SRR9835660	1.0076462335591199
RP11-959F10.4	SRR9835661	1.0040544375604268
RP11-959F10.4	SRR9835662	1.01230819730448
RP11-959F10.4	SRR9835663	1.0203073606491269
RP11-959F10.4	SRR9835664	1.001725803535813
RP11-959F10.4	SRR9835665	1.004190800211773
RP11-959F10.4	SRR9835666	3
RP11-959F10.4	SRR9835667	1.008442463999566
RP11-959F10.4	SRR9835668	1
RP11-959F10.4	SRR9835669	1.0266087966612285
RP11-959F10.4	SRR9835670	1.0139446879648122
RP11-959F10.4	SRR9835671	1.013598089847048
RP11-959F10.4	SRR9835672	1.0017838194003639
RP11-959F10.4	SRR9835673	2.045643925767389
RP11-959F10.4	SRR9835674	1.0005398398063463
RP11-959F10.4	SRR9835675	1.005397931987203
RP11-959F10.4	SRR9835676	1.0891346753691427
RP11-959F10.4	SRR9835677	1.0026579014399075
RP11-959F10.4	SRR9835678	1.0060909130166535
RP11-959F10.4	SRR9835679	0.9651493632949231
RP11-959F10.4	SRR9835680	1.0245185067839673
RP11-959F10.4	SRR9835681	1.0030493806702814
RP11-959F10.4	SRR9835682	1.0607053518911023
RP11-959F10.4	SRR9835683	1.0063443236741658
RP11-959F10.4	SRR9835684	3.0759032340195533
RP11-959F10.4	SRR9835685	1.0051251917756963
RP11-959F10.4	SRR9835686	1.0135335602212565
RP11-959F10.4	SRR9835687	1.0047021889912742
RP11-959F10.4	SRR9835688	1
RP11-959F10.4	SRR9835689	1.0073894622198625
RP11-959F10.4	SRR9835690	1.0020114680017955
RP11-959F10.4	SRR9835691	1.009018872251653
RP11-959F10.4	SRR9835692	1.0183852731914698
RP11-959F10.4	SRR9835693	1.0040851311465162
RP11-959F10.4	SRR9835694	1.0104411930997232
RP11-959F10.4	SRR9835695	1.005230970296049
RP11-959F10.4	SRR9835696	1.0098853113828044
RP11-959F10.4	SRR9835697	1.0051636513145872
RP11-959F10.4	SRR9835698	2.0020104575169384
RP11-959F10.4	SRR9835699	1.0016203938574126
RP11-959F10.4	SRR9835700	1.002266574999606
RP11-959F10.4	SRR9835701	1.0028309617264135
RP11-959F10.4	SRR9835702	1
RP11-959F10.4	SRR9835703	3.0032399131191276
RP11-959F10.4	SRR9835704	1.0046652924666128
RP11-959F10.4	SRR9835705	1.0039962901985677
RP11-959F10.4	SRR9835706	1.0792635155154793
RP11-959F10.4	SRR9835707	1.001110573697418
RP11-959F10.4	SRR9835708	1.001063202890274
RP11-959F10.4	SRR9835709	1.000465137852195
RP11-959F10.4	SRR9835710	1.0145636581420703
RP11-959F10.4	SRR9835711	1.0004428486915478
RP11-959F10.4	SRR9835712	1.0025217469463543
RP11-959F10.4	SRR9835713	1.0019060282634729
RP11-959F10.4	SRR9835714	1.001545611227314
RP11-959F10.4	SRR9835715	1.0051621648262732
RP11-959F10.4	SRR9835716	1.0029880577585075
RP11-959F10.4	SRR9835717	1.0034545854694705
RP11-959F10.4	SRR9835718	1.0156196005253904
RP11-959F10.4	SRR9835719	1.0088403251851141
RP11-959F10.4	SRR9835720	1.0062994400318304
RP11-959F10.4	SRR9835721	1.0152841125038419
RP11-959F10.4	SRR9835722	1.0232142122054655
RP11-959F10.4	SRR9835723	1
RP11-959F10.4	SRR9835724	1.0070578570789335
RP11-959F10.4	SRR9835725	1.027861673410901
RP11-959F10.4	SRR9835726	1.0007198511622537
RP11-959F10.4	SRR9835727	1.0069096275623266
RP11-959F10.4	SRR9835728	1.041000135876921
RP11-959F10.4	SRR9835729	1.0032434133910784
RP11-959F10.4	SRR9835730	1.0039520196971752
RP11-959F10.4	SRR9835731	1.0511406103696055
RP11-959F10.4	SRR9835732	1.004729663008416
RP11-959F10.4	SRR9835733	1.004507579922951
RP11-959F10.4	SRR9835734	1.0026272514823873
RP11-959F10.4	SRR9835735	2.003662448614877
RP11-959F10.4	SRR9835736	1.012260593128426
RP11-959F10.4	SRR9835737	1.002169112123769
RP11-959F10.4	SRR9835738	1.0018005996203712
RP11-959F10.4	SRR9835739	1.0276177847429349
RP11-959F10.4	SRR9835740	1.0302371282903655
RP11-959F10.4	SRR9835741	1.005343007804232
RP11-959F10.4	SRR9835742	1.018922412576946
RP11-959F10.4	SRR9835743	1.0344788269959917
RP11-959F10.4	SRR9835744	1.0058655806218886
RP11-959F10.4	SRR9835745	3.0679835966369837
RP11-959F10.4	SRR9835746	1.0111132609495124
RP11-959F10.4	SRR9835747	1.0053946904725954
RP11-959F10.4	SRR9835748	1.0308527658417086
RP11-959F10.4	SRR9835749	1
RP11-959F10.4	SRR9835750	1.008417985799797
RP11-959F10.4	SRR9835751	1.008299317554985
RP11-959F10.4	SRR9835752	1.0409710004872161
RP11-959F10.4	SRR9835753	1.0109896329106067
RP11-959F10.4	SRR9835754	1.0013654513321437
RP11-959F10.4	SRR9835755	1.0150098638350933
RP11-959F10.4	SRR9835756	1.0468852163311182
RP11-959F10.4	SRR9835757	1.0040544375604268
RP11-959F10.4	SRR9835758	1.0058487323132066
RP11-959F10.4	SRR9835759	1.0066479516880693
RP11-959F10.4	SRR9835760	2
RP11-959F10.4	SRR9835761	2.0003598284620874
RP11-959F10.4	SRR9835762	1.102947594059923
RP11-959F10.4	SRR9835763	1.002940598112091
RP11-959F10.4	SRR9835764	1.0027327671216282
RP11-959F10.4	SRR9835765	1.2926768345749582
RP11-959F10.4	SRR9835766	1.0265328399469198
RP11-959F10.4	SRR9835767	1.0374543472882876
RP11-959F10.4	SRR9835768	1
RP11-959F10.4	SRR9835769	1
RP11-959F10.4	SRR9835770	1.0202737577318615
RP11-959F10.4	SRR9835771	1.0054836551612463
RP11-959F10.4	SRR9835772	1.0127561588072467
RP11-959F10.4	SRR9835773	1
RP11-959F10.4	SRR9835774	1.035585837974875
RP11-959F10.4	SRR9835775	1.0051863509411016
RP11-959F10.4	SRR9835776	1.0032740821844481
RP11-959F10.4	SRR9835777	1.002446897019748
RP11-959F10.4	SRR9835778	1.0042826021444868
RP11-959F10.4	SRR9835779	2.014204529072105
RP11-959F10.4	SRR9835780	1.0016036166558628
RP11-959F10.4	SRR9835781	1.025583100340115
RP11-959F10.4	SRR9835782	1.0050637419561312
RP11-959F10.4	SRR9835783	1
RP11-959F10.4	SRR9835784	1.0041462270270287
RP11-959F10.4	SRR9835785	1.0441860904847313
RP11-959F10.4	SRR9835786	1.009929843520005
RP11-959F10.4	SRR9835787	1.0028963741606889
RP11-959F10.4	SRR9835788	2.003363266299826
RP11-959F10.4	SRR9835789	1
RP11-959F10.4	SRR9835790	1.0072834565655588
RP11-959F10.4	SRR9835791	1.0278656241323514
RP11-959F10.4	SRR9835792	1.9894306225652594
RP11-959F10.4	SRR9835793	2.00410456835929
RP11-959F10.4	SRR9835794	1.0001799142310437
RP11-959F10.4	SRR9835795	1.0573932890447866
RP11-959F10.4	SRR9835796	1.0057952709257163
RP11-959F10.4	SRR9835797	1
RP11-959F10.4	SRR9835798	2.0032407877148253
RP11-959F10.4	SRR9835799	1.0020388684400043
RP11-959F10.4	SRR9835800	1.0011853238444721
RP11-959F10.4	SRR9835801	1.0050669824037204
RP11-959F10.4	SRR9835802	1.004026982007113
RP11-959F10.4	SRR9867812	0.7918933162716487
RP11-959F10.4	SRR9867813	1.398355012083296
RP11-959F10.4	SRR9867814	1.6512279044263662
RP11-959F10.4	SRR9867815	0.734463265728934
RP11-959F10.4	SRR9867816	1
RP11-959F10.4	SRR9867817	1.0130692804155355
RP11-959F10.4	SRR9867818	1
RP11-959F10.4	SRR9867819	1.0365871752587312
RP11-959F10.4	SRR9867820	1
RP11-959F10.4	SRR9867821	1
RP11-959F10.4	SRR9867822	1.0102487295503935
RP11-959F10.4	SRR9867823	0.9483235914567094
RP11-959F10.4	SRR9867824	0.6001457415009043
RP11-959F10.4	SRR9867825	1.805715319237777
RP11-959F10.4	SRR9867826	1.0673648766997013
RP11-959F10.4	SRR9867827	0.9914184966835375
RP11-959F10.4	SRR9867828	1.0107911391691837
RP11-959F10.4	SRR9867829	1.817881138812542
RP11-959F10.4	SRR9867830	1
RP11-959F10.4	SRR9867831	0.5752023523444669
RP11-959F10.4	SRR9879292	1.5943755418471905
RP11-959F10.4	SRR9879293	1.014555769133056
RP11-959F10.4	SRR9879294	1.0200688164522311
RP11-959F10.4	SRR9879295	1.0197229922840128
RP11-959F10.4	SRR9879296	1.0119752694496373
RP11-959F10.4	SRR9879297	1.0154935544904835
RP11-959F10.4	SRR9879298	1.010653880234263
RP11-959F10.4	SRR9879299	1.002913173016367
RP11-959F10.4	SRR9879300	1.0146608527462948
RP11-959F10.4	SRR9879301	1.000359860831218
RP11-959F10.4	SRR9879302	1.0103414411561347
RP11-959F10.4	SRR9879303	1.0041769234190894
RP11-959F10.4	SRR9879304	1.0167059661554507
RP11-959F10.4	SRR9879305	1.010080666465452
RP11-959F10.4	SRR9879306	1
RP11-959F10.4	SRR9879307	0.7185907521193264
RP11-959F10.4	SRR9879308	1.011384661421074
RP11-959F10.4	SRR9879309	1.0106568426916576
RP11-959F10.4	T50_307	1.0053671982704868
RP11-959F10.4	T50_313	1.016019416300132
RP11-959F10.4	T50_317	1.0164068767314205
RP11-959F10.4	T50_324	1.0105775508373083
RP11-959F10.4	T50_427	1.0156539222354464
RP11-959F10.4	T50_428	1.0065410016108964
RP11-959F10.4	T50_431	1.0047497319970449
RP11-959F10.4	T50_436	1.0071833620330328
RP11-959F10.4	T50_476	1.0072834565655588
RP11-959F10.4	UN_307	1.0128719438885714
RP11-959F10.4	UN_313	1.0139486719753832
RP11-959F10.4	UN_317	1.007999716801276
RP11-959F10.4	UN_323	1.0090464643103707
RP11-959F10.4	UN_324	1.0213963291259884
RP11-959F10.4	UN_427	1.007704297162079
RP11-959F10.4	UN_428	1.0098893750946523
RP11-959F10.4	UN_431	1.009106991032158
RP11-959F10.4	UN_436	1.0071022645360526
RP11-959F10.4	UN_476	1.0088711650740816
