Gene	sample	counts
RP11-462G12.1	CM317	4.208642747639684
RP11-462G12.1	CMCD140	1.0094128350688558
RP11-462G12.1	CMCD147	1.0404565910580479
RP11-462G12.1	CMCD152	14
RP11-462G12.1	CMCD154	11.108892596749083
RP11-462G12.1	CMCD159	1.0863042186135794
RP11-462G12.1	CMCD161	10.030629480920839
RP11-462G12.1	CMCD174	36.05677134862493
RP11-462G12.1	CMCD196	3.027569150478107
RP11-462G12.1	CMCD198	3.088487228505141
RP11-462G12.1	CMCD203	12.03887175414289
RP11-462G12.1	CMCD211	9.640544369492279
RP11-462G12.1	CMCD227	9.86532603040147
RP11-462G12.1	CMCD240	10.229626428244742
RP11-462G12.1	CMCD259	11
RP11-462G12.1	CMCD270	6.031144880971337
RP11-462G12.1	CMCD275	7.059773505378838
RP11-462G12.1	CMCD282	3.0394823607755903
RP11-462G12.1	CMCD286	6.597526875045546
RP11-462G12.1	CMCD287	12
RP11-462G12.1	CMCD294	1.0639520056991958
RP11-462G12.1	CMCD327	3.0154163618258507
RP11-462G12.1	CMCD335	1.0047054282731729
RP11-462G12.1	CMCD337	12.080091781475824
RP11-462G12.1	CMCD357	1.0211504641864628
RP11-462G12.1	CMCD398	11.066025934714965
RP11-462G12.1	CMCD403	17.1220770735055
RP11-462G12.1	CMCD422	3.006258856248378
RP11-462G12.1	CMCD426	2.2280939223612473
RP11-462G12.1	CMCD71	5.031931495138696
RP11-462G12.1	CMCD72	1.1510750061651915
RP11-462G12.1	CMCD76	7.0160804975196225
RP11-462G12.1	CMCD88	8.00143931384835
RP11-462G12.1	CMSA256	7
RP11-462G12.1	CMSA316	30.244635343751007
RP11-462G12.1	CMUC110	17
RP11-462G12.1	CMUC192	6.080762698477684
RP11-462G12.1	CMUC199	4.112749621665926
RP11-462G12.1	CMUC200	11.025755526082746
RP11-462G12.1	CMUC208	14.034256558276471
RP11-462G12.1	CMUC231	49
RP11-462G12.1	CMUC234	6
RP11-462G12.1	CMUC285	3.03338081233432
RP11-462G12.1	CMUC291	5.033021846775534
RP11-462G12.1	CMUC295	7.006299264333361
RP11-462G12.1	CMUC299	3.00878109703558
RP11-462G12.1	CMUC301	4.002159359225385
RP11-462G12.1	CMUC307	7.01932131098852
RP11-462G12.1	CMUC313	1.0420413939922741
RP11-462G12.1	CMUC314	1.055846512835873
RP11-462G12.1	CMUC323	4.096419627565371
RP11-462G12.1	CMUC324	6.005399369428595
RP11-462G12.1	CMUC331	3.0274723842011952
RP11-462G12.1	CMUC333	13.302103802050185
RP11-462G12.1	CMUC334	6.090078042954316
RP11-462G12.1	CMUC346	10.108493839910517
RP11-462G12.1	CMUC352	4.02421586197084
RP11-462G12.1	CMUC360	25.03600551275508
RP11-462G12.1	CMUC363	13.342882380156269
RP11-462G12.1	CMUC365	16.107077457118482
RP11-462G12.1	CMUC366	25.083724846866854
RP11-462G12.1	CMUC368	11
RP11-462G12.1	CMUC377	12.048982726374293
RP11-462G12.1	CMUC379	17.13290186096628
RP11-462G12.1	CMUC380	2.03655284870852
RP11-462G12.1	CMUC383	2.0285719532928224
RP11-462G12.1	CMUC394	32.243894180215996
RP11-462G12.1	CMUC419	1.0249492522957178
RP11-462G12.1	CMUC427	8
RP11-462G12.1	CMUC428	2.0126941172406245
RP11-462G12.1	CMUC431	4.007434479267222
RP11-462G12.1	CMUC435	1.0050194243862136
RP11-462G12.1	CMUC439	8.051488860651798
RP11-462G12.1	CMUC89	6
RP11-462G12.1	CS219	9.022297873175066
RP11-462G12.1	CS256	15.034348286228822
RP11-462G12.1	CS257	1.0944271775349645
RP11-462G12.1	CS259	6.009273667363884
RP11-462G12.1	CS261	1.0238230356839277
RP11-462G12.1	CS266	1.0357806251843706
RP11-462G12.1	CS270	9.117085536568577
RP11-462G12.1	CS277	49.20196919109101
RP11-462G12.1	CS288	1.009015728155811
RP11-462G12.1	CS290	1.0079916665289268
RP11-462G12.1	CS292	2.0279590626686588
RP11-462G12.1	CS293	8.134788733891313
RP11-462G12.1	CS301	5.133729218293794
RP11-462G12.1	CS306	1.0388615456941386
RP11-462G12.1	CS308	1.0265766152062068
RP11-462G12.1	CS315	1.028018282586956
RP11-462G12.1	CS317	23.59056612111837
RP11-462G12.1	CS322	5.067093662413069
RP11-462G12.1	CS327	7.033322640651345
RP11-462G12.1	CS328	38.03866180213265
RP11-462G12.1	CS330	9.691755194713984
RP11-462G12.1	CS331	6.112797625927922
RP11-462G12.1	CS335	10.096241385447925
RP11-462G12.1	CS338	1.030832702181411
RP11-462G12.1	CS339	5.8537738695173385
RP11-462G12.1	CS343	1.0080789119524982
RP11-462G12.1	CS344	6.084787536547596
RP11-462G12.1	CS350	15.348570289173994
RP11-462G12.1	CS351	8.0664951563426
RP11-462G12.1	CS361	1.0239903938396149
RP11-462G12.1	CS388	1.034963282410878
RP11-462G12.1	CS396	2.02180759276634
RP11-462G12.1	CS405	3.076117364596472
RP11-462G12.1	CS415	1.0768988297741249
RP11-462G12.1	CS424	3.1128658843877477
RP11-462G12.1	IM293	11.058668704941672
RP11-462G12.1	IM296	1.0674965693084089
RP11-462G12.1	IM297	2.197539775316004
RP11-462G12.1	IM300	17
RP11-462G12.1	IM305	7.070350598074869
RP11-462G12.1	IM309	25.63784118589366
RP11-462G12.1	IM310	3.041279339660256
RP11-462G12.1	IM311	1.0124769275654149
RP11-462G12.1	IM316	2.0103727018822033
RP11-462G12.1	IM320	1.0476097382082026
RP11-462G12.1	IM330	6.063566870131863
RP11-462G12.1	IM332	30.918227052684383
RP11-462G12.1	IM340	1.056280146775053
RP11-462G12.1	IM348	4.147845850826382
RP11-462G12.1	IM354	8.057989516498555
RP11-462G12.1	IM356	30.25830157343426
RP11-462G12.1	IM364	5.086933417414724
RP11-462G12.1	IM372	18.999823639497503
RP11-462G12.1	IM374	1.0494515301768887
RP11-462G12.1	IM376	10.151740030663836
RP11-462G12.1	IM381	6.075334745993369
RP11-462G12.1	IM382	3.0955218047546893
RP11-462G12.1	IM385	7
RP11-462G12.1	IM390	1.028703799246213
RP11-462G12.1	IM397	4.045538645684296
RP11-462G12.1	IM404	12.034590183066294
RP11-462G12.1	IM409	4.022915962184543
RP11-462G12.1	IM412	7
RP11-462G12.1	IM421	14.22257849262435
RP11-462G12.1	IM425	132.84348413296775
RP11-462G12.1	IM432	1.0420143643186235
RP11-462G12.1	IM438	4
RP11-462G12.1	IM442	2.085219456237517
RP11-462G12.1	IM445	1.0115547971482344
RP11-462G12.1	IM448	30.690767739450667
RP11-462G12.1	IM449	1.008446585812273
RP11-462G12.1	IM451	46.238572143290675
RP11-462G12.1	IMSA256	7.028694547487597
RP11-462G12.1	IMSA276	23
RP11-462G12.1	IMSA286	5
RP11-462G12.1	IMSA343	10.125207868802718
RP11-462G12.1	IS_238	10
RP11-462G12.1	IS238	12.283951925383482
RP11-462G12.1	IS243	16
RP11-462G12.1	IS253	18
RP11-462G12.1	IS283	2
RP11-462G12.1	IS322	20.21279447894887
RP11-462G12.1	IS399	14.101541443180984
RP11-462G12.1	IS418	1.0947511027862358
RP11-462G12.1	IS430	3.254264519491249
RP11-462G12.1	IS437	2.1644767574487536
RP11-462G12.1	IS444	2.0756994452986115
RP11-462G12.1	R276CMSA	5.324627653950278
RP11-462G12.1	R286CMSA	7
RP11-462G12.1	R292CMSA	3.012622862248584
RP11-462G12.1	R292IMSA	24.76812659614842
RP11-462G12.1	R308CMSA	9.633190703044086
RP11-462G12.1	R316IMSA	1.0198650539779268
RP11-462G12.1	R347CMSA	8.543559020619675
RP11-462G12.1	R347IMSA	13.850310386615554
RP11-462G12.1	R371CMSA	10.039962901985676
RP11-462G12.1	SRR10104064	3.339248154520736
RP11-462G12.1	SRR10104065	11.064521386840775
RP11-462G12.1	SRR10104066	13.243832342467488
RP11-462G12.1	SRR10104067	4.0930285490816125
RP11-462G12.1	SRR10104068	3.0140144296275695
RP11-462G12.1	SRR10104069	2.022981604849898
RP11-462G12.1	SRR10104070	10.29586554557251
RP11-462G12.1	SRR10104071	2.3239670595388677
RP11-462G12.1	SRR10104072	1.071723239794756
RP11-462G12.1	SRR10104073	7.320850514073434
RP11-462G12.1	SRR10104074	2.199444641587846
RP11-462G12.1	SRR10104075	1.1547542285600578
RP11-462G12.1	SRR10104076	3.0834719066174174
RP11-462G12.1	SRR10104077	5.5203761604017965
RP11-462G12.1	SRR10104078	10.419214016168302
RP11-462G12.1	SRR10104079	7.649996203232473
RP11-462G12.1	SRR10104080	3.3762842740809194
RP11-462G12.1	SRR10104081	9.143042563730535
RP11-462G12.1	SRR10104082	5.42823630140537
RP11-462G12.1	SRR10104083	1.065596706440916
RP11-462G12.1	SRR10104084	2.140248309671077
RP11-462G12.1	SRR10104085	5.112426064939668
RP11-462G12.1	SRR10104086	4.099732062205301
RP11-462G12.1	SRR10104087	5.016049024490522
RP11-462G12.1	SRR10104088	21.19149542565564
RP11-462G12.1	SRR10104089	1.1387124115642702
RP11-462G12.1	SRR10104090	7.18553845458562
RP11-462G12.1	SRR10104091	4.171725230058666
RP11-462G12.1	SRR10104092	8.102122890586186
RP11-462G12.1	SRR10104093	5.173856063769745
RP11-462G12.1	SRR10104094	4.137776329819378
RP11-462G12.1	SRR10104095	4.2221186344508945
RP11-462G12.1	SRR10104096	2.2999987658268206
RP11-462G12.1	SRR10104097	1.0654329597407752
RP11-462G12.1	SRR10104098	3.0898996323910444
RP11-462G12.1	SRR10104099	2.096629639010195
RP11-462G12.1	SRR10104100	5.146400279969171
RP11-462G12.1	SRR10104101	12.066945808596353
RP11-462G12.1	SRR10104102	7.107477779304766
RP11-462G12.1	SRR10104103	3.1599291031421752
RP11-462G12.1	SRR10104104	5.077580014829323
RP11-462G12.1	SRR10104105	5.418959942250322
RP11-462G12.1	SRR10104106	4.534844149091054
RP11-462G12.1	SRR10104107	5.047941142122664
RP11-462G12.1	SRR10104108	4.02743936154239
RP11-462G12.1	SRR10104109	2.244615488451184
RP11-462G12.1	SRR10104110	1.1932010382175424
RP11-462G12.1	SRR10104111	6.1978266570426195
RP11-462G12.1	SRR10104112	1.189872391069202
RP11-462G12.1	SRR10104113	5.181427089373303
RP11-462G12.1	SRR10104114	1.1753108824133915
RP11-462G12.1	SRR10104115	5.740597811553547
RP11-462G12.1	SRR10104116	1.0476231912417615
RP11-462G12.1	SRR10104117	4.157171048836555
RP11-462G12.1	SRR10104118	1.1479902353871632
RP11-462G12.1	SRR10104119	3.576629055199393
RP11-462G12.1	SRR10104120	5.137198512941893
RP11-462G12.1	SRR10104121	2.1691340246095887
RP11-462G12.1	SRR10104122	7.651665742098872
RP11-462G12.1	SRR10104123	3.2552041817546282
RP11-462G12.1	SRR10104124	2.2388032130029476
RP11-462G12.1	SRR10104125	1.1032322088701674
RP11-462G12.1	SRR10104126	3.1210769540481813
RP11-462G12.1	SRR10104127	4.75864060279381
RP11-462G12.1	SRR10104128	4.115832471043426
RP11-462G12.1	SRR10104129	5.132126322389033
RP11-462G12.1	SRR10104130	4.168409092271433
RP11-462G12.1	SRR10104131	5.056768723488842
RP11-462G12.1	SRR10104132	10.072357936683586
RP11-462G12.1	SRR10104133	2.3356208229503665
RP11-462G12.1	SRR10104134	1.0304204630626266
RP11-462G12.1	SRR10104135	1.1047925227370805
RP11-462G12.1	SRR10104136	6.090320690813402
RP11-462G12.1	SRR10104137	4.444617340765315
RP11-462G12.1	SRR10104138	1.1987125395645137
RP11-462G12.1	SRR10104139	8.091074408812444
RP11-462G12.1	SRR10104140	1.1457522859106466
RP11-462G12.1	SRR10104141	1.0612182077092946
RP11-462G12.1	SRR10104142	2.1055024519569985
RP11-462G12.1	SRR10104143	10.08193511450258
RP11-462G12.1	SRR10104144	1.0610832116326332
RP11-462G12.1	SRR10104145	1.064530164787135
RP11-462G12.1	SRR10104146	16.15405224299784
RP11-462G12.1	SRR10104147	16.027344393098318
RP11-462G12.1	SRR10104148	2.1062931336637565
RP11-462G12.1	SRR10104149	6.287700077633222
RP11-462G12.1	SRR10104150	12.139825025650318
RP11-462G12.1	SRR10104151	7.053619042111323
RP11-462G12.1	SRR10104152	19.10684003278134
RP11-462G12.1	SRR10104153	4.420343868097126
RP11-462G12.1	SRR10104154	5.153303932247293
RP11-462G12.1	SRR10104155	2.1812101606656795
RP11-462G12.1	SRR10104156	7.028470063192146
RP11-462G12.1	SRR10104157	5.250797022766351
RP11-462G12.1	SRR10104158	3.061798511843683
RP11-462G12.1	SRR10104159	6.076036703865941
RP11-462G12.1	SRR10104160	2.2573364736425705
RP11-462G12.1	SRR10104161	17.029338660108824
RP11-462G12.1	SRR10104162	17.348187118465397
RP11-462G12.1	SRR10104163	2.0605756303122438
RP11-462G12.1	SRR10104164	3.0590395474724192
RP11-462G12.1	SRR10104165	3.11735850894318
RP11-462G12.1	SRR10104166	2.0822207813824494
RP11-462G12.1	SRR10104167	2.0452810814509017
RP11-462G12.1	SRR10104168	7.203026546268176
RP11-462G12.1	SRR10104169	2.049827678212155
RP11-462G12.1	SRR10104170	3.0906073579541293
RP11-462G12.1	SRR10104171	2.0482079458782234
RP11-462G12.1	SRR10104172	3.10274215923984
RP11-462G12.1	SRR10104173	6.370851181309287
RP11-462G12.1	SRR10104174	6.205238857129879
RP11-462G12.1	SRR10104175	4.090644795515978
RP11-462G12.1	SRR10104176	5.11301526604516
RP11-462G12.1	SRR10104177	1.0254564567414526
RP11-462G12.1	SRR10104178	5.193478622942587
RP11-462G12.1	SRR10104179	8.27986433147269
RP11-462G12.1	SRR10104180	5.110034532788929
RP11-462G12.1	SRR10104181	9.243412020589824
RP11-462G12.1	SRR10104182	11.390171346488764
RP11-462G12.1	SRR10104183	1.0485327945215122
RP11-462G12.1	SRR10104184	10.213982799506043
RP11-462G12.1	SRR10104185	1.0655022783512398
RP11-462G12.1	SRR10104186	3.10022314637327
RP11-462G12.1	SRR10104187	3.2392733404294116
RP11-462G12.1	SRR10104188	1.0555862389878126
RP11-462G12.1	SRR10104189	6.368609354863005
RP11-462G12.1	SRR10104190	6.8946099339995905
RP11-462G12.1	SRR10104191	1.1421287584167092
RP11-462G12.1	SRR10104192	4.104723009851541
RP11-462G12.1	SRR10104193	5.201401826327539
RP11-462G12.1	SRR10104194	3.1303454491798
RP11-462G12.1	SRR10104195	5.212641092852133
RP11-462G12.1	SRR10104196	10.410873692447796
RP11-462G12.1	SRR10104197	4.067774494065287
RP11-462G12.1	SRR10104198	7.181662643150383
RP11-462G12.1	SRR10104199	6.507313855533145
RP11-462G12.1	SRR10104200	2.0715219678035397
RP11-462G12.1	SRR10104201	8.210372895885072
RP11-462G12.1	SRR10104202	4.2737812857990125
RP11-462G12.1	SRR10104203	2.0454392168060136
RP11-462G12.1	SRR10104204	11.34772686312538
RP11-462G12.1	SRR10104205	1.0269817679691475
RP11-462G12.1	SRR10104206	12.34822086478475
RP11-462G12.1	SRR10104207	3.0986957277557408
RP11-462G12.1	SRR10104208	8.141515494601874
RP11-462G12.1	SRR10104209	12.278384526906796
RP11-462G12.1	SRR10104210	7.185250765356102
RP11-462G12.1	SRR10104211	5.093998021606602
RP11-462G12.1	SRR10104212	7.131498256449157
RP11-462G12.1	SRR10104213	4.242897499514849
RP11-462G12.1	SRR10104214	8.242006710356323
RP11-462G12.1	SRR10104215	10.107265960976537
RP11-462G12.1	SRR10104216	1.062180780035933
RP11-462G12.1	SRR10104217	5.125055165746004
RP11-462G12.1	SRR10104218	1.0655646431950403
RP11-462G12.1	SRR10104219	1.0652648347042482
RP11-462G12.1	SRR10104220	5.177846639101731
RP11-462G12.1	SRR10104221	1.090516632710812
RP11-462G12.1	SRR10104222	4.1549309266530985
RP11-462G12.1	SRR10104223	1.1801672204919216
RP11-462G12.1	SRR10104224	4.101997324401651
RP11-462G12.1	SRR10104225	9.284943385176437
RP11-462G12.1	SRR10104226	2.0785538078706414
RP11-462G12.1	SRR10104227	1.0779388239392174
RP11-462G12.1	SRR10104228	3.369631566049804
RP11-462G12.1	SRR10104229	1.0373617848705414
RP11-462G12.1	SRR10104230	1.1040752320803593
RP11-462G12.1	SRR10104231	17.25160019962864
RP11-462G12.1	SRR10104232	1.0611514448074382
RP11-462G12.1	SRR10104233	1.0734096428277802
RP11-462G12.1	SRR10104234	11.257761565689766
RP11-462G12.1	SRR10104235	4.1767661019825315
RP11-462G12.1	SRR10104236	14.13029564813735
RP11-462G12.1	SRR10104237	4.074259188752372
RP11-462G12.1	SRR10104238	1.0719766937133695
RP11-462G12.1	SRR10104239	4.2534326140649386
RP11-462G12.1	SRR10104240	1.0749579917487644
RP11-462G12.1	SRR10104241	1.0409403926955196
RP11-462G12.1	SRR10104242	5.328170018300306
RP11-462G12.1	SRR10104243	1.0687486815714031
RP11-462G12.1	SRR10104244	1.0398815876953509
RP11-462G12.1	SRR10104245	9.376305860097032
RP11-462G12.1	SRR10104246	4.435314279365612
RP11-462G12.1	SRR10104247	3.173863434095558
RP11-462G12.1	SRR10104248	1.076529224426155
RP11-462G12.1	SRR10104249	1.0273315870858695
RP11-462G12.1	SRR10104250	1.157197552838617
RP11-462G12.1	SRR10104251	1.0471142307724335
RP11-462G12.1	SRR10104252	1.1838765721178106
RP11-462G12.1	SRR10104253	1.09991256534321
RP11-462G12.1	SRR10104254	2.0749393818113924
RP11-462G12.1	SRR10104255	3.0937336573505485
RP11-462G12.1	SRR10104256	7.206669374675147
RP11-462G12.1	SRR10104257	1.038122821814693
RP11-462G12.1	SRR10104258	1.0309181491976231
RP11-462G12.1	SRR10224277	1.0245658638211308
RP11-462G12.1	SRR10224278	1.0942848190075063
RP11-462G12.1	SRR10224279	1.0908476973919505
RP11-462G12.1	SRR10224280	2.0456704288821075
RP11-462G12.1	SRR10224281	6.097086929282875
RP11-462G12.1	SRR10224282	5.253420463933887
RP11-462G12.1	SRR10224283	1.04241966767901
RP11-462G12.1	SRR10224284	1.1113405704367834
RP11-462G12.1	SRR10224285	1.1302600125483513
RP11-462G12.1	SRR10224286	4.101891000278531
RP11-462G12.1	SRR10224287	1.034206476188313
RP11-462G12.1	SRR10224288	1.0982502736059643
RP11-462G12.1	SRR10224289	1.095574558517596
RP11-462G12.1	SRR10224290	1.0979938990127511
RP11-462G12.1	SRR10224291	1.031258864476703
RP11-462G12.1	SRR10224292	8.09519533864027
RP11-462G12.1	SRR10224293	1.0308254672852508
RP11-462G12.1	SRR10224294	1.0583494992707134
RP11-462G12.1	SRR10224295	1.0871371976243258
RP11-462G12.1	SRR10224296	1.0551062717044821
RP11-462G12.1	SRR10224297	1.1298237190995832
RP11-462G12.1	SRR10224298	2.0665338885610693
RP11-462G12.1	SRR10318388	4.030258015994881
RP11-462G12.1	SRR10318389	7.033655460966217
RP11-462G12.1	SRR10318390	8.100394094597922
RP11-462G12.1	SRR10318391	3.0365648384728443
RP11-462G12.1	SRR10318392	4.056664848272558
RP11-462G12.1	SRR10318393	8.023305384130936
RP11-462G12.1	SRR10318394	10.136017148230586
RP11-462G12.1	SRR10318395	9.040969522330547
RP11-462G12.1	SRR10318396	9.074283225289552
RP11-462G12.1	SRR10318397	8.048509571557236
RP11-462G12.1	SRR10318398	15.053862999805476
RP11-462G12.1	SRR10318399	2.1004603742173322
RP11-462G12.1	SRR10318400	5.07514973579001
RP11-462G12.1	SRR10318401	2.0073929674059605
RP11-462G12.1	SRR10318402	2.008620129375688
RP11-462G12.1	SRR10318403	2.009922442278996
RP11-462G12.1	SRR10318404	7.012486735802548
RP11-462G12.1	SRR10318405	2.0050434938927086
RP11-462G12.1	SRR10318406	7.032723010077808
RP11-462G12.1	SRR10318407	6.059978404485932
RP11-462G12.1	SRR10318408	11.034029725055634
RP11-462G12.1	SRR10318409	7.022247905012622
RP11-462G12.1	SRR10318410	9.037193804575233
RP11-462G12.1	SRR10318411	7.025875385920862
RP11-462G12.1	SRR10318412	5.0247605978585
RP11-462G12.1	SRR10318413	5.019716485611843
RP11-462G12.1	SRR10318414	5.030232750771797
RP11-462G12.1	SRR10318415	12.079252432261281
RP11-462G12.1	SRR10318416	7.0708935639341854
RP11-462G12.1	SRR10318417	2.0146563380184315
RP11-462G12.1	SRR10318418	3.011488683814358
RP11-462G12.1	SRR10318419	3.0122553934395486
RP11-462G12.1	SRR10318420	10.018312243074385
RP11-462G12.1	SRR10318421	4.01942188401732
RP11-462G12.1	SRR10318422	6.012966650501191
RP11-462G12.1	SRR10318423	2.0032072333117257
RP11-462G12.1	SRR10318424	8.017066021563659
RP11-462G12.1	SRR10318425	6.039790618515544
RP11-462G12.1	SRR10318426	2.191149117035192
RP11-462G12.1	SRR10318427	2.216504799787421
RP11-462G12.1	SRR10318428	5.006980313584417
RP11-462G12.1	SRR10318429	8.032300956707994
RP11-462G12.1	SRR10318430	6.053106082580798
RP11-462G12.1	SRR10318431	14.07365967581177
RP11-462G12.1	SRR10318432	6.0108035977222265
RP11-462G12.1	SRR10318433	1.275527749073799
RP11-462G12.1	SRR10318434	4.012674038334661
RP11-462G12.1	SRR10318435	6.036426671456319
RP11-462G12.1	SRR10318436	2.00567658773049
RP11-462G12.1	SRR10318437	11.00791836278479
RP11-462G12.1	SRR10318438	11.014197565101219
RP11-462G12.1	SRR10318439	7.028928514669626
RP11-462G12.1	SRR10318440	6.096096843244075
RP11-462G12.1	SRR10318441	11.030884022326974
RP11-462G12.1	SRR10318442	5.145486299009564
RP11-462G12.1	SRR10318443	5.01162311091715
RP11-462G12.1	SRR10318444	7.061548120337234
RP11-462G12.1	SRR10318445	6.074554528431646
RP11-462G12.1	SRR10318446	5.020050822475339
RP11-462G12.1	SRR10318447	4.042965317262988
RP11-462G12.1	SRR10318448	4.028709848264105
RP11-462G12.1	SRR10318449	5.010510263805291
RP11-462G12.1	SRR10318450	6.032387591923218
RP11-462G12.1	SRR10318451	2
RP11-462G12.1	SRR10318452	2.0126941172406245
RP11-462G12.1	SRR10318453	2.0402565884018795
RP11-462G12.1	SRR10318454	5.023970188372721
RP11-462G12.1	SRR10318455	6.036914553826107
RP11-462G12.1	SRR10318456	2.0133846821398103
RP11-462G12.1	SRR10318457	7.011557091249578
RP11-462G12.1	SRR10318458	2.026121533000211
RP11-462G12.1	SRR10318459	9.060040896268612
RP11-462G12.1	SRR10318460	2.0080889550647942
RP11-462G12.1	SRR10318461	7.025136066575889
RP11-462G12.1	SRR10318462	3.0204454461891643
RP11-462G12.1	SRR10318463	10.031991760872526
RP11-462G12.1	SRR10318464	5.0319366066059334
RP11-462G12.1	SRR10318465	7.007036601309285
RP11-462G12.1	SRR10318466	5.047862361343691
RP11-462G12.1	SRR10318467	4.020653307472264
RP11-462G12.1	SRR10318468	4.039706349576045
RP11-462G12.1	SRR10318469	4.014946561430524
RP11-462G12.1	SRR10318470	4
RP11-462G12.1	SRR10318471	6
RP11-462G12.1	SRR10318472	6.026963957766417
RP11-462G12.1	SRR10318473	6.023712118183051
RP11-462G12.1	SRR10318474	6.0256956128669215
RP11-462G12.1	SRR10318475	2.008203899828557
RP11-462G12.1	SRR10318476	2.0074201197552233
RP11-462G12.1	SRR10318495	4.0047412953778885
RP11-462G12.1	SRR10318496	5.04469558942348
RP11-462G12.1	SRR10318497	3.017320018215742
RP11-462G12.1	SRR10318498	11.010389914842662
RP11-462G12.1	SRR10318499	5.006079648613892
RP11-462G12.1	SRR10318500	1.0058289797049942
RP11-462G12.1	SRR10318501	7.03451350540728
RP11-462G12.1	SRR10318502	4.002159359225385
RP11-462G12.1	SRR10318503	4.007624113053891
RP11-462G12.1	SRR10318504	9.061395305970128
RP11-462G12.1	SRR10318505	9.006478660460283
RP11-462G12.1	SRR10318506	5.0607004402908355
RP11-462G12.1	SRR10318507	6.0736848752624315
RP11-462G12.1	SRR10318508	9.280923522358249
RP11-462G12.1	SRR10318509	4.028218440850173
RP11-462G12.1	SRR10318510	6.048751881508709
RP11-462G12.1	SRR10318511	24.03024190974989
RP11-462G12.1	SRR10318512	1.0077519822290972
RP11-462G12.1	SRR10318513	4.013518663582407
RP11-462G12.1	SRR10318514	13.06049532815862
RP11-462G12.1	SRR10318515	7.085295112584543
RP11-462G12.1	SRR10318516	4.0241862006174385
RP11-462G12.1	SRR10318517	8.021616919004487
RP11-462G12.1	SRR10318518	2.014681542087307
RP11-462G12.1	SRR10318519	4.019299015479782
RP11-462G12.1	SRR10318520	10.020114680017954
RP11-462G12.1	SRR10318521	4.0147011017168674
RP11-462G12.1	SRR10318522	5.006980313584417
RP11-462G12.1	SRR10318523	4.009188855725498
RP11-462G12.1	SRR10318524	3.023799873456188
RP11-462G12.1	SRR10318525	9.057001020998902
RP11-462G12.1	SRR10318526	7.046438286582124
RP11-462G12.1	SRR10318527	5.00179930415609
RP11-462G12.1	SRR10318528	4.010319235634778
RP11-462G12.1	SRR10318529	4.009066299998424
RP11-462G12.1	SRR10318530	6.041376048662202
RP11-462G12.1	SRR10318531	7.063443563275066
RP11-462G12.1	SRR10318532	7.0595288427646095
RP11-462G12.1	SRR10318533	2.0473065880871535
RP11-462G12.1	SRR10318534	6.107278877610052
RP11-462G12.1	SRR10318535	3.047407867396208
RP11-462G12.1	SRR10318536	6.024877362162172
RP11-462G12.1	SRR10318537	2.0221647050451375
RP11-462G12.1	SRR10318538	8.015248226107783
RP11-462G12.1	SRR10318539	3.0225087151445518
RP11-462G12.1	SRR10318540	7.038836546958161
RP11-462G12.1	SRR10318541	4.029600541705775
RP11-462G12.1	SRR10318542	7.058076812260716
RP11-462G12.1	SRR10318543	8.081852095478407
RP11-462G12.1	SRR10318544	6.0151058961010575
RP11-462G12.1	SRR10318545	8.071216047246507
RP11-462G12.1	SRR10318546	9.01296198459183
RP11-462G12.1	SRR10318547	3.012213767442183
RP11-462G12.1	SRR10318548	4.019722003089874
RP11-462G12.1	SRR10318549	3.0215323861980785
RP11-462G12.1	SRR10318568	7.0224686342867315
RP11-462G12.1	SRR10318569	8.007199159238127
RP11-462G12.1	SRR10318570	2.021987149772358
RP11-462G12.1	SRR10318571	8.007199159238127
RP11-462G12.1	SRR10318572	3.014474261609837
RP11-462G12.1	SRR10318573	5.007728056136569
RP11-462G12.1	SRR10318574	8.019896029439852
RP11-462G12.1	SRR10318575	13.062721800309292
RP11-462G12.1	SRR10318576	2.0087701074640147
RP11-462G12.1	SRR10318577	5.0149934216628935
RP11-462G12.1	SRR10318578	2.0017997898095317
RP11-462G12.1	SRR10318579	6.0190110575019915
RP11-462G12.1	SRR10318580	5.007201102551016
RP11-462G12.1	SRR10318581	5
RP11-462G12.1	SRR10875803	5.712644569807993
RP11-462G12.1	SRR10875804	1.6631822621046608
RP11-462G12.1	SRR10875805	3.119549399573404
RP11-462G12.1	SRR10875806	5.202454441741005
RP11-462G12.1	SRR10875807	2.9074856474474493
RP11-462G12.1	SRR10875808	8.21996366054254
RP11-462G12.1	SRR10875809	3.8084533563678233
RP11-462G12.1	SRR10875810	4.548686254199985
RP11-462G12.1	SRR10875812	13
RP11-462G12.1	SRR10875813	6.514198542191371
RP11-462G12.1	SRR10875814	4.016285023256244
RP11-462G12.1	SRR10875815	7
RP11-462G12.1	SRR10875816	14
RP11-462G12.1	SRR10875817	7.7204603860370185
RP11-462G12.1	SRR10875818	2.180493404379728
RP11-462G12.1	SRR10875819	8
RP11-462G12.1	SRR10875820	3.1121144182185527
RP11-462G12.1	SRR10875821	2.8594699862272814
RP11-462G12.1	SRR10875822	1.5311584639891962
RP11-462G12.1	SRR10875823	5
RP11-462G12.1	SRR10875824	9.081711520318702
RP11-462G12.1	SRR10875825	5.009156121537193
RP11-462G12.1	SRR10875826	6.756471031944324
RP11-462G12.1	SRR10875827	3.8439998422825448
RP11-462G12.1	SRR10875829	10.560499137105355
RP11-462G12.1	SRR10875830	10
RP11-462G12.1	SRR10875831	5.018175606148013
RP11-462G12.1	SRR10875832	5
RP11-462G12.1	SRR10875834	4.013695644633393
RP11-462G12.1	SRR10875835	10
RP11-462G12.1	SRR10875836	10.369776920608405
RP11-462G12.1	SRR10875837	6.433088282818364
RP11-462G12.1	SRR10875838	6
RP11-462G12.1	SRR10875839	8.897631044752831
RP11-462G12.1	SRR10875840	8.170668416907784
RP11-462G12.1	SRR10875841	6.02324295823734
RP11-462G12.1	SRR10875842	3.47563839764976
RP11-462G12.1	SRR10875843	12.695432744797833
RP11-462G12.1	SRR10875844	9.645643453945661
RP11-462G12.1	SRR10875845	15.405395826949848
RP11-462G12.1	SRR10875846	7.4862236236992095
RP11-462G12.1	SRR10875847	6.023058835476688
RP11-462G12.1	SRR10875848	4
RP11-462G12.1	SRR10875849	2.8973169380697708
RP11-462G12.1	SRR10875850	5.000899571155219
RP11-462G12.1	SRR10875851	4.376161720008423
RP11-462G12.1	SRR10875852	4.856484964378395
RP11-462G12.1	SRR10875853	1.002266574999606
RP11-462G12.1	SRR10875854	4.206921200354242
RP11-462G12.1	SRR10875855	2.9272315837942795
RP11-462G12.1	SRR10875856	2.7017897688608414
RP11-462G12.1	SRR10875857	5.220237233908849
RP11-462G12.1	SRR10875858	6.564516707208974
RP11-462G12.1	SRR10875859	3
RP11-462G12.1	SRR10875860	7.199803726043865
RP11-462G12.1	SRR10875861	4.732672582300832
RP11-462G12.1	SRR10875862	7.556337541043761
RP11-462G12.1	SRR10875863	3.0164190067781913
RP11-462G12.1	SRR10875864	4
RP11-462G12.1	SRR10875865	5.933225070981842
RP11-462G12.1	SRR10875866	5.952394209510601
RP11-462G12.1	SRR10875867	1.9211907601145624
RP11-462G12.1	SRR10875868	1.2303144466865068
RP11-462G12.1	SRR10875869	7
RP11-462G12.1	SRR10875870	3.379146430322938
RP11-462G12.1	SRR10875871	5.000899571155219
RP11-462G12.1	SRR10875872	2.92417151428768
RP11-462G12.1	SRR10875873	2.4215177194748887
RP11-462G12.1	SRR10875874	5.864053826148967
RP11-462G12.1	SRR10875875	3.9560159419741625
RP11-462G12.1	SRR10875876	1
RP11-462G12.1	SRR10875877	7.283415019690234
RP11-462G12.1	SRR10875878	3.0238736969107096
RP11-462G12.1	SRR10875879	5
RP11-462G12.1	SRR10875880	7.028381062922987
RP11-462G12.1	SRR10875881	3.907458398479097
RP11-462G12.1	SRR10875882	1
RP11-462G12.1	SRR10875883	5.032471981237926
RP11-462G12.1	SRR10875884	8.77209894825066
RP11-462G12.1	SRR10875885	7.0133421978443105
RP11-462G12.1	SRR10875886	2.0151290079974404
RP11-462G12.1	SRR10875887	4
RP11-462G12.1	SRR10875888	1.0282669362329202
RP11-462G12.1	SRR10875889	4.009066299998424
RP11-462G12.1	SRR10875890	10.02266574999606
RP11-462G12.1	SRR10875891	8
RP11-462G12.1	SRR10875892	8.98223071280906
RP11-462G12.1	SRR10875893	3
RP11-462G12.1	SRR10875894	4.15091138942497
RP11-462G12.1	SRR10875895	8
RP11-462G12.1	SRR10875896	2.02022308854242
RP11-462G12.1	SRR10875897	10.02610457415912
RP11-462G12.1	SRR10875898	9.530324484204709
RP11-462G12.1	SRR10875899	1.8009118633110923
RP11-462G12.1	SRR10875900	5.019078447353435
RP11-462G12.1	SRR10875901	5.01106281999217
RP11-462G12.1	SRR10875902	6.027864024698834
RP11-462G12.1	SRR12430469	19
RP11-462G12.1	SRR12430470	9.374887172210961
RP11-462G12.1	SRR12430471	5.839825707450732
RP11-462G12.1	SRR12430472	9.640108918329807
RP11-462G12.1	SRR12430473	4
RP11-462G12.1	SRR12430474	26.517527514598715
RP11-462G12.1	SRR12430475	26.763322759181687
RP11-462G12.1	SRR12430476	18
RP11-462G12.1	SRR12765534	7
RP11-462G12.1	SRR12765535	2.005315802879815
RP11-462G12.1	SRR12765536	6.0277746033152635
RP11-462G12.1	SRR12765537	8.033906552146982
RP11-462G12.1	SRR12765538	1.0342968559958656
RP11-462G12.1	SRR12765539	2.0628256230102875
RP11-462G12.1	SRR12765540	1.003132286981857
RP11-462G12.1	SRR12765541	5.04851825663397
RP11-462G12.1	SRR12765542	9
RP11-462G12.1	SRR12765543	5.082079073599222
RP11-462G12.1	SRR12765544	6.069630020394878
RP11-462G12.1	SRR12765545	6.056803020803174
RP11-462G12.1	SRR12765546	4.121032034130739
RP11-462G12.1	SRR12765547	3.0243173935025927
RP11-462G12.1	SRR12765548	1.0204595735015827
RP11-462G12.1	SRR12765549	6.046040957656544
RP11-462G12.1	SRR12765550	1.040117424009284
RP11-462G12.1	SRR12765551	6.083110235203065
RP11-462G12.1	SRR12765552	5.207927173985937
RP11-462G12.1	SRR12765553	3.1343626239283444
RP11-462G12.1	SRR12765554	6.191624745774127
RP11-462G12.1	SRR12765555	5.103901116272654
RP11-462G12.1	SRR12765556	2.0309985808874758
RP11-462G12.1	SRR12765557	1.0105307135967785
RP11-462G12.1	SRR12765558	2.103329399220781
RP11-462G12.1	SRR12765559	10.01906028263473
RP11-462G12.1	SRR12765560	2.0386295745611105
RP11-462G12.1	SRR12765561	2.00567658773049
RP11-462G12.1	SRR12765562	1.015740519865274
RP11-462G12.1	SRR12765563	3.0219338886062714
RP11-462G12.1	SRR12765564	5.010584594182531
RP11-462G12.1	SRR12765565	2.0085329164643317
RP11-462G12.1	SRR12765566	3.0216247533655833
RP11-462G12.1	SRR12765567	8.106320824465964
RP11-462G12.1	SRR12765568	5.052030876890151
RP11-462G12.1	SRR12765569	13.14960453953807
RP11-462G12.1	SRR12765570	8.05741969652821
RP11-462G12.1	SRR12765571	8.089510063755617
RP11-462G12.1	SRR12765572	6.039770787221573
RP11-462G12.1	SRR12765573	2.0691670820272456
RP11-462G12.1	SRR12765574	5.034798016303385
RP11-462G12.1	SRR12765575	2.0484462470874036
RP11-462G12.1	SRR12765576	3.0748279772629057
RP11-462G12.1	SRR12765577	2.092011945364681
RP11-462G12.1	SRR12765578	3.045554987575528
RP11-462G12.1	SRR12765579	10.08549757583579
RP11-462G12.1	SRR12765580	3.0342700814062584
RP11-462G12.1	SRR12765581	2.032528091648967
RP11-462G12.1	SRR12765582	6.006031372550816
RP11-462G12.1	SRR12765583	8.071157035462695
RP11-462G12.1	SRR12765584	6.075168978310735
RP11-462G12.1	SRR12765585	6.066947083407972
RP11-462G12.1	SRR12765586	5.026554621868267
RP11-462G12.1	SRR12765587	6.070998322561661
RP11-462G12.1	SRR12765588	1.0069962891030084
RP11-462G12.1	SRR12765589	8.14700270256722
RP11-462G12.1	SRR12765590	3.088264960229614
RP11-462G12.1	SRR12765591	1.0281334706568328
RP11-462G12.1	SRR12765592	4.066147057749035
RP11-462G12.1	SRR12765593	6.050597673428567
RP11-462G12.1	SRR12765594	5.11637544531494
RP11-462G12.1	SRR12765595	7.084127548210838
RP11-462G12.1	SRR12765596	5.022316434383011
RP11-462G12.1	SRR12765597	2.016167120607087
RP11-462G12.1	SRR12765598	9.06508509124058
RP11-462G12.1	SRR12765599	7.021655279580858
RP11-462G12.1	SRR12765600	4.172374165446641
RP11-462G12.1	SRR12765601	3.0664867185787013
RP11-462G12.1	SRR12765602	13.112742453195876
RP11-462G12.1	SRR12765603	1.0100331670398786
RP11-462G12.1	SRR12765604	9.073467159218486
RP11-462G12.1	SRR12765605	12.093788884868754
RP11-462G12.1	SRR12765606	16.21285693530299
RP11-462G12.1	SRR12765607	11.096621225990136
RP11-462G12.1	SRR12765608	4.035527415916719
RP11-462G12.1	SRR12765609	3.0145566937160306
RP11-462G12.1	SRR12765610	5.043819893971644
RP11-462G12.1	SRR12765611	1.0055619738776487
RP11-462G12.1	SRR12765612	9.041054858513853
RP11-462G12.1	SRR12765613	11.066403655189003
RP11-462G12.1	SRR12765614	5.023373578627005
RP11-462G12.1	SRR12765615	7.06428246549928
RP11-462G12.1	SRR12765616	4.024732733434085
RP11-462G12.1	SRR12765617	4.034022006560285
RP11-462G12.1	SRR12765618	2.0471441745814363
RP11-462G12.1	SRR12765619	5.109444479232366
RP11-462G12.1	SRR12765620	5.040905351476082
RP11-462G12.1	SRR12765621	4.010492613819927
RP11-462G12.1	SRR12765622	2.044051134072899
RP11-462G12.1	SRR12765623	5
RP11-462G12.1	SRR12765624	2.007958946401224
RP11-462G12.1	SRR12765625	3.0250729629149564
RP11-462G12.1	SRR12765626	6.029767326836988
RP11-462G12.1	SRR12765627	4.002159359225385
RP11-462G12.1	SRR12765628	3.124921469748016
RP11-462G12.1	SRR12765629	4.129934466262751
RP11-462G12.1	SRR12765630	9.015532231822318
RP11-462G12.1	SRR12765631	7.042421106814814
RP11-462G12.1	SRR12765632	2.013170362593027
RP11-462G12.1	SRR12765633	2.039126632624243
RP11-462G12.1	SRR12765634	4.021862603428772
RP11-462G12.1	SRR12765635	1.0232142122054655
RP11-462G12.1	SRR12765636	2.024439468659271
RP11-462G12.1	SRR12765637	1.0356758705836402
RP11-462G12.1	SRR12765638	6
RP11-462G12.1	SRR12765639	6.18743024385199
RP11-462G12.1	SRR12765640	5.025402885579788
RP11-462G12.1	SRR12765641	7.133771365737463
RP11-462G12.1	SRR12765642	5.01223448509874
RP11-462G12.1	SRR12765643	7.099190209452959
RP11-462G12.1	SRR12765644	5.017938154826352
RP11-462G12.1	SRR12765645	5.144963002980197
RP11-462G12.1	SRR12765646	2.0136581239604583
RP11-462G12.1	SRR12765647	5.146484976560652
RP11-462G12.1	SRR12765648	6.071440509877657
RP11-462G12.1	SRR12765649	2.0990770957147236
RP11-462G12.1	SRR12765650	9.165461048631006
RP11-462G12.1	SRR12765651	9.254521952949352
RP11-462G12.1	SRR12765652	8.086269991072182
RP11-462G12.1	SRR12774664	2.0106310340307396
RP11-462G12.1	SRR12774665	3.04066999134121
RP11-462G12.1	SRR12774666	1.0106916250716198
RP11-462G12.1	SRR12774667	3.045338963659929
RP11-462G12.1	SRR12774668	3.1602455245620766
RP11-462G12.1	SRR12774669	1.0186226106952725
RP11-462G12.1	SRR12774670	1.0491130199238774
RP11-462G12.1	SRR12774671	1.0484655565231629
RP11-462G12.1	SRR12774672	3.018581531354038
RP11-462G12.1	SRR12774673	2.02871218270448
RP11-462G12.1	SRR12774674	1.0244413045784626
RP11-462G12.1	SRR12774675	2.069304185161144
RP11-462G12.1	SRR12774676	1.0065547698859227
RP11-462G12.1	SRR12774677	1.0109759582725257
RP11-462G12.1	SRR12774678	3.1316541276835097
RP11-462G12.1	SRR12774679	3.0702439749316652
RP11-462G12.1	SRR12774680	3.0427237572858683
RP11-462G12.1	SRR12774681	3.026190131613477
RP11-462G12.1	SRR12774682	5.053263559224958
RP11-462G12.1	SRR12774683	3.0214394532813698
RP11-462G12.1	SRR12774684	4.021155578897135
RP11-462G12.1	SRR12774685	1.0073894622198625
RP11-462G12.1	SRR12774686	1.0181683338140572
RP11-462G12.1	SRR12774687	1.0294604238537992
RP11-462G12.1	SRR1609360	3.1488374365387766
RP11-462G12.1	SRR1609361	2.0528846368458797
RP11-462G12.1	SRR1609362	3.2055003940239235
RP11-462G12.1	SRR1609363	5.037169421497594
RP11-462G12.1	SRR1609364	8.069984853030794
RP11-462G12.1	SRR1609365	4.0585359319057535
RP11-462G12.1	SRR1609366	5.0287824632080556
RP11-462G12.1	SRR1609367	4.010931068486513
RP11-462G12.1	SRR1609368	4.022611878597814
RP11-462G12.1	SRR1609369	1.0008998949047658
RP11-462G12.1	SRR1609370	8.016690283329007
RP11-462G12.1	SRR1609371	2.060992801553301
RP11-462G12.1	SRR1609372	9.007426494614762
RP11-462G12.1	SRR1609373	10.075612554988439
RP11-462G12.1	SRR1609374	3.0078817544471623
RP11-462G12.1	SRR1609375	12.079977760607377
RP11-462G12.1	SRR1609376	5.081317632775449
RP11-462G12.1	SRR1609377	4.021524366046654
RP11-462G12.1	SRR1609378	5.088864331006187
RP11-462G12.1	SRR1609379	2.003662448614877
RP11-462G12.1	SRR1609380	3.048007193742283
RP11-462G12.1	SRR1609381	1.0007198511622537
RP11-462G12.1	SRR1609382	2.0291099153637946
RP11-462G12.1	SRR1609383	4.042107705234324
RP11-462G12.1	SRR1609384	1.0098790952140646
RP11-462G12.1	SRR1609385	5.03743727696593
RP11-462G12.1	SRR1609386	5.033991422578583
RP11-462G12.1	SRR1609387	2.0152137983606204
RP11-462G12.1	SRR1609388	3.0391116157423523
RP11-462G12.1	SRR1609389	14.0354984121245
RP11-462G12.1	SRR1609390	2.0263215738503937
RP11-462G12.1	SRR1609391	2.1286337114510596
RP11-462G12.1	SRR1609392	3.047385405817402
RP11-462G12.1	SRR1609393	1.0451601529901198
RP11-462G12.1	SRR1609394	2.056818672238388
RP11-462G12.1	SRR1609395	5.028115798100353
RP11-462G12.1	SRR1609396	7.00796564650197
RP11-462G12.1	SRR1609397	2.0298806576181727
RP11-462G12.1	SRR1609398	3.0141570542848966
RP11-462G12.1	SRR1609399	4.015471884940299
RP11-462G12.1	SRR1609400	3.006657448477487
RP11-462G12.1	SRR1609401	3.032402039567738
RP11-462G12.1	SRR1609402	4.017975971844278
RP11-462G12.1	SRR1609403	5.0162863864176
RP11-462G12.1	SRR1609404	4.048862390411209
RP11-462G12.1	SRR1609405	4.027311676492301
RP11-462G12.1	SRR1609406	4.0163913834374165
RP11-462G12.1	SRR1609407	6.014545555541805
RP11-462G12.1	SRR1609408	5.039398594845887
RP11-462G12.1	SRR1609409	6.1157017688612445
RP11-462G12.1	SRR1609410	6
RP11-462G12.1	SRR1609411	3.1604452333342863
RP11-462G12.1	SRR1609412	3
RP11-462G12.1	SRR1609413	2.8862280292647706
RP11-462G12.1	SRR1609414	4.006604052142616
RP11-462G12.1	SRR1609415	4.000719656924175
RP11-462G12.1	SRR1609416	3.008157612497553
RP11-462G12.1	SRR1609417	2.0136859508460097
RP11-462G12.1	SRR1609418	3.0043621784525802
RP11-462G12.1	SRR1609419	7.034344245696138
RP11-462G12.1	SRR1609420	1.0047772073142707
RP11-462G12.1	SRR1609421	2.0129864653339586
RP11-462G12.1	SRR1609422	2.034001491598693
RP11-462G12.1	SRR1609423	1.0543133661346646
RP11-462G12.1	SRR1609424	1.0793326783308919
RP11-462G12.1	SRR1609425	6.009906078213924
RP11-462G12.1	SRR1609426	6.02865707593498
RP11-462G12.1	SRR1609427	4.021291469279516
RP11-462G12.1	SRR1609428	6.052351959413801
RP11-462G12.1	SRR1609429	4.005162750945898
RP11-462G12.1	SRR1609430	3.0125307702572686
RP11-462G12.1	SRR1609431	6.0455077776715545
RP11-462G12.1	SRR1609432	2.003091222454628
RP11-462G12.1	SRR1609433	2.0169826997724676
RP11-462G12.1	SRR1609434	3.045852337511526
RP11-462G12.1	SRR1609435	2.0092265868927153
RP11-462G12.1	SRR1609436	5.016370410922241
RP11-462G12.1	SRR1609437	4.088651314634375
RP11-462G12.1	SRR1609438	2.065186150523637
RP11-462G12.1	SRR1609439	3.045131602924159
RP11-462G12.1	SRR1609440	5.012899044543473
RP11-462G12.1	SRR1609441	6.013599449997636
RP11-462G12.1	SRR1609442	3.0222289323181837
RP11-462G12.1	SRR1609443	1.008915652491251
RP11-462G12.1	SRR1609444	4.002159359225385
RP11-462G12.1	SRR1609445	4.014118042549502
RP11-462G12.1	SRR1609446	2.022858519347924
RP11-462G12.1	SRR1609447	1.2343308859580486
RP11-462G12.1	SRR1609448	4.035540426947304
RP11-462G12.1	SRR1609449	5.012524773235432
RP11-462G12.1	SRR1609450	6.012517712496756
RP11-462G12.1	SRR1609451	6.078946902769147
RP11-462G12.1	SRR1609452	2.5280106526686255
RP11-462G12.1	SRR1609453	4.007367354499827
RP11-462G12.1	SRR1609454	3.0491993203822303
RP11-462G12.1	SRR1609455	2.504688699222116
RP11-462G12.1	SRR1609456	3.0146870220858872
RP11-462G12.1	SRR1609457	3.0200867603048867
RP11-462G12.1	SRR1609458	1.240929610314354
RP11-462G12.1	SRR1609459	7.027397930859613
RP11-462G12.1	SRR1609460	5.0494948563430215
RP11-462G12.1	SRR1609461	4.006836098274579
RP11-462G12.1	SRR1609462	1.0037407429361982
RP11-462G12.1	SRR1609463	5.033021846775534
RP11-462G12.1	SRR1609464	4.045963209699796
RP11-462G12.1	SRR1609465	1.0122774846884037
RP11-462G12.1	SRR1609466	11.216427607845455
RP11-462G12.1	SRR1609467	6.072924449366351
RP11-462G12.1	SRR1609468	4.006903214143252
RP11-462G12.1	SRR1609469	5.000899571155219
RP11-462G12.1	SRR1609470	3.0145566937160306
RP11-462G12.1	SRR1609471	5.01072161079157
RP11-462G12.1	SRR1609472	3.2620959015876383
RP11-462G12.1	SRR1609473	3.1742925794953756
RP11-462G12.1	SRR1609474	7.01814753191764
RP11-462G12.1	SRR1609475	4.088716468085225
RP11-462G12.1	SRR1609476	10.476880383706767
RP11-462G12.1	SRR1609477	2.0114579810922715
RP11-462G12.1	SRR1609478	4.093118770082283
RP11-462G12.1	SRR1609479	3.031942978004204
RP11-462G12.1	SRR1609480	4
RP11-462G12.1	SRR1609481	9.095596357467956
RP11-462G12.1	SRR1609482	5.018550299388059
RP11-462G12.1	SRR1609483	6.027679760678146
RP11-462G12.1	SRR1609484	3.024210541794935
RP11-462G12.1	SRR1609485	3.0026996847142975
RP11-462G12.1	SRR1609486	5.016370410922241
RP11-462G12.1	SRR1609487	8.031970321588542
RP11-462G12.1	SRR1609488	9.01296198459183
RP11-462G12.1	SRR1609489	5.011095747462479
RP11-462G12.1	SRR1609490	3.050532141108976
RP11-462G12.1	SRR1609491	7.025113416756892
RP11-462G12.1	SRR1609492	5
RP11-462G12.1	SRR1609493	7.0319829701705245
RP11-462G12.1	SRR1609494	5.029904661272545
RP11-462G12.1	SRR1609495	7.015866024997242
RP11-462G12.1	SRR1609496	4.003599579619063
RP11-462G12.1	SRR1609497	6.005399369428595
RP11-462G12.1	SRR1609498	10.00359860831218
RP11-462G12.1	SRR1609499	5.010584594182531
RP11-462G12.1	SRR1609500	5.008629017679065
RP11-462G12.1	SRR1609501	3.0038720632094233
RP11-462G12.1	SRR1609502	2.0262471595366387
RP11-462G12.1	SRR1609503	1.2577312251671255
RP11-462G12.1	SRR1609504	5
RP11-462G12.1	SRR1609505	6
RP11-462G12.1	SRR1609506	5.099984933509485
RP11-462G12.1	SRR1609507	6.036996210190903
RP11-462G12.1	SRR1609508	4.002159359225385
RP11-462G12.1	SRR1609509	5.032110998805784
RP11-462G12.1	SRR1609510	3.01709474012816
RP11-462G12.1	SRR1609511	2.075038166264333
RP11-462G12.1	SRR1609512	3.010181237757696
RP11-462G12.1	SRR1609513	2.0065210238136952
RP11-462G12.1	SRR1609514	3.149415655796775
RP11-462G12.1	SRR1609515	2.003961675609822
RP11-462G12.1	SRR1609516	3.0126131492178483
RP11-462G12.1	SRR1609517	3.0690767739450666
RP11-462G12.1	SRR1609518	3.004861181572238
RP11-462G12.1	SRR1609519	4.006903214143252
RP11-462G12.1	SRR1609520	2.158742472682703
RP11-462G12.1	SRR1609521	5.0083920180853285
RP11-462G12.1	SRR1609522	2.0489442940089795
RP11-462G12.1	SRR1609523	6.028764226047266
RP11-462G12.1	SRR1609524	4.067602956563733
RP11-462G12.1	SRR1609525	6.033288468821281
RP11-462G12.1	SRR1609526	2.04137445195795
RP11-462G12.1	SRR1609527	3
RP11-462G12.1	SRR1609528	5.044510029529067
RP11-462G12.1	SRR1609529	4.104647073150656
RP11-462G12.1	SRR1609530	3.014678698339007
RP11-462G12.1	SRR1609531	5.019211363740068
RP11-462G12.1	SRR1609532	2.0147641936113563
RP11-462G12.1	SRR1609533	3.1164631526780386
RP11-462G12.1	SRR1609534	8.010544547717075
RP11-462G12.1	SRR1609535	1.0447999386373616
RP11-462G12.1	SRR1609536	6.067112986707469
RP11-462G12.1	SRR1609537	11.042647692824517
RP11-462G12.1	SRR1609538	3
RP11-462G12.1	SRR1609539	2.0124823253122663
RP11-462G12.1	SRR1609540	6
RP11-462G12.1	SRR1609541	2.2011973559942284
RP11-462G12.1	SRR1609542	4.009488210726242
RP11-462G12.1	SRR1609543	4.0083451416645035
RP11-462G12.1	SRR1609544	3.0178121363994843
RP11-462G12.1	SRR1609545	4.21237784923986
RP11-462G12.1	SRR1609546	6
RP11-462G12.1	SRR1609547	2.010434158258759
RP11-462G12.1	SRR1609548	1.0184861532197387
RP11-462G12.1	SRR1609549	2.021718442600423
RP11-462G12.1	SRR1609550	7
RP11-462G12.1	SRR1609551	3.035230581840084
RP11-462G12.1	SRR1609552	7.0319829701705245
RP11-462G12.1	SRR1609553	5.013289507199537
RP11-462G12.1	SRR1609554	4.036856675369553
RP11-462G12.1	SRR1609555	2.0071203763532726
RP11-462G12.1	SRR1609556	1.0226028348590848
RP11-462G12.1	SRR1609557	1.0063443236741658
RP11-462G12.1	SRR1609558	4.017363064353455
RP11-462G12.1	SRR1609559	4.171725230058666
RP11-462G12.1	SRR1609560	4.029681031025866
RP11-462G12.1	SRR1609561	5.01305228707956
RP11-462G12.1	SRR1609562	10.010052287584692
RP11-462G12.1	SRR1609563	2.0089543352531254
RP11-462G12.1	SRR1609564	5.0047893146803215
RP11-462G12.1	SRR1609565	1.0254977843458928
RP11-462G12.1	SRR1609566	4.013518663582407
RP11-462G12.1	SRR1609567	2.517780144414936
RP11-462G12.1	SRR1609568	7
RP11-462G12.1	SRR1609569	6
RP11-462G12.1	SRR1609570	7.126749845467955
RP11-462G12.1	SRR1609571	5.122758223407378
RP11-462G12.1	SRR1609572	3.0406004348256834
RP11-462G12.1	SRR1609573	2.040350292061208
RP11-462G12.1	SRR1609574	2.0104891344528304
RP11-462G12.1	SRR1609575	1.0736998596975067
RP11-462G12.1	SRR1609576	6.024161892042678
RP11-462G12.1	SRR1609577	4.016940324969946
RP11-462G12.1	SRR1609578	4.0071352776014555
RP11-462G12.1	SRR1609579	3.020487185940687
RP11-462G12.1	SRR1609580	3.0233297568623123
RP11-462G12.1	SRR1609581	3.126513091520229
RP11-462G12.1	SRR1609582	2.016893171624546
RP11-462G12.1	SRR1609583	1.0362453520104524
RP11-462G12.1	SRR1609584	5.010347502054323
RP11-462G12.1	SRR1609585	1.0008998949047658
RP11-462G12.1	SRR1609586	3.235874630058878
RP11-462G12.1	SRR1609587	3.036746520532791
RP11-462G12.1	SRR1609588	1.0140245410109685
RP11-462G12.1	SRR1609589	3.0079737043197223
RP11-462G12.1	SRR1609590	7.0025190258185255
RP11-462G12.1	SRR1609591	5.016370410922241
RP11-462G12.1	SRR1609592	2.0138582936441467
RP11-462G12.1	SRR1609593	3.0167684142179425
RP11-462G12.1	SRR1609594	6.15388903176653
RP11-462G12.1	SRR1609595	2.0501439847055773
RP11-462G12.1	SRR1609596	6.015763508894325
RP11-462G12.1	SRR1609597	9.038115731182378
RP11-462G12.1	SRR1609598	2.055905641646882
RP11-462G12.1	SRR1609599	5.107631206532085
RP11-462G12.1	SRR1609600	2.062572226649056
RP11-462G12.1	SRR1609601	3.085120741060065
RP11-462G12.1	SRR1609602	1.1633952247111359
RP11-462G12.1	SRR1609603	8
RP11-462G12.1	SRR1609604	3.0213067936081575
RP11-462G12.1	SRR1609605	2.0155039644581945
RP11-462G12.1	SRR1609606	3.049020482130678
RP11-462G12.1	SRR1609607	6.030401894422322
RP11-462G12.1	SRR1609608	2.0413192101382815
RP11-462G12.1	SRR1609609	3.099619499734118
RP11-462G12.1	SRR1609610	2
RP11-462G12.1	SRR1609611	1.0173971986878916
RP11-462G12.1	SRR1609612	7.016389880234475
RP11-462G12.1	SRR1609613	4.003599579619063
RP11-462G12.1	SRR1609614	1.0118849169807895
RP11-462G12.1	SRR1609615	3.0095975282617573
RP11-462G12.1	SRR1609616	7
RP11-462G12.1	SRR1609617	5
RP11-462G12.1	SRR1609618	6.019379061169822
RP11-462G12.1	SRR1609619	4.014650264269253
RP11-462G12.1	SRR1609620	6.077026297134807
RP11-462G12.1	SRR1609621	2.01752409318208
RP11-462G12.1	SRR1609622	4.1588829031178065
RP11-462G12.1	SRR1609623	2.0388298085825487
RP11-462G12.1	SRR1609624	2.4673392840574664
RP11-462G12.1	SRR1609625	5.008101969287063
RP11-462G12.1	SRR1609626	4.031831595880946
RP11-462G12.1	SRR1609627	6.0334729042981765
RP11-462G12.1	SRR1609628	10.019198736744938
RP11-462G12.1	SRR1609629	3.049884045286353
RP11-462G12.1	SRR1609630	3.0085148815957345
RP11-462G12.1	SRR1609631	7
RP11-462G12.1	SRR1609632	3
RP11-462G12.1	SRR1609633	3.0109974059920237
RP11-462G12.1	SRR1609634	4.033608476313059
RP11-462G12.1	SRR1609635	1.0252958338928058
RP11-462G12.1	SRR1609636	4.136126904562265
RP11-462G12.1	SRR1609637	4.016559141765268
RP11-462G12.1	SRR1609638	2.0499900982434935
RP11-462G12.1	SRR1609639	7.0391262998418656
RP11-462G12.1	SRR1609640	5.000899571155219
RP11-462G12.1	SRR1609641	6.0017110338875606
RP11-462G12.1	SRR1609642	5
RP11-462G12.1	SRR1609643	3.0368324540652116
RP11-462G12.1	SRR1609644	6.006479826238255
RP11-462G12.1	SRR1609645	3.009689530584911
RP11-462G12.1	SRR1609646	5.01199731490057
RP11-462G12.1	SRR1609647	2.0425965942831015
RP11-462G12.1	SRR1609648	5.018279855443439
RP11-462G12.1	SRR1609649	2.0166940615573257
RP11-462G12.1	SRR1609650	2.0150460588619605
RP11-462G12.1	SRR1609651	5.017272927347353
RP11-462G12.1	SRR1609652	2.0072088827994703
RP11-462G12.1	SRR1609653	5.255693722190508
RP11-462G12.1	SRR1609654	6.210868698511345
RP11-462G12.1	SRR1609655	3.020640034984301
RP11-462G12.1	SRR1609656	3.043985185748383
RP11-462G12.1	SRR1609657	2.0265412275789445
RP11-462G12.1	SRR1609658	6.1221770461401555
RP11-462G12.1	SRR1609659	9.0726023742127
RP11-462G12.1	SRR1609660	3.0118463485330484
RP11-462G12.1	SRR1609661	4.005939549673486
RP11-462G12.1	SRR1609662	2.009438036189931
RP11-462G12.1	SRR1609663	3.0080055735480005
RP11-462G12.1	SRR1609664	4.02942285933968
RP11-462G12.1	SRR1609665	4
RP11-462G12.1	SRR1609666	3.0506790662009156
RP11-462G12.1	SRR1609667	7.0209164043095535
RP11-462G12.1	SRR1609668	4.505498098466652
RP11-462G12.1	SRR1609669	1.0197584865298666
RP11-462G12.1	SRR1746771	5.818757355634474
RP11-462G12.1	SRR1746772	4.7161245008742
RP11-462G12.1	SRR1746773	3.82221306260914
RP11-462G12.1	SRR1746774	7.5116837713392925
RP11-462G12.1	SRR1746775	8.96090238794187
RP11-462G12.1	SRR1746776	6.585357226451389
RP11-462G12.1	SRR1746777	6.483841117978451
RP11-462G12.1	SRR1746778	3.780653283745729
RP11-462G12.1	SRR1746779	7.769545777571823
RP11-462G12.1	SRR1746780	2.6477311043916525
RP11-462G12.1	SRR1746781	11.797123813501793
RP11-462G12.1	SRR1746782	7.0319829701705245
RP11-462G12.1	SRR1746783	9
RP11-462G12.1	SRR1746784	4
RP11-462G12.1	SRR1782685	3.0491103946291127
RP11-462G12.1	SRR1782686	2.0490370135679346
RP11-462G12.1	SRR1782687	3.037337042746582
RP11-462G12.1	SRR1782688	4.067774494065287
RP11-462G12.1	SRR1782689	7.12760241878285
RP11-462G12.1	SRR1782690	2.0418963943187842
RP11-462G12.1	SRR1782691	5.009002998101856
RP11-462G12.1	SRR1782692	4.033586131521403
RP11-462G12.1	SRR1782693	1.009155613559072
RP11-462G12.1	SRR1782694	5.081423198647947
RP11-462G12.1	SRR1782695	1.0007198511622537
RP11-462G12.1	SRR1782696	5.017035518738878
RP11-462G12.1	SRR1782697	4.035578517731348
RP11-462G12.1	SRR1782698	8.016935350692052
RP11-462G12.1	SRR1782699	2.049956360817607
RP11-462G12.1	SRR1782700	2.0155200611744406
RP11-462G12.1	SRR1782701	6.03826693374606
RP11-462G12.1	SRR1782702	2.0216779406141923
RP11-462G12.1	SRR1782703	4.015795131377398
RP11-462G12.1	SRR1782704	3.047999171646128
RP11-462G12.1	SRR1782705	5.123139608352615
RP11-462G12.1	SRR1782706	7.018058662360862
RP11-462G12.1	SRR1782707	1.0038986591209549
RP11-462G12.1	SRR1782708	3.1614064460434634
RP11-462G12.1	SRR1782709	2.1002723873830402
RP11-462G12.1	SRR1782710	3
RP11-462G12.1	SRR1782711	4.046593767311506
RP11-462G12.1	SRR1782712	4.048508829471243
RP11-462G12.1	SRR1782713	4.088763120578002
RP11-462G12.1	SRR1782714	3.2619791934459914
RP11-462G12.1	SRR1782715	14.03506936505921
RP11-462G12.1	SRR1782716	3.045488267021799
RP11-462G12.1	SRR1782717	9.007426494614762
RP11-462G12.1	SRR1782718	4.0587578997914635
RP11-462G12.1	SRR1782719	5.037070283804621
RP11-462G12.1	SRR1782720	5.088893054577171
RP11-462G12.1	SRR1782721	11.217593509927907
RP11-462G12.1	SRR1782722	1.0008998949047658
RP11-462G12.1	SRR1782723	3.006799724998818
RP11-462G12.1	SRR1782724	2.023148159880542
RP11-462G12.1	SRR1782725	3.207297816475087
RP11-462G12.1	SRR1782726	2.01536308134806
RP11-462G12.1	SRR1782727	5
RP11-462G12.1	SRR1782728	2.0613570426421455
RP11-462G12.1	SRR1782729	2.8641315422247886
RP11-462G12.1	SRR1782730	8.011521764081627
RP11-462G12.1	SRR1782731	3.0987011540411613
RP11-462G12.1	SRR1782732	1.0797441103980587
RP11-462G12.1	SRR1782733	5.049632936970057
RP11-462G12.1	SRR1782734	5.031714519306234
RP11-462G12.1	SRR1782735	2.0094043779825483
RP11-462G12.1	SRR1782736	1.01871989576969
RP11-462G12.1	SRR1782737	5.0083920180853285
RP11-462G12.1	SRR1782738	3.149701482955299
RP11-462G12.1	SRR1782739	4.0420869932242125
RP11-462G12.1	SRR1782740	1.01204669428906
RP11-462G12.1	SRR1782741	1.0546801002769515
RP11-462G12.1	SRR1782742	7
RP11-462G12.1	SRR1782743	6.012252594810205
RP11-462G12.1	SRR1782744	4.020238535880339
RP11-462G12.1	SRR1782745	1.0123427036165962
RP11-462G12.1	SRR1782746	2.0406081421297304
RP11-462G12.1	SRR1782747	6.045721378153655
RP11-462G12.1	SRR1782748	2.030059894316004
RP11-462G12.1	SRR1782749	3.0392287927474473
RP11-462G12.1	SRR1782750	4.005635626867641
RP11-462G12.1	SRR1782751	3.0476864578114315
RP11-462G12.1	SRR1782752	5.034299201927988
RP11-462G12.1	SRR1782753	1.001063202890274
RP11-462G12.1	SRR1782754	2.0171361574878435
RP11-462G12.1	SRR1782755	3.008280561852223
RP11-462G12.1	SRR1782756	1.0456381683839602
RP11-462G12.1	SRR1782757	2.0029416683612196
RP11-462G12.1	SRR1782758	4.007202398481485
RP11-462G12.1	SRR1782759	4.0178961507305635
RP11-462G12.1	SRR1782760	2.0290950797560057
RP11-462G12.1	SRR1782761	3.371550528808613
RP11-462G12.1	SRR1782762	2.129851061580111
RP11-462G12.1	SRR1782763	4.022124940585535
RP11-462G12.1	SRR1782764	7.008511508059449
RP11-462G12.1	SRR1782765	5.01652375957676
RP11-462G12.1	SRR1782766	3.032548151973155
RP11-462G12.1	SRR1782767	1.0099364157227675
RP11-462G12.1	SRR1782768	12.07999987997314
RP11-462G12.1	SRR1782769	8.06976418182903
RP11-462G12.1	SRR1782770	3.0142271576488495
RP11-462G12.1	SRR1782771	5.034146231081273
RP11-462G12.1	SRR1782772	4.021862603428772
RP11-462G12.1	SRR1782773	4.017663029699661
RP11-462G12.1	SRR1782774	3.007657181035915
RP11-462G12.1	SRR1782775	6.121834321796764
RP11-462G12.1	SRR1782776	3.045699285448291
RP11-462G12.1	SRR1782777	4.000719656924175
RP11-462G12.1	SRR1782778	10.018586198168055
RP11-462G12.1	SRR1782779	3.085287154970837
RP11-462G12.1	SRR1782780	2.0262940374308873
RP11-462G12.1	SRR1782781	6.212154268399773
RP11-462G12.1	SRR1782782	2.041712884159413
RP11-462G12.1	SRR1782783	2.0128704776903463
RP11-462G12.1	SRR1782784	3.0102717334750446
RP11-462G12.1	SRR1782785	4.004319884158837
RP11-462G12.1	SRR1782786	1.0254091193769634
RP11-462G12.1	SRR1782787	3
RP11-462G12.1	SRR1782788	2.0075977509956084
RP11-462G12.1	SRR1782789	1.0173768425012382
RP11-462G12.1	SRR1782790	3.017035359990827
RP11-462G12.1	SRR1782791	3.0180494270185942
RP11-462G12.1	SRR1782792	3.0207648450618207
RP11-462G12.1	SRR1782793	2.0750307773925294
RP11-462G12.1	SRR1782794	3.0207633152991202
RP11-462G12.1	SRR1782795	5.107265915387512
RP11-462G12.1	SRR1782796	2.1601551061632147
RP11-462G12.1	SRR1782797	6.154226036256727
RP11-462G12.1	SRR1782798	3.0590810061696194
RP11-462G12.1	SRR1782799	3.004861181572238
RP11-462G12.1	SRR1782800	4.007202398481485
RP11-462G12.1	SRR1782801	5.028115798100353
RP11-462G12.1	SRR1782802	10.0746468119409
RP11-462G12.1	SRR1782803	6.02226035926567
RP11-462G12.1	SRR1782804	4.011009376013787
RP11-462G12.1	SRR1782805	2.0036011992407423
RP11-462G12.1	SRR1782806	6.016315224995106
RP11-462G12.1	SRR1782807	2.0713989413507674
RP11-462G12.1	SRR1782808	4.107308083314112
RP11-462G12.1	SRR1782809	5.068763645299424
RP11-462G12.1	SRR1782810	4.067735841613158
RP11-462G12.1	SRR1782811	4.012606825804338
RP11-462G12.1	SRR1782812	3.0385427185445946
RP11-462G12.1	SRR1782813	4.02526636252875
RP11-462G12.1	SRR1782814	5.065880096414977
RP11-462G12.1	SRR1782815	3.1874875226116863
RP11-462G12.1	SRR1782816	4.002159359225385
RP11-462G12.1	SRR1782817	3.0107725999610953
RP11-462G12.1	SRR1782818	1.0140695526855483
RP11-462G12.1	SRR1782819	2.0561332195727338
RP11-462G12.1	SRR1782820	1.0360618097617436
RP11-462G12.1	SRR1782821	3.0081983013648843
RP11-462G12.1	SRR1782822	3.024095985085587
RP11-462G12.1	SRR1782823	5.0193853149202345
RP11-462G12.1	SRR1782824	2.0115194706454256
RP11-462G12.1	SRR1782825	5.029243661566032
RP11-462G12.1	SRR1782826	2.013903772637601
RP11-462G12.1	SRR1782827	3.0406978011147663
RP11-462G12.1	SRR1782828	8
RP11-462G12.1	SRR1782829	4
RP11-462G12.1	SRR1782830	4.157970690125942
RP11-462G12.1	SRR1782831	1.0739194225513655
RP11-462G12.1	SRR1782832	2.0658368784194034
RP11-462G12.1	SRR1782833	4.093331264092489
RP11-462G12.1	SRR1782834	5.000899571155219
RP11-462G12.1	SRR1782835	4.462463063644512
RP11-462G12.1	SRR1782836	9.461683803602401
RP11-462G12.1	SRR1782837	7.19693429459783
RP11-462G12.1	SRR1782838	2.0268035153163715
RP11-462G12.1	SRR1782839	2.028484970282542
RP11-462G12.1	SRR1782840	2.017171972024777
RP11-462G12.1	SRR1782841	3.045804840474119
RP11-462G12.1	SRR1782842	7
RP11-462G12.1	SRR1782843	2.0497786207567628
RP11-462G12.1	SRR1782844	6.0017110338875606
RP11-462G12.1	SRR1782845	2.038386884880427
RP11-462G12.1	SRR1782846	6.03360446797094
RP11-462G12.1	SRR1782847	1.2341754014728283
RP11-462G12.1	SRR1782848	2.4679248494336052
RP11-462G12.1	SRR1782849	1.2407817669595906
RP11-462G12.1	SRR1782850	2.5047808348424283
RP11-462G12.1	SRR1782851	2.5280171151217217
RP11-462G12.1	SRR1782852	1.264344673893091
RP11-462G12.1	SRR1782853	2.5182689130765783
RP11-462G12.1	SRR1782854	4.0130963287377925
RP11-462G12.1	SRR1782855	7.016885094431553
RP11-462G12.1	SRR1782856	2.010688340110186
RP11-462G12.1	SRR1782857	3.0216762516339046
RP11-462G12.1	SRR1782858	5.005399855198546
RP11-462G12.1	SRR1782859	6.009722363144476
RP11-462G12.1	SRR1782860	6.013599449997636
RP11-462G12.1	SRR1782861	4.007485225341474
RP11-462G12.1	SRR1782862	1.0047190180949654
RP11-462G12.1	SRR1782863	5.013289507199537
RP11-462G12.1	SRR1782864	2.026432990176495
RP11-462G12.1	SRR1782865	3.0128478064334607
RP11-462G12.1	SRR1782866	4.014118042549502
RP11-462G12.1	SRR1782867	2.0341090098161065
RP11-462G12.1	SRR1782868	4.014663207989365
RP11-462G12.1	SRR1782869	5.017563507290028
RP11-462G12.1	SRR1782870	5.012524773235432
RP11-462G12.1	SRR1782871	4.021524366046654
RP11-462G12.1	SRR1782872	3.0083375949121414
RP11-462G12.1	SRR1782873	6.028028859255139
RP11-462G12.1	SRR1782874	2.0130048691241282
RP11-462G12.1	SRR1782875	6.03111810564661
RP11-462G12.1	SRR1782876	3.0119481304571614
RP11-462G12.1	SRR1782877	4.013695644633393
RP11-462G12.1	SRR1782878	4.032226181794882
RP11-462G12.1	SRR1782879	3.0444193898500407
RP11-462G12.1	SRR1782880	3.0127149570551186
RP11-462G12.1	SRR1782881	4.0167076936763575
RP11-462G12.1	SRR1782882	5.017647553186879
RP11-462G12.1	SRR1782883	4.007324897229754
RP11-462G12.1	SRR1782884	5.0035992558112685
RP11-462G12.1	SRR1782885	8
RP11-462G12.1	SRR1782886	6.03342879124302
RP11-462G12.1	SRR1782887	10.009304920576113
RP11-462G12.1	SRR1782888	6.0197082707335445
RP11-462G12.1	SRR1782889	5.021787945690492
RP11-462G12.1	SRR1782890	4.006182444909256
RP11-462G12.1	SRR1782891	4.002879404649015
RP11-462G12.1	SRR1782892	5.009293099084028
RP11-462G12.1	SRR1782893	6.023527981080785
RP11-462G12.1	SRR1782894	6.0695586969982
RP11-462G12.1	SRR1782895	5.018550299388059
RP11-462G12.1	SRR1782896	5.010805542084326
RP11-462G12.1	SRR1782897	5.014038191966806
RP11-462G12.1	SRR1782898	4.009066299998424
RP11-462G12.1	SRR1782899	11.041723228768573
RP11-462G12.1	SRR1782900	4.004319884158837
RP11-462G12.1	SRR1782901	3.003015686275408
RP11-462G12.1	SRR1782902	2
RP11-462G12.1	SRR1782903	6.01531436207183
RP11-462G12.1	SRR1782904	5
RP11-462G12.1	SRR1782905	5.010584594182531
RP11-462G12.1	SRR1782906	1.0064221997611569
RP11-462G12.1	SRR1782907	3.0147234207710762
RP11-462G12.1	SRR1782908	4.012374445474776
RP11-462G12.1	SRR1782909	5.017272927347353
RP11-462G12.1	SRR1782910	7
RP11-462G12.1	SRR1782911	2.014081387690423
RP11-462G12.1	SRR1782912	10.488720548074127
RP11-462G12.1	SRR1782913	6
RP11-462G12.1	SRR1782914	5.014038191966806
RP11-462G12.1	SRR1782915	6
RP11-462G12.1	SRR1782916	1.010869575218145
RP11-462G12.1	SRR1782917	5.016196564226204
RP11-462G12.1	SRR1782918	4.004319884158837
RP11-462G12.1	SRR1782919	5
RP11-462G12.1	SRR1782920	6.006479826238255
RP11-462G12.1	SRR1782921	5.01043142708063
RP11-462G12.1	SRR1782922	1.1868611598736958
RP11-462G12.1	SRR1782923	6.033833386781842
RP11-462G12.1	SRR1782924	7.036304456587711
RP11-462G12.1	SRR1782925	4.014211403039025
RP11-462G12.1	SRR1782926	7.052039255583133
RP11-462G12.1	SRR1782927	4.011652692065468
RP11-462G12.1	SRR1782928	4.029189505150583
RP11-462G12.1	SRR1782929	5.043858917610754
RP11-462G12.1	SRR1782930	2.005881196224182
RP11-462G12.1	SRR1782931	6.016396602729769
RP11-462G12.1	SRR1782932	3.0112541324547166
RP11-462G12.1	SRR1782933	1.0653997108487636
RP11-462G12.1	SRR1782934	6.035644114872649
RP11-462G12.1	SRR1782935	3.0136565074435158
RP11-462G12.1	SRR1782936	4.1038889995952275
RP11-462G12.1	SRR1782937	9.071676929819908
RP11-462G12.1	SRR1782938	1.258100037900621
RP11-462G12.1	SRR1782939	6.02874655441392
RP11-462G12.1	SRR1782940	3.008015914005921
RP11-462G12.1	SRR1782941	3.0237777652852036
RP11-462G12.1	SRR1782942	8.032215856056904
RP11-462G12.1	SRR1782943	7.033033126664758
RP11-462G12.1	SRR1782944	3.0039542053939035
RP11-462G12.1	SRR1782945	2.010762183023327
RP11-462G12.1	SRR1782946	4.0086444336674605
RP11-462G12.1	SRR1782947	5.01072161079157
RP11-462G12.1	SRR1782948	3
RP11-462G12.1	SRR1782949	5.012608734731772
RP11-462G12.1	SRR1782950	4
RP11-462G12.1	SRR1782951	2.00672571845228
RP11-462G12.1	SRR1782952	4.242466954854418
RP11-462G12.1	SRR1782953	2.0038120565269457
RP11-462G12.1	SRR1782954	4.505666135466209
RP11-462G12.1	SRR1782955	4.137016492746825
RP11-462G12.1	SRR1782956	8.122272900030735
RP11-462G12.1	SRR1782957	1.0197859199459323
RP11-462G12.1	SRR1782958	7.038836546958161
RP11-462G12.1	SRR1782959	3.1757746185212667
RP11-462G12.1	SRR1782960	6
RP11-462G12.1	SRR1782961	9.03290373979819
RP11-462G12.1	SRR1782962	4.029735537198075
RP11-462G12.1	SRR1782963	3.020938265564674
RP11-462G12.1	SRR1782964	7.00292458310165
RP11-462G12.1	SRR1782965	7.02206194515759
RP11-462G12.1	SRR1782966	9
RP11-462G12.1	SRR1782967	6.024795869716822
RP11-462G12.1	SRR1782968	10.010799710397093
RP11-462G12.1	SRR1782969	3.0373104242953004
RP11-462G12.1	SRR1782970	6.076963692129302
RP11-462G12.1	SRR1782971	3.0513913366325527
RP11-462G12.1	SRR1782972	5.028646425581429
RP11-462G12.1	SRR1782973	5.258729958816607
RP11-462G12.1	SRR1782974	6
RP11-462G12.1	SRR1782975	1.0401318016702708
RP11-462G12.1	SRR1782976	2.019896566975314
RP11-462G12.1	SRR1782977	5.00179930415609
RP11-462G12.1	SRR1782978	2.0339428645616002
RP11-462G12.1	SRR1782979	4.0341432822199375
RP11-462G12.1	SRR1782980	4.0071352776014555
RP11-462G12.1	SRR1782981	5.062521588157823
RP11-462G12.1	SRR1782982	3.017596741865666
RP11-462G12.1	SRR1782983	6.006031372550816
RP11-462G12.1	SRR1782984	7.0025190258185255
RP11-462G12.1	SRR1782985	4.027470346860163
RP11-462G12.1	SRR1782986	1.0030629480920839
RP11-462G12.1	SRR1782987	8.010325501891796
RP11-462G12.1	SRR1782988	3
RP11-462G12.1	SRR1782989	3.1309200632245027
RP11-462G12.1	SRR1782990	1.0139756387641055
RP11-462G12.1	SRR1782991	4.016830482998112
RP11-462G12.1	SRR1782992	2.004893794039496
RP11-462G12.1	SRR1782993	2.042898393680232
RP11-462G12.1	SRR1782994	5
RP11-462G12.1	SRR1782995	2.0169826997724676
RP11-462G12.1	SRR1782996	7
RP11-462G12.1	SRR1782997	2.0090429225700004
RP11-462G12.1	SRR1782998	3.011130179632835
RP11-462G12.1	SRR1782999	3.066266958058578
RP11-462G12.1	SRR1783000	7.02770987099125
RP11-462G12.1	SRR1783001	3.05078667891967
RP11-462G12.1	SRR1783002	2.114614146023621
RP11-462G12.1	SRR1783003	4
RP11-462G12.1	SRR1783004	2.0092582011050877
RP11-462G12.1	SRR1783005	3.0488755080168453
RP11-462G12.1	SRR1783006	4.0974066898109545
RP11-462G12.1	SRR1813867	6.3064719720580955
RP11-462G12.1	SRR1813868	2.0400341145170353
RP11-462G12.1	SRR1813869	4.042344792350933
RP11-462G12.1	SRR1813870	5.043433970607907
RP11-462G12.1	SRR1813871	7.902289859640247
RP11-462G12.1	SRR1813872	5.033911684281228
RP11-462G12.1	SRR1813873	6.810897750221532
RP11-462G12.1	SRR1813874	2.02180759276634
RP11-462G12.1	SRR1813875	3
RP11-462G12.1	SRR1813876	1.0053946904725954
RP11-462G12.1	SRR1813877	10.87142897902602
RP11-462G12.1	SRR1813878	5.0035992558112685
RP11-462G12.1	SRR1813879	9
RP11-462G12.1	SRR1813880	1
RP11-462G12.1	SRR1813881	4.085049974481696
RP11-462G12.1	SRR1813882	5.892231936799281
RP11-462G12.1	SRR1813883	1.0008831297716165
RP11-462G12.1	SRR1813884	3.0411240850658077
RP11-462G12.1	SRR1813885	7
RP11-462G12.1	SRR1813886	3.0037802387187362
RP11-462G12.1	SRR1813887	9.100517043302688
RP11-462G12.1	SRR1928188	199.61881124746435
RP11-462G12.1	SRR1928189	250.81704669562382
RP11-462G12.1	SRR1928190	283.46122117867316
RP11-462G12.1	SRR1928191	379.21741837515003
RP11-462G12.1	SRR1928192	98.24228401402628
RP11-462G12.1	SRR1928193	151.26706682927653
RP11-462G12.1	SRR2046996	3.0256172165909305
RP11-462G12.1	SRR2046997	3.0329671690634554
RP11-462G12.1	SRR2046998	2.0400281439973136
RP11-462G12.1	SRR2046999	11.083616576972265
RP11-462G12.1	SRR2047000	22.232110850778295
RP11-462G12.1	SRR2047001	8.074426899058247
RP11-462G12.1	SRR2047002	5.093239041414289
RP11-462G12.1	SRR2047003	2.047036370888518
RP11-462G12.1	SRR2047004	17.133033483373033
RP11-462G12.1	SRR2047005	8.064288921308192
RP11-462G12.1	SRR2047006	5.075135411640726
RP11-462G12.1	SRR2047007	3.078243654233631
RP11-462G12.1	SRR2047008	14.17381039601208
RP11-462G12.1	SRR2047009	5.091836223600657
RP11-462G12.1	SRR2313973	6.077937953854351
RP11-462G12.1	SRR2313974	1.0076249418264847
RP11-462G12.1	SRR2313975	5.052222254424342
RP11-462G12.1	SRR2313976	3.044739781957438
RP11-462G12.1	SRR2313977	2.0175235022652362
RP11-462G12.1	SRR2313978	6.162815438056233
RP11-462G12.1	SRR2313979	1.0105196019933347
RP11-462G12.1	SRR2313980	7.041251605167353
RP11-462G12.1	SRR2313981	4.014401357513088
RP11-462G12.1	SRR2313982	2.0267398091053517
RP11-462G12.1	SRR2313983	3.0512541539184914
RP11-462G12.1	SRR2313984	5.027365011296985
RP11-462G12.1	SRR2313985	3.058668218266419
RP11-462G12.1	SRR2313986	14.087570951645606
RP11-462G12.1	SRR2313987	5.016877823964305
RP11-462G12.1	SRR2313988	3.027425891183769
RP11-462G12.1	SRR2313989	1.010807774207177
RP11-462G12.1	SRR2313990	4.063260752129257
RP11-462G12.1	SRR2313991	6.101109251763291
RP11-462G12.1	SRR2313992	3.0461192274892075
RP11-462G12.1	SRR2313993	1.0105059337128883
RP11-462G12.1	SRR2313994	3.0664777011289726
RP11-462G12.1	SRR2313995	7.0299782150114085
RP11-462G12.1	SRR2313996	2.009076574722882
RP11-462G12.1	SRR2313997	3.0368424376312158
RP11-462G12.1	SRR2313998	2.049698598820605
RP11-462G12.1	SRR2313999	4.03771778969395
RP11-462G12.1	SRR2314000	3.026181261184906
RP11-462G12.1	SRR2314001	1.0141174746934551
RP11-462G12.1	SRR2314002	2.021786172111978
RP11-462G12.1	SRR2314003	2.044069578024088
RP11-462G12.1	SRR2314004	2.0160026443636276
RP11-462G12.1	SRR2314005	3.0287158282933193
RP11-462G12.1	SRR2314006	3.0577074184298056
RP11-462G12.1	SRR2314007	6.0363630748372366
RP11-462G12.1	SRR2314008	5.006590342323173
RP11-462G12.1	SRR2314009	2.016585512011412
RP11-462G12.1	SRR2314010	9.059727876647047
RP11-462G12.1	SRR2314011	2.0143827606467353
RP11-462G12.1	SRR2314012	1.0074128921171241
RP11-462G12.1	SRR2314013	3.0360195047442904
RP11-462G12.1	SRR2314014	2.0233041709417194
RP11-462G12.1	SRR2314015	2.0156544565433743
RP11-462G12.1	SRR2314016	3.009800240578199
RP11-462G12.1	SRR2314017	3.0595215440221906
RP11-462G12.1	SRR2314018	3.11348942274663
RP11-462G12.1	SRR2314019	7.023657661269213
RP11-462G12.1	SRR2314020	2.0334119323109014
RP11-462G12.1	SRR2314021	1.0050805771159577
RP11-462G12.1	SRR2314022	3.037005016447041
RP11-462G12.1	SRR2314023	2.019860278641104
RP11-462G12.1	SRR2314024	6.079821350738621
RP11-462G12.1	SRR2314025	3.0150042851841876
RP11-462G12.1	SRR2314026	1.022744558399226
RP11-462G12.1	SRR2314027	2.015162762094324
RP11-462G12.1	SRR2314028	2.005765030511049
RP11-462G12.1	SRR2314029	5.011707057310339
RP11-462G12.1	SRR2314030	8.038217658514165
RP11-462G12.1	SRR2314031	5.088328839606582
RP11-462G12.1	SRR2314032	1.0178177461498867
RP11-462G12.1	SRR2314033	2.04933827144627
RP11-462G12.1	SRR2314034	3.089388988734295
RP11-462G12.1	SRR2314035	1.0473841672111144
RP11-462G12.1	SRR2314036	2.0350617121770678
RP11-462G12.1	SRR2314037	2.0278356743201864
RP11-462G12.1	SRR2314038	8.046432684300425
RP11-462G12.1	SRR2314039	3.0337393470012004
RP11-462G12.1	SRR2314040	5.198080375249118
RP11-462G12.1	SRR2314041	4.030571939182954
RP11-462G12.1	SRR2314042	9.03673704478072
RP11-462G12.1	SRR2314043	2.0184815719321203
RP11-462G12.1	SRR2314044	2.008511636452558
RP11-462G12.1	SRR2314045	3.022846293344182
RP11-462G12.1	SRR3493774	9
RP11-462G12.1	SRR3493775	1
RP11-462G12.1	SRR3493776	2.7863420810402317
RP11-462G12.1	SRR3493777	6.004319106973522
RP11-462G12.1	SRR3493778	3
RP11-462G12.1	SRR3493779	2.0071481128932227
RP11-462G12.1	SRR3493780	1.0498945968332396
RP11-462G12.1	SRR3493781	8
RP11-462G12.1	SRR3493782	2.017069900012502
RP11-462G12.1	SRR3493783	3.0082620449182915
RP11-462G12.1	SRR3493784	1.0208098579484606
RP11-462G12.1	SRR3493785	5.004499474523829
RP11-462G12.1	SRR3493786	3.122184188178014
RP11-462G12.1	SRR3493787	5
RP11-462G12.1	SRR3493788	4
RP11-462G12.1	SRR3493789	3.0548367002394525
RP11-462G12.1	SRR3493790	4
RP11-462G12.1	SRR3493791	2.0029416683612196
RP11-462G12.1	SRR3493792	5.0035992558112685
RP11-462G12.1	SRR3493793	6.058916658632547
RP11-462G12.1	SRR3493794	5.015661434909286
RP11-462G12.1	SRR3493795	8.02974460764108
RP11-462G12.1	SRR3493796	3.025153073591
RP11-462G12.1	SRR3493797	2
RP11-462G12.1	SRR3493798	6.067132547816712
RP11-462G12.1	SRR3493799	2
RP11-462G12.1	SRR3493800	6.043515991264744
RP11-462G12.1	SRR3493801	4.036856675369553
RP11-462G12.1	SRR3493802	1
RP11-462G12.1	SRR3493803	7
RP11-462G12.1	SRR3493804	7.005038958135776
RP11-462G12.1	SRR3493805	2.0047989259602277
RP11-462G12.1	SRR3493806	7
RP11-462G12.1	SRR3493807	7
RP11-462G12.1	SRR3493808	2.0041725708322518
RP11-462G12.1	SRR3493809	7.023657661269213
RP11-462G12.1	SRR3493810	3
RP11-462G12.1	SRR3493811	3
RP11-462G12.1	SRR3493812	2.0014397023245074
RP11-462G12.1	SRR3493813	1.0019060282634729
RP11-462G12.1	SRR3493814	4
RP11-462G12.1	SRR3493815	4.465103184309717
RP11-462G12.1	SRR3493816	7
RP11-462G12.1	SRR3493817	4.011652692065468
RP11-462G12.1	SRR3493818	4.014350523861081
RP11-462G12.1	SRR3493819	4
RP11-462G12.1	SRR3493820	1.1220654621967874
RP11-462G12.1	SRR3493821	3.0351111314732964
RP11-462G12.1	SRR3493822	4
RP11-462G12.1	SRR3493823	4.729758755492654
RP11-462G12.1	SRR3493824	4.685660757447206
RP11-462G12.1	SRR3493825	3.0039542053939035
RP11-462G12.1	SRR3493826	8.00575880929803
RP11-462G12.1	SRR3493827	4
RP11-462G12.1	SRR3493828	4
RP11-462G12.1	SRR3493829	1.0023994629801138
RP11-462G12.1	SRR3493830	5.591172113446982
RP11-462G12.1	SRR3493831	3.0136467910801934
RP11-462G12.1	SRR3493832	8.00143931384835
RP11-462G12.1	SRR3493833	6.4220504884642144
RP11-462G12.1	SRR3493834	3
RP11-462G12.1	SRR3493835	1.005268691618604
RP11-462G12.1	SRR3493836	9
RP11-462G12.1	SRR3493837	9.00700027889539
RP11-462G12.1	SRR3493838	5
RP11-462G12.1	SRR3493839	3.025021406756665
RP11-462G12.1	SRR3493840	14.274179105657142
RP11-462G12.1	SRR3493841	8.017533952996462
RP11-462G12.1	SRR3493846	4.091367847527882
RP11-462G12.1	SRR3493847	2.073402011474971
RP11-462G12.1	SRR3493848	7.0025190258185255
RP11-462G12.1	SRR3493849	3.101165012111901
RP11-462G12.1	SRR3493850	3
RP11-462G12.1	SRR3714631	8
RP11-462G12.1	SRR3714632	2.011246319240141
RP11-462G12.1	SRR3714633	2.0232100067982928
RP11-462G12.1	SRR3714634	9.060040896268612
RP11-462G12.1	SRR3714635	13
RP11-462G12.1	SRR3714636	17
RP11-462G12.1	SRR3714637	4
RP11-462G12.1	SRR3714638	12
RP11-462G12.1	SRR3714639	12.761448379281154
RP11-462G12.1	SRR3714640	5.24461165401056
RP11-462G12.1	SRR3714641	14.00849419351557
RP11-462G12.1	SRR3714642	8.841627879440503
RP11-462G12.1	SRR3714643	3.9481756803658254
RP11-462G12.1	SRR3714644	8.955253549905603
RP11-462G12.1	SRR3714645	5.032757623207707
RP11-462G12.1	SRR3714646	7.0025190258185255
RP11-462G12.1	SRR3714648	15.894516931821048
RP11-462G12.1	SRR3714649	9.697357325395568
RP11-462G12.1	SRR3714650	4.0275448374789455
RP11-462G12.1	SRR3714651	4.087787863667551
RP11-462G12.1	SRR3714652	5.381689009934481
RP11-462G12.1	SRR3714653	18
RP11-462G12.1	SRR3714654	9
RP11-462G12.1	SRR3714655	10.007504428112261
RP11-462G12.1	SRR3714656	6.579581484096305
RP11-462G12.1	SRR3714657	16.305034880790675
RP11-462G12.1	SRR3714658	12.545485278063753
RP11-462G12.1	SRR3714659	6.286420284382396
RP11-462G12.1	SRR3714660	7
RP11-462G12.1	SRR3714661	14
RP11-462G12.1	SRR3714662	8.088140599837422
RP11-462G12.1	SRR3714663	7.005253099678583
RP11-462G12.1	SRR3714664	8.117336920657541
RP11-462G12.1	SRR3714665	6
RP11-462G12.1	SRR3714666	3
RP11-462G12.1	SRR3714667	1.2952570428465566
RP11-462G12.1	SRR3714668	11
RP11-462G12.1	SRR3714669	19.894203570616888
RP11-462G12.1	SRR3714670	6.080868272564636
RP11-462G12.1	SRR3714671	15.018901193593683
RP11-462G12.1	SRR3714672	8.021972991659299
RP11-462G12.1	SRR3714673	16.61768628101698
RP11-462G12.1	SRR3714674	7.4226350245508526
RP11-462G12.1	SRR3714675	8.29284121759356
RP11-462G12.1	SRR3714676	6
RP11-462G12.1	SRR3714677	20.047441053631207
RP11-462G12.1	SRR3714678	6.765226466087718
RP11-462G12.1	SRR3714679	8.012963150859301
RP11-462G12.1	SRR3714680	9.015532231822318
RP11-462G12.1	SRR3714681	10.035601881766363
RP11-462G12.1	SRR3714682	22.529089364379004
RP11-462G12.1	SRR3714683	6.012517712496756
RP11-462G12.1	SRR3714684	9.992068241833937
RP11-462G12.1	SRR3714685	22.0386413706006
RP11-462G12.1	SRR3714686	4.824224449444726
RP11-462G12.1	SRR3714688	7.052252768358629
RP11-462G12.1	SRR3714689	14.695016346000722
RP11-462G12.1	SRR3714690	12.767940506845735
RP11-462G12.1	SRR3714691	10
RP11-462G12.1	SRR3714692	15.47541857333025
RP11-462G12.1	SRR3714693	10.192813132417397
RP11-462G12.1	SRR3714694	16.749002746023898
RP11-462G12.1	SRR3714695	19.287347095013804
RP11-462G12.1	SRR3714696	30
RP11-462G12.1	SRR3714697	9.0828894130043345
RP11-462G12.1	SRR3714698	4.052853086595881
RP11-462G12.1	SRR3714699	9.160798531279239
RP11-462G12.1	SRR3714700	4.092646643493718
RP11-462G12.1	SRR3714701	8.251949107900598
RP11-462G12.1	SRR3714702	27.34526040748531
RP11-462G12.1	SRR3714703	8.008505623122192
RP11-462G12.1	SRR3714704	8.063557221017918
RP11-462G12.1	SRR3714705	17.416289971999017
RP11-462G12.1	SRR3714706	5.175425363876178
RP11-462G12.1	SRR3714707	5.0035992558112685
RP11-462G12.1	SRR3714708	4.093065740818727
RP11-462G12.1	SRR3714709	11.714249730759482
RP11-462G12.1	SRR3714710	8.468730002358022
RP11-462G12.1	SRR3714711	8.810850348171623
RP11-462G12.1	SRR3714712	5
RP11-462G12.1	SRR3714713	23
RP11-462G12.1	SRR3714714	11
RP11-462G12.1	SRR3714715	7.033773277089619
RP11-462G12.1	SRR3714716	16
RP11-462G12.1	SRR3714717	7
RP11-462G12.1	SRR3714718	3
RP11-462G12.1	SRR3714719	7.970746098798994
RP11-462G12.1	SRR3714720	13.16380432781807
RP11-462G12.1	SRR3714721	10.11485257279794
RP11-462G12.1	SRR3714723	14.743006499529146
RP11-462G12.1	SRR3714724	8.023550653715251
RP11-462G12.1	SRR3714725	8.099429779118172
RP11-462G12.1	SRR3714726	7.89914153798764
RP11-462G12.1	SRR3714727	24.885059940764112
RP11-462G12.1	SRR3714728	6.04967470707337
RP11-462G12.1	SRR3714729	4.104906660802537
RP11-462G12.1	SRR3714730	14.581446702362213
RP11-462G12.1	SRR3714731	31.005577341162354
RP11-462G12.1	SRR3714732	9.818820371946082
RP11-462G12.1	SRR3714734	5.90993163628958
RP11-462G12.1	SRR3714735	5.469007123653887
RP11-462G12.1	SRR3714736	5.942759809984379
RP11-462G12.1	SRR3714737	9
RP11-462G12.1	SRR3714738	10.07016132978
RP11-462G12.1	SRR3714739	6.829557902798847
RP11-462G12.1	SRR3714740	12.553949670837092
RP11-462G12.1	SRR3714741	9.009719739357383
RP11-462G12.1	SRR3714744	11.502794372887575
RP11-462G12.1	SRR3714745	3.1220355995125932
RP11-462G12.1	SRR3714746	5.042748787917895
RP11-462G12.1	SRR3714747	12.785932564503085
RP11-462G12.1	SRR3714748	5.7480586094576545
RP11-462G12.1	SRR3714749	2.04176381265973
RP11-462G12.1	SRR3714750	14.682607461406665
RP11-462G12.1	SRR3714751	7.007559797277965
RP11-462G12.1	SRR3714752	32
RP11-462G12.1	SRR3714753	12.094876918452783
RP11-462G12.1	SRR3714754	9
RP11-462G12.1	SRR3714755	5.57873992265597
RP11-462G12.1	SRR3714756	1.0216801788447836
RP11-462G12.1	SRR3714757	10.988495961735891
RP11-462G12.1	SRR3714758	18.958091312615892
RP11-462G12.1	SRR3714759	16.245013251484103
RP11-462G12.1	SRR3714760	4.003599579619063
RP11-462G12.1	SRR3714761	11.003958469143397
RP11-462G12.1	SRR3714762	19.83228161728381
RP11-462G12.1	SRR3714764	2
RP11-462G12.1	SRR3714765	6.098633819798673
RP11-462G12.1	SRR3714766	4
RP11-462G12.1	SRR3714767	7.544690454307294
RP11-462G12.1	SRR3714768	5
RP11-462G12.1	SRR5176628	6.041617461882352
RP11-462G12.1	SRR5176629	2.011538457037742
RP11-462G12.1	SRR5176630	10.02266574999606
RP11-462G12.1	SRR5176631	4.039170806173973
RP11-462G12.1	SRR5176632	6.017112912955865
RP11-462G12.1	SRR5176633	3.019584344332581
RP11-462G12.1	SRR5176634	2.0796637104046134
RP11-462G12.1	SRR5176635	3.018578041654602
RP11-462G12.1	SRR5176636	5.1313787557012915
RP11-462G12.1	SRR5176637	3.0889920543979517
RP11-462G12.1	SRR5176638	11.227010298695483
RP11-462G12.1	SRR5176639	6
RP11-462G12.1	SRR5176640	4.176791767450469
RP11-462G12.1	SRR5176641	2.029728974754368
RP11-462G12.1	SRR5176642	4.007624113053891
RP11-462G12.1	SRR5176643	3.0051774106074394
RP11-462G12.1	SRR5176644	4.000719656924175
RP11-462G12.1	SRR5176645	6.23282302365884
RP11-462G12.1	SRR5176646	3.056014180077734
RP11-462G12.1	SRR5176647	6.03517402559718
RP11-462G12.1	SRR5176648	3.008464488791391
RP11-462G12.1	SRR5176649	2.0136002560811854
RP11-462G12.1	SRR5176650	4.096405977356926
RP11-462G12.1	SRR5176651	8.127192470851103
RP11-462G12.1	SRR5176652	2.0111494145834414
RP11-462G12.1	SRR5176653	14.03782960825785
RP11-462G12.1	SRR5176654	10.081630176909428
RP11-462G12.1	SRR5176655	4.005040318291648
RP11-462G12.1	SRR5176656	3.2103308721933805
RP11-462G12.1	SRR5176657	3.2410085973935936
RP11-462G12.1	SRR5176658	9.014859117320887
RP11-462G12.1	SRR5176659	10.021611084168653
RP11-462G12.1	SRR5176660	4.004602507572034
RP11-462G12.1	SRR5176661	2.0110961562737604
RP11-462G12.1	SRR5176662	2.9121303722044325
RP11-462G12.1	SRR5176663	5.032176194225865
RP11-462G12.1	SRR5176664	3
RP11-462G12.1	SRR5176665	3.0268084813869915
RP11-462G12.1	SRR5176666	3.011631188952141
RP11-462G12.1	SRR5176667	4.314845730609854
RP11-462G12.1	SRR5176668	10.043407660883638
RP11-462G12.1	SRR5176669	9.086253717132415
RP11-462G12.1	SRR5176670	4.026096003224662
RP11-462G12.1	SRR5176671	4.007202398481485
RP11-462G12.1	SRR5176672	3.0167241218751624
RP11-462G12.1	SRR5176673	2.0095798615817144
RP11-462G12.1	SRR5176674	8.018731291696543
RP11-462G12.1	SRR5176675	4.016953276073491
RP11-462G12.1	SRR5176676	4.073619852477294
RP11-462G12.1	SRR5176677	8.011521764081627
RP11-462G12.1	SRR5176678	2.044693460595827
RP11-462G12.1	SRR5176679	4.036185857241483
RP11-462G12.1	SRR5176680	7.019868057056714
RP11-462G12.1	SRR5176681	9.009995163276763
RP11-462G12.1	SRR5176682	2.0198941119883824
RP11-462G12.1	SRR5176683	6.027442678848741
RP11-462G12.1	SRR5176684	4.01063160575963
RP11-462G12.1	SRR5176685	5.0149402887925385
RP11-462G12.1	SRR5176686	7.030503123966688
RP11-462G12.1	SRR5176687	3.0135740999526326
RP11-462G12.1	SRR5176688	6.07968848111719
RP11-462G12.1	SRR5176689	3.022509600413699
RP11-462G12.1	SRR5176690	4.1021620914064485
RP11-462G12.1	SRR5176691	1.0009304920576112
RP11-462G12.1	SRR5176692	4.039139176165973
RP11-462G12.1	SRR5176693	3.0221683866595876
RP11-462G12.1	SRR5176694	5
RP11-462G12.1	SRR5176695	1.0143554668418076
RP11-462G12.1	SRR5176696	4.5115727762103015
RP11-462G12.1	SRR5176697	2.055157880539488
RP11-462G12.1	SRR5176698	1.1648237836443878
RP11-462G12.1	SRR5176699	2.050030024654384
RP11-462G12.1	SRR5176700	3.2670432606045923
RP11-462G12.1	SRR5176701	2.068412952376626
RP11-462G12.1	SRR5176702	6
RP11-462G12.1	SRR5176703	6.13548392822111
RP11-462G12.1	SRR5176704	6.026209381333435
RP11-462G12.1	SRR5176705	5.01072161079157
RP11-462G12.1	SRR5176706	1.0272678906633284
RP11-462G12.1	SRR5176707	1.0196549551650262
RP11-462G12.1	SRR5176708	2.019764110800775
RP11-462G12.1	SRR5176709	4.019231691980695
RP11-462G12.1	SRR5176710	3
RP11-462G12.1	SRR5176711	4.007624113053891
RP11-462G12.1	SRR5176712	3.038440747582325
RP11-462G12.1	SRR5176713	3.0264614098980966
RP11-462G12.1	SRR5176714	3.180794296227535
RP11-462G12.1	SRR5176715	10.01260079572912
RP11-462G12.1	SRR5176716	6.011885026829466
RP11-462G12.1	SRR5176717	3.0196766519491405
RP11-462G12.1	SRR5176718	3.0264195875894866
RP11-462G12.1	SRR5176719	6.014048468772407
RP11-462G12.1	SRR5176720	3
RP11-462G12.1	SRR5176721	5
RP11-462G12.1	SRR5176722	2.039668353442662
RP11-462G12.1	SRR5176723	2.019222707706982
RP11-462G12.1	SRR5176724	3.016317957226665
RP11-462G12.1	SRR5176725	2.0245927168407682
RP11-462G12.1	SRR5176726	3
RP11-462G12.1	SRR5176727	4.0025805430726304
RP11-462G12.1	SRR5176728	4.098999922401956
RP11-462G12.1	SRR5176729	5.009683280867281
RP11-462G12.1	SRR5176730	4.026168096245968
RP11-462G12.1	SRR5176731	8.037152032931779
RP11-462G12.1	SRR5176732	6
RP11-462G12.1	SRR5176733	2.004533149999212
RP11-462G12.1	SRR5176734	1.0810259196769214
RP11-462G12.1	SRR5176735	6.014048468772407
RP11-462G12.1	SRR5176736	4.007856218263614
RP11-462G12.1	SRR5176737	6.017542792782245
RP11-462G12.1	SRR5176738	1.011060405450449
RP11-462G12.1	SRR5176739	3.0238319103613964
RP11-462G12.1	SRR5176740	1.0041633409296653
RP11-462G12.1	SRR5176741	4.163936060259004
RP11-462G12.1	SRR5176742	5.052855172096325
RP11-462G12.1	SRR5176743	5.059242438471424
RP11-462G12.1	SRR5176744	4.053676796000444
RP11-462G12.1	SRR5176745	2.0183450345182816
RP11-462G12.1	SRR5176746	5.01133287499803
RP11-462G12.1	SRR5176747	7
RP11-462G12.1	SRR5176748	6.0075604774374725
RP11-462G12.1	SRR5176749	3.0491040521445814
RP11-462G12.1	SRR5176750	4.0649001224896315
RP11-462G12.1	SRR5176751	3.0109053636888077
RP11-462G12.1	SRR5176752	4.018153149445764
RP11-462G12.1	SRR5176753	5.0131362574119365
RP11-462G12.1	SRR5176754	3.0157842162453794
RP11-462G12.1	SRR5176755	7.003778878644424
RP11-462G12.1	SRR5176756	2.057709484361699
RP11-462G12.1	SRR5176757	1.0557664435713157
RP11-462G12.1	SRR5176758	7.0794741393618095
RP11-462G12.1	SRR5176759	2.0548130560516
RP11-462G12.1	SRR5176760	6.0348487969609055
RP11-462G12.1	SRR5176761	6.035092393879239
RP11-462G12.1	SRR5176762	1.074382806129656
RP11-462G12.1	SRR5176763	3.022937815282532
RP11-462G12.1	SRR5176764	6.004319106973522
RP11-462G12.1	SRR5176765	4.006903214143252
RP11-462G12.1	SRR5176766	3.0085148815957345
RP11-462G12.1	SRR5176767	3.003015686275408
RP11-462G12.1	SRR5176768	2.0303915033162268
RP11-462G12.1	SRR5176769	5.014766491658633
RP11-462G12.1	SRR5176770	5.011707057310339
RP11-462G12.1	SRR5176771	7.017128279138236
RP11-462G12.1	SRR5176772	2.0125438461792577
RP11-462G12.1	SRR5176773	3.0225087151445518
RP11-462G12.1	SRR5176774	7.0433548435492455
RP11-462G12.1	SRR5176775	3.028782441301976
RP11-462G12.1	SRR5176776	4.033103468166764
RP11-462G12.1	SRR5176777	8.080042017419608
RP11-462G12.1	SRR5176778	3.017279205968138
RP11-462G12.1	SRR5176779	6.03103652878901
RP11-462G12.1	SRR5176780	3.009240130596421
RP11-462G12.1	SRR5176781	4.02551128916404
RP11-462G12.1	SRR5176782	2.0164495656706434
RP11-462G12.1	SRR5176783	3.027906586662919
RP11-462G12.1	SRR5176784	7.028381062922987
RP11-462G12.1	SRR5176785	3.0052976440379657
RP11-462G12.1	SRR5176786	4
RP11-462G12.1	SRR5176787	2.0153534836090015
RP11-462G12.1	SRR5176788	2.0535189835813257
RP11-462G12.1	SRR5176789	6.084857729869434
RP11-462G12.1	SRR5176790	6.056558931383149
RP11-462G12.1	SRR5176791	9.079133297576444
RP11-462G12.1	SRR5176792	8
RP11-462G12.1	SRR5176793	4.036801636424651
RP11-462G12.1	SRR5176794	3.0135227397688533
RP11-462G12.1	SRR5176795	3.012622862248584
RP11-462G12.1	SRR5176796	5.113230562192075
RP11-462G12.1	SRR5176797	2.013992578206017
RP11-462G12.1	SRR5176798	2.010550594388688
RP11-462G12.1	SRR5176799	5
RP11-462G12.1	SRR5176800	5.039958332644633
RP11-462G12.1	SRR5176801	1.017440760992837
RP11-462G12.1	SRR5176802	3.042537735855502
RP11-462G12.1	SRR5176803	5.020509749571392
RP11-462G12.1	SRR5176804	2.0426812688922533
RP11-462G12.1	SRR5176805	5.019369131864449
RP11-462G12.1	SRR5176806	4.119101590385207
RP11-462G12.1	SRR5176807	4.002879404649015
RP11-462G12.1	SRR5176808	5.00179930415609
RP11-462G12.1	SRR5176809	3.0043206615306097
RP11-462G12.1	SRR5176810	4
RP11-462G12.1	SRR5176811	6
RP11-462G12.1	SRR5176812	6.006479826238255
RP11-462G12.1	SRR5176813	4.0047412953778885
RP11-462G12.1	SRR5176814	5
RP11-462G12.1	SRR5176815	5.0705772111858884
RP11-462G12.1	SRR5176816	1.0144195826206277
RP11-462G12.1	SRR5176817	6.031515573355202
RP11-462G12.1	SRR5176818	4.010209574714553
RP11-462G12.1	SRR5176819	5.264867385940893
RP11-462G12.1	SRR5176820	2.044681473721294
RP11-462G12.1	SRR5176821	6.056022666312414
RP11-462G12.1	SRR5176822	1.0294661769651816
RP11-462G12.1	SRR5176823	4.015072762648721
RP11-462G12.1	SRR5176824	4.022615604645735
RP11-462G12.1	SRR5176825	1.001110573697418
RP11-462G12.1	SRR5176826	2.0166133793507486
RP11-462G12.1	SRR5176827	5.018904506808032
RP11-462G12.1	SRR5176828	5.0198279966411565
RP11-462G12.1	SRR5176829	5.01366383560814
RP11-462G12.1	SRR5176830	5.002699199031732
RP11-462G12.1	SRR5176831	6.030909091983306
RP11-462G12.1	SRR5176832	2.0202148313066726
RP11-462G12.1	SRR5176833	7.040533367274026
RP11-462G12.1	SRR5176834	3.0117639905403926
RP11-462G12.1	SRR5176835	3.0108010181348157
RP11-462G12.1	SRR5176836	7.006299264333361
RP11-462G12.1	SRR5176837	3.1530307717609274
RP11-462G12.1	SRR5176838	1.0249700253664653
RP11-462G12.1	SRR5176839	3.122298946467907
RP11-462G12.1	SRR5176840	10.005398398063464
RP11-462G12.1	SRR5176841	6.084578445048194
RP11-462G12.1	SRR5176842	4.025065394769047
RP11-462G12.1	SRR5176843	12.093120367046643
RP11-462G12.1	SRR5176844	3.008739519049101
RP11-462G12.1	SRR5176845	6.088094120117379
RP11-462G12.1	SRR5176846	4.017895716322407
RP11-462G12.1	SRR5176847	3.061601453274924
RP11-462G12.1	SRR5176848	5.043075918546062
RP11-462G12.1	SRR5176849	5.097576267291098
RP11-462G12.1	SRR5176850	4.0548869597912365
RP11-462G12.1	SRR5176851	1.0010799710397094
RP11-462G12.1	SRR5176852	1.0222701007904502
RP11-462G12.1	SRR5176853	3.007514863941259
RP11-462G12.1	SRR5176854	1.0469188326970755
RP11-462G12.1	SRR5176855	5.01138596964814
RP11-462G12.1	SRR5176856	9.145543016619817
RP11-462G12.1	SRR5176857	4.014240752706545
RP11-462G12.1	SRR5176858	1.0069042391109264
RP11-462G12.1	SRR5176859	4.0071352776014555
RP11-462G12.1	SRR5176860	7
RP11-462G12.1	SRR5176861	4.007923351219644
RP11-462G12.1	SRR5176862	2.011874757599656
RP11-462G12.1	SRR5176863	5.012524773235432
RP11-462G12.1	SRR5176864	4.019587343049356
RP11-462G12.1	SRR5176865	5.009530141317365
RP11-462G12.1	SRR5176866	6
RP11-462G12.1	SRR5176867	11.046725776395538
RP11-462G12.1	SRR5176868	2.0704876478951655
RP11-462G12.1	SRR5176869	7.017128279138236
RP11-462G12.1	SRR5176870	9.040693151565002
RP11-462G12.1	SRR5176871	5.017188887725506
RP11-462G12.1	SRR5176872	3.0587330808274302
RP11-462G12.1	SRR5861974	6.0795008522515595
RP11-462G12.1	SRR5861975	2.018646454210934
RP11-462G12.1	SRR5861976	4.160989462786026
RP11-462G12.1	SRR5861977	7
RP11-462G12.1	SRR5861978	6.029196704180924
RP11-462G12.1	SRR5861979	3.028782441301976
RP11-462G12.1	SRR5861980	9
RP11-462G12.1	SRR5861981	2.0402285153861213
RP11-462G12.1	SRR5861982	2.468120353202937
RP11-462G12.1	SRR5861983	5.008325344008967
RP11-462G12.1	SRR5861984	4.0330546251506005
RP11-462G12.1	SRR5861985	3.0520434622129855
RP11-462G12.1	SRR5861986	10.019966034906759
RP11-462G12.1	SRR5861987	1.0129478689088995
RP11-462G12.1	SRR5861988	3.0533358327463027
RP11-462G12.1	SRR5861989	5.062692670320881
RP11-462G12.1	SRR5861990	3.009138440182993
RP11-462G12.1	SRR5861991	7
RP11-462G12.1	SRR5861992	3
RP11-462G12.1	SRR5861993	3.011379062391429
RP11-462G12.1	SRR5861994	4
RP11-462G12.1	SRR5861995	4.035294890103075
RP11-462G12.1	SRR5861996	4.016898942794049
RP11-462G12.1	SRR5861997	2.051776395102151
RP11-462G12.1	SRR5861998	7.040384599632096
RP11-462G12.1	SRR5861999	1.0270454764535055
RP11-462G12.1	SRR5862000	6.002159164987308
RP11-462G12.1	SRR5862001	5
RP11-462G12.1	SRR5862002	6.006479826238255
RP11-462G12.1	SRR5862003	5.012435018399908
RP11-462G12.1	SRR5862004	7.039418336835248
RP11-462G12.1	SRR5862005	4.021178012912803
RP11-462G12.1	SRR5862006	5.018904506808032
RP11-462G12.1	SRR5862007	2.017167189681303
RP11-462G12.1	SRR5862008	11.044261194038606
RP11-462G12.1	SRR5862009	5.017848303058204
RP11-462G12.1	SRR5862010	5.258203962811941
RP11-462G12.1	SRR5862011	6.2167668460974594
RP11-462G12.1	SRR5862012	3.0211735712368006
RP11-462G12.1	SRR5862013	6.125844644745172
RP11-462G12.1	SRR5862014	12.058964017517159
RP11-462G12.1	SRR5862015	3
RP11-462G12.1	SRR5862016	10.041875625890924
RP11-462G12.1	SRR5862017	9.074634804051355
RP11-462G12.1	SRR5862018	3.012051442682102
RP11-462G12.1	SRR5862019	3.0244772602560768
RP11-462G12.1	SRR5862020	5.017938154826352
RP11-462G12.1	SRR5862021	3.0182383348270174
RP11-462G12.1	SRR5862022	2.0096962482342717
RP11-462G12.1	SRR5862023	4.03046054396856
RP11-462G12.1	SRR5862024	3.0081983013648843
RP11-462G12.1	SRR5862025	4
RP11-462G12.1	SRR5862026	3.023722725256225
RP11-462G12.1	SRR5862027	7.003778878644424
RP11-462G12.1	SRR5862028	4.50724852492404
RP11-462G12.1	SRR5862029	1.0207645470908255
RP11-462G12.1	SRR5862030	3.008422915180084
RP11-462G12.1	SRR5862031	2.0141429574401815
RP11-462G12.1	SRR5862032	1.073785027109896
RP11-462G12.1	SRR5862033	3.004636833681942
RP11-462G12.1	SRR5862034	1.2459835850410172
RP11-462G12.1	SRR5862035	2.013268081880607
RP11-462G12.1	SRR5862036	2.0357252561551458
RP11-462G12.1	SRR5862037	1.0547484296428424
RP11-462G12.1	SRR5862038	1.079664344311491
RP11-462G12.1	SRR5862039	6.010354821214879
RP11-462G12.1	SRR5862040	2.0131177679660937
RP11-462G12.1	SRR5862041	4.02206935932156
RP11-462G12.1	SRR5862042	6.05343639396543
RP11-462G12.1	SRR5862043	5
RP11-462G12.1	SRR5862044	4.005622058900293
RP11-462G12.1	SRR5862045	3.012743652091599
RP11-462G12.1	SRR5862046	6.048519668949522
RP11-462G12.1	SRR5862047	2.017831895989499
RP11-462G12.1	SRR5862048	2.4953130839399913
RP11-462G12.1	SRR5862049	3.046820919051998
RP11-462G12.1	SRR5862050	5.016898329478009
RP11-462G12.1	SRR5862051	2.009649507739891
RP11-462G12.1	SRR5862052	4.013818341877882
RP11-462G12.1	SRR5862053	5.013359856676535
RP11-462G12.1	SRR5862054	1.0267561214855105
RP11-462G12.1	SRR5862055	4.0930130185018925
RP11-462G12.1	SRR5862056	2.0660358386971436
RP11-462G12.1	SRR5862057	3.023513718349088
RP11-462G12.1	SRR5862058	6.013783283588248
RP11-462G12.1	SRR5862059	3.0847382128129315
RP11-462G12.1	SRR5862060	1.0094602413506888
RP11-462G12.1	SRR5862061	4.014296225786445
RP11-462G12.1	SRR5862062	4.002159359225385
RP11-462G12.1	SRR5862063	2.024858037844441
RP11-462G12.1	SRR5862064	3.005809968520369
RP11-462G12.1	SRR5862065	5.012608734731772
RP11-462G12.1	SRR5862066	4.036476699095041
RP11-462G12.1	SRR5862067	1.2346054739520673
RP11-462G12.1	SRR5862068	4.01912178735215
RP11-462G12.1	SRR5862069	6.012966650501191
RP11-462G12.1	SRR5862070	6.081107841191134
RP11-462G12.1	SRR5862071	2.5052060457972365
RP11-462G12.1	SRR5862072	2.528297958219793
RP11-462G12.1	SRR5862073	4.007485225341474
RP11-462G12.1	SRR5862074	3.015265812417134
RP11-462G12.1	SRR5862075	3.020658628109209
RP11-462G12.1	SRR5862076	1.2411031446573944
RP11-462G12.1	SRR5862077	7.027546424085271
RP11-462G12.1	SRR5862078	4.3115429504531155
RP11-462G12.1	SRR5862079	5.052045685546727
RP11-462G12.1	SRR5862080	7.130517823270158
RP11-462G12.1	SRR5862081	4.006903214143252
RP11-462G12.1	SRR5862082	1.003815689470687
RP11-462G12.1	SRR5862083	6
RP11-462G12.1	SRR5862084	5.034981445515042
RP11-462G12.1	SRR5862085	6
RP11-462G12.1	SRR5862086	5.125458788617707
RP11-462G12.1	SRR5862087	4.048753117963792
RP11-462G12.1	SRR5862088	11.217892178413113
RP11-462G12.1	SRR5862089	6.074513854919671
RP11-462G12.1	SRR5862090	4.006903214143252
RP11-462G12.1	SRR5862091	3.0423839592583546
RP11-462G12.1	SRR5862092	2.0417652061494467
RP11-462G12.1	SRR5862093	5.000899571155219
RP11-462G12.1	SRR5862094	3.015016608428615
RP11-462G12.1	SRR5862095	3.263007177526689
RP11-462G12.1	SRR5862096	5.0109587206227895
RP11-462G12.1	SRR5862097	2.010795863974406
RP11-462G12.1	SRR5862098	10.488248515951044
RP11-462G12.1	SRR5862099	4.091215790756505
RP11-462G12.1	SRR5862100	7.018605310079352
RP11-462G12.1	SRR5862101	3.1762644243178935
RP11-462G12.1	SRR5862102	2.011792659147951
RP11-462G12.1	SRR5862103	4.094471290328808
RP11-462G12.1	SRR5862104	6.0250369143463605
RP11-462G12.1	SRR5862105	3.0337741079097866
RP11-462G12.1	SRR5862106	4.017130408577947
RP11-462G12.1	SRR5862107	4
RP11-462G12.1	SRR5862108	3.020855658956402
RP11-462G12.1	SRR5862109	4.007202398481485
RP11-462G12.1	SRR5862110	3.0241315212437008
RP11-462G12.1	SRR5862111	1.0151647184346997
RP11-462G12.1	SRR5862112	5.019021236654203
RP11-462G12.1	SRR5862113	2.01770853284336
RP11-462G12.1	SRR5862114	6.028314108569793
RP11-462G12.1	SRR5862115	3.0205377801293007
RP11-462G12.1	SRR5862116	1.0258116030467397
RP11-462G12.1	SRR5862117	4.013219007661408
RP11-462G12.1	SRR5862118	3.0252488087398866
RP11-462G12.1	SRR5862119	8.033280827164132
RP11-462G12.1	SRR5862120	3.0028336131389075
RP11-462G12.1	SRR5862121	9.013237507625488
RP11-462G12.1	SRR5862122	5.01043142708063
RP11-462G12.1	SRR5862123	5.011486069656873
RP11-462G12.1	SRR5862124	4.01279670434901
RP11-462G12.1	SRR5862125	5
RP11-462G12.1	SRR5862126	1.0008998949047658
RP11-462G12.1	SRR5862127	7.026592128484629
RP11-462G12.1	SRR5862128	9.033390538898505
RP11-462G12.1	SRR5862129	3.2364879041575136
RP11-462G12.1	SRR5862130	5.031031452450809
RP11-462G12.1	SRR5862131	7.015866024997242
RP11-462G12.1	SRR5862132	4.003599579619063
RP11-462G12.1	SRR5862133	6.005747177616385
RP11-462G12.1	SRR5862134	5.001425861572968
RP11-462G12.1	SRR5862135	3.038440747582325
RP11-462G12.1	SRR5862136	10.00359860831218
RP11-462G12.1	SRR5862137	5.010805542084326
RP11-462G12.1	SRR5862138	5.00891909700182
RP11-462G12.1	SRR5862139	3.0040963539964314
RP11-462G12.1	SRR5862140	3.009914255746056
RP11-462G12.1	SRR5862141	5.022162908653901
RP11-462G12.1	SRR5862142	3.0081063446266825
RP11-462G12.1	SRR5862143	7.0025190258185255
RP11-462G12.1	SRR5862144	3.017320018215742
RP11-462G12.1	SRR5862145	5.01652375957676
RP11-462G12.1	SRR5862146	2.0272212562873984
RP11-462G12.1	SRR5862147	2.0146835886133188
RP11-462G12.1	SRR5862148	5
RP11-462G12.1	SRR5862149	3.017279205968138
RP11-462G12.1	SRR5862150	5.01223448509874
RP11-462G12.1	SRR5862151	1.0124906225058696
RP11-462G12.1	SRR5862152	1.0247021665376759
RP11-462G12.1	SRR5862153	5.1037537011866485
RP11-462G12.1	SRR5862154	6
RP11-462G12.1	SRR5862155	6.0379459966926605
RP11-462G12.1	SRR5862156	2.0517063650864458
RP11-462G12.1	SRR5862157	6.156487308467262
RP11-462G12.1	SRR5862158	4.002159359225385
RP11-462G12.1	SRR5862159	3.0177999929714656
RP11-462G12.1	SRR5862160	2.076532102339353
RP11-462G12.1	SRR5862161	6.016396602729769
RP11-462G12.1	SRR5862162	2.0066708451676374
RP11-462G12.1	SRR5862163	3.010588531912127
RP11-462G12.1	SRR5862164	3.150487153229003
RP11-462G12.1	SRR5862165	9.038950417776324
RP11-462G12.1	SRR5862166	3.0128478064334607
RP11-462G12.1	SRR5862167	2.0041725708322518
RP11-462G12.1	SRR5862168	3.004953039106962
RP11-462G12.1	SRR5862169	2.0074201197552233
RP11-462G12.1	SRR5862170	3.03338081233432
RP11-462G12.1	SRR5862171	5.008629017679065
RP11-462G12.1	SRR5862172	4.007025703745564
RP11-462G12.1	SRR5862173	2.050440754363536
RP11-462G12.1	SRR5862174	2.056849990783716
RP11-462G12.1	SRR5862175	6.029297695278207
RP11-462G12.1	SRR5862176	4.069254958997243
RP11-462G12.1	SRR5862177	2.064543618568541
RP11-462G12.1	SRR5862178	3.0864290411929463
RP11-462G12.1	SRR5862179	6.0337389577204235
RP11-462G12.1	SRR5862180	1.1637413174363656
RP11-462G12.1	SRR5862181	2.042384492643702
RP11-462G12.1	SRR5862182	5.047056064457671
RP11-462G12.1	SRR5862183	3.015016608428615
RP11-462G12.1	SRR5862184	4.109758810353515
RP11-462G12.1	SRR5862185	8
RP11-462G12.1	SRR5862186	3.022025382919978
RP11-462G12.1	SRR5862187	2.0151414118406388
RP11-462G12.1	SRR5862188	3.117869891343702
RP11-462G12.1	SRR5862189	2.0167425870548557
RP11-462G12.1	SRR5862190	8.01092361065715
RP11-462G12.1	SRR5862191	6.071994706615832
RP11-462G12.1	SRR5862192	1.0452267290247683
RP11-462G12.1	SRR5862193	5.017938154826352
RP11-462G12.1	SRR5862194	6.031893102092218
RP11-462G12.1	SRR5862195	2.0126941172406245
RP11-462G12.1	SRR5862196	6
RP11-462G12.1	SRR5862197	3
RP11-462G12.1	SRR5862198	2.202179098463043
RP11-462G12.1	SRR5862199	4.009910165855585
RP11-462G12.1	SRR5862200	4.008766976498231
RP11-462G12.1	SRR5862201	4.23973344197523
RP11-462G12.1	SRR5862202	2.0437982929596905
RP11-462G12.1	SRR5862203	3.1030787128248742
RP11-462G12.1	SRR5862204	2
RP11-462G12.1	SRR5862205	6
RP11-462G12.1	SRR5862206	1.0181176093417283
RP11-462G12.1	SRR5862207	2.010645734639758
RP11-462G12.1	SRR5862208	1.019485887646539
RP11-462G12.1	SRR5862209	2.0225903492287083
RP11-462G12.1	SRR5862210	7
RP11-462G12.1	SRR5862211	2.065633263120152
RP11-462G12.1	SRR5862212	9.079928848185814
RP11-462G12.1	SRR5862213	7.03291532293892
RP11-462G12.1	SRR5862214	5.0138171015236175
RP11-462G12.1	SRR5862215	7.016604368770923
RP11-462G12.1	SRR5862216	2.0073119421773757
RP11-462G12.1	SRR5862217	1.0065013965914829
RP11-462G12.1	SRR5862218	4.0039304942086815
RP11-462G12.1	SRR5862219	1.023350981956458
RP11-462G12.1	SRR5862220	4.017975971844278
RP11-462G12.1	SRR5862221	7
RP11-462G12.1	SRR5862222	3.0097718318505597
RP11-462G12.1	SRR5862223	4.173339366917079
RP11-462G12.1	SRR5862224	4.031733164608251
RP11-462G12.1	SRR5862225	5.013406106451863
RP11-462G12.1	SRR5862226	10.010799710397093
RP11-462G12.1	SRR5862227	5
RP11-462G12.1	SRR5862228	8.072571400108595
RP11-462G12.1	SRR5862229	5.02954967752054
RP11-462G12.1	SRR5862230	2.010605573766756
RP11-462G12.1	SRR5862231	10.02086285416126
RP11-462G12.1	SRR5862232	4.060536174849193
RP11-462G12.1	SRR5862233	4.011053681218894
RP11-462G12.1	SRR5862234	4.023588536399509
RP11-462G12.1	SRR5862235	1.0008998949047658
RP11-462G12.1	SRR5862236	8.017154577266513
RP11-462G12.1	SRR5862237	2.062030955631298
RP11-462G12.1	SRR5862238	9.008099054142892
RP11-462G12.1	SRR5862239	10.077170577043544
RP11-462G12.1	SRR5862240	3.0081983013648843
RP11-462G12.1	SRR5862241	2.0123935863373767
RP11-462G12.1	SRR5862242	12.083422635825608
RP11-462G12.1	SRR5862243	4.022492638480282
RP11-462G12.1	SRR5862244	9.13031288402343
RP11-462G12.1	SRR5862245	5.091382121771299
RP11-462G12.1	SRR5862246	2.0038120565269457
RP11-462G12.1	SRR5862247	4.022586193746432
RP11-462G12.1	SRR5862248	1.0007198511622537
RP11-462G12.1	SRR5862249	2.0303344725915196
RP11-462G12.1	SRR5862250	4.042344792350933
RP11-462G12.1	SRR5862251	1.0103319048040413
RP11-462G12.1	SRR5862252	6.01531436207183
RP11-462G12.1	SRR5862253	5.038913944239043
RP11-462G12.1	SRR5862254	5.035802958916256
RP11-462G12.1	SRR5862255	2.016078730388811
RP11-462G12.1	SRR5862256	8.123994323549903
RP11-462G12.1	SRR5862257	3.041279339660256
RP11-462G12.1	SRR5862258	14.035733511500936
RP11-462G12.1	SRR5862259	2.027435193148044
RP11-462G12.1	SRR5862260	2.129566353784977
RP11-462G12.1	SRR5862261	3.050005886417912
RP11-462G12.1	SRR5862262	6.059949545124578
RP11-462G12.1	SRR5862263	1.0455054067543619
RP11-462G12.1	SRR5862264	5.029174163048787
RP11-462G12.1	SRR5862265	7.008820557010385
RP11-462G12.1	SRR5862266	6.032901930967477
RP11-462G12.1	SRR5862267	1.0552428781134908
RP11-462G12.1	SRR5862268	3.0149244432635696
RP11-462G12.1	SRR5862269	4.015795131377398
RP11-462G12.1	SRR5862270	3.006799724998818
RP11-462G12.1	SRR5862271	4.0238693014563
RP11-462G12.1	SRR5862272	3.0338196325314426
RP11-462G12.1	SRR5862273	5.017272927347353
RP11-462G12.1	SRR5862274	4.018385864454243
RP11-462G12.1	SRR5862275	5.064962680466739
RP11-462G12.1	SRR5862276	3.052189951600211
RP11-462G12.1	SRR5862277	4.0507443856818615
RP11-462G12.1	SRR5949109	1.1498283651018633
RP11-462G12.1	SRR5949110	1.148171272003916
RP11-462G12.1	SRR5949111	1.1498283651018633
RP11-462G12.1	SRR5949112	1.1499000124654937
RP11-462G12.1	SRR5949113	1.1493287860193127
RP11-462G12.1	SRR5949114	1.1499000124654937
RP11-462G12.1	SRR5949115	1.1498283651018633
RP11-462G12.1	SRR5949116	1.149801355279094
RP11-462G12.1	SRR5949117	1.1499000124654937
RP11-462G12.1	SRR5949118	1.149757132515299
RP11-462G12.1	SRR5949119	1.1498700492655702
RP11-462G12.1	SRR5949120	1.149752993629983
RP11-462G12.1	SRR5949121	1.149727479151349
RP11-462G12.1	SRR5949122	1.149659680044542
RP11-462G12.1	SRR5949123	1.1495224477062624
RP11-462G12.1	SRR5949124	1.1489713533334538
RP11-462G12.1	SRR5949125	1.1493657120956842
RP11-462G12.1	SRR5949126	1.1496653216499102
RP11-462G12.1	SRR5949127	1.149752993629983
RP11-462G12.1	SRR5949128	1.149752993629983
RP11-462G12.1	SRR5949129	1.1498758641415114
RP11-462G12.1	SRR5949130	1.1498041981068907
RP11-462G12.1	SRR5949131	1.1496516232140812
RP11-462G12.1	SRR5949132	1.1498283651018633
RP11-462G12.1	SRR5949133	1.1496993836519698
RP11-462G12.1	SRR5949134	1.1499000124654937
RP11-462G12.1	SRR5949135	1.149801355279094
RP11-462G12.1	SRR5949136	1.1498700492655702
RP11-462G12.1	SRR5949137	1.1489979896611313
RP11-462G12.1	SRR5949138	1.1496058907069004
RP11-462G12.1	SRR5949139	1.1496653216499102
RP11-462G12.1	SRR5949140	1.1498283651018633
RP11-462G12.1	SRR5949141	1.1498758641415114
RP11-462G12.1	SRR5949142	1.1498041981068907
RP11-462G12.1	SRR5949143	1.1499000124654937
RP11-462G12.1	SRR5949144	1.149757132515299
RP11-462G12.1	SRR5949145	1.1497815594090803
RP11-462G12.1	SRR5949146	1.149752993629983
RP11-462G12.1	SRR5949147	1.149752993629983
RP11-462G12.1	SRR5949148	1.1489471817569916
RP11-462G12.1	SRR5949149	1.149757132515299
RP11-462G12.1	SRR5949150	1.1498758641415114
RP11-462G12.1	SRR5949151	1.1494823274298185
RP11-462G12.1	SRR5949152	1.1476551316063306
RP11-462G12.1	SRR5949153	1.149659680044542
RP11-462G12.1	SRR5949154	1.1487635500794011
RP11-462G12.1	SRR5949155	1.1497815594090803
RP11-462G12.1	SRR5949156	1.1498758641415114
RP11-462G12.1	SRR5949157	1.1498700492655702
RP11-462G12.1	SRR5949158	1.1499000124654937
RP11-462G12.1	SRR5949159	1.1489204896371397
RP11-462G12.1	SRR5949160	1.1498283651018633
RP11-462G12.1	SRR5949161	1.1498283651018633
RP11-462G12.1	SRR5949162	1.1498283651018633
RP11-462G12.1	SRR5949163	1.1498758641415114
RP11-462G12.1	SRR5949164	1.1499000124654937
RP11-462G12.1	SRR5949165	1.149801355279094
RP11-462G12.1	SRR5949166	1.1498758641415114
RP11-462G12.1	SRR5949167	1.149757132515299
RP11-462G12.1	SRR5949168	1.1497815594090803
RP11-462G12.1	SRR5949169	1.1447151303318799
RP11-462G12.1	SRR5949170	1.1499000124654937
RP11-462G12.1	SRR5949171	1.1496516232140812
RP11-462G12.1	SRR5949172	1.1496058907069004
RP11-462G12.1	SRR5949173	1.1498283651018633
RP11-462G12.1	SRR5949174	1.1497815594090803
RP11-462G12.1	SRR5949175	1.1499000124654937
RP11-462G12.1	SRR5949176	1.149727479151349
RP11-462G12.1	SRR5949177	1.1489132956948793
RP11-462G12.1	SRR5949178	1.1496653216499102
RP11-462G12.1	SRR5949179	1.1497815594090803
RP11-462G12.1	SRR5949180	1.1499000124654937
RP11-462G12.1	SRR5949181	1.1498700492655702
RP11-462G12.1	SRR5949182	1.149727479151349
RP11-462G12.1	SRR5949183	1.1498758641415114
RP11-462G12.1	SRR5949184	1.149801355279094
RP11-462G12.1	SRR5949185	1.1495611354981103
RP11-462G12.1	SRR5949186	1.1492630102128836
RP11-462G12.1	SRR5949187	1.1498041981068907
RP11-462G12.1	SRR5949188	1.149801355279094
RP11-462G12.1	SRR5949189	1.149752993629983
RP11-462G12.1	SRR5949190	1.149757132515299
RP11-462G12.1	SRR5949191	1.1496058907069004
RP11-462G12.1	SRR5949192	1.1498700492655702
RP11-462G12.1	SRR5949193	1.1498758641415114
RP11-462G12.1	SRR5949194	1.1498283651018633
RP11-462G12.1	SRR5949195	1.149801355279094
RP11-462G12.1	SRR5949196	1.149639556483191
RP11-462G12.1	SRR5949197	1.1494508753827517
RP11-462G12.1	SRR5949198	1.1489684643066176
RP11-462G12.1	SRR5949199	1.1496653216499102
RP11-462G12.1	SRR5949200	1.1498758641415114
RP11-462G12.1	SRR5949201	1.1497815594090803
RP11-462G12.1	SRR5949202	1.1498041981068907
RP11-462G12.1	SRR5949203	1.1498700492655702
RP11-462G12.1	SRR5949204	1.1499000124654937
RP11-462G12.1	SRR5949205	1.1499000124654937
RP11-462G12.1	SRR5949206	1.149801355279094
RP11-462G12.1	SRR5949207	1.1498283651018633
RP11-462G12.1	SRR5949208	1.149757132515299
RP11-462G12.1	SRR5949209	1.1498283651018633
RP11-462G12.1	SRR5949210	1.1497815594090803
RP11-462G12.1	SRR5949211	1.1494508753827517
RP11-462G12.1	SRR5949212	1.149757132515299
RP11-462G12.1	SRR5949213	1.1496993836519698
RP11-462G12.1	SRR5949214	1.1495224477062624
RP11-462G12.1	SRR5949215	1.149752993629983
RP11-462G12.1	SRR5949216	1.1498041981068907
RP11-462G12.1	SRR5949217	1.1498041981068907
RP11-462G12.1	SRR5949218	1.1496993836519698
RP11-462G12.1	SRR5949219	1.149727479151349
RP11-462G12.1	SRR5949220	1.1495611354981103
RP11-462G12.1	SRR5949221	1.149515806070026
RP11-462G12.1	SRR5949222	1.149752993629983
RP11-462G12.1	SRR5949223	1.1489094288850477
RP11-462G12.1	SRR5949224	1.1497815594090803
RP11-462G12.1	SRR5949225	1.1498700492655702
RP11-462G12.1	SRR5949226	1.1495611354981103
RP11-462G12.1	SRR5949227	1.1498700492655702
RP11-462G12.1	SRR5949228	1.1496058907069004
RP11-462G12.1	SRR5949229	1.149639556483191
RP11-462G12.1	SRR5949230	1.1498700492655702
RP11-462G12.1	SRR5949231	1.1494707522857042
RP11-462G12.1	SRR5949232	1.1487635500794011
RP11-462G12.1	SRR5949233	1.1489229708372037
RP11-462G12.1	SRR5949234	1.149752993629983
RP11-462G12.1	SRR5949235	1.1496058907069004
RP11-462G12.1	SRR5949236	1.1478430081697302
RP11-462G12.1	SRR5949237	1.1494610034998385
RP11-462G12.1	SRR5949238	1.1492438683694057
RP11-462G12.1	SRR5949239	1.147930185304594
RP11-462G12.1	SRR5949240	1.1498758641415114
RP11-462G12.1	SRR5949241	1.149757132515299
RP11-462G12.1	SRR5949242	1.1497815594090803
RP11-462G12.1	SRR5949243	1.1496516232140812
RP11-462G12.1	SRR5949244	1.1496653216499102
RP11-462G12.1	SRR5949245	1.1496653216499102
RP11-462G12.1	SRR5949246	1.149801355279094
RP11-462G12.1	SRR5949247	1.149752993629983
RP11-462G12.1	SRR5949248	1.149801355279094
RP11-462G12.1	SRR5949249	1.1497815594090803
RP11-462G12.1	SRR5949250	1.1499000124654937
RP11-462G12.1	SRR5949251	1.1496058907069004
RP11-462G12.1	SRR5949252	1.1498283651018633
RP11-462G12.1	SRR5949253	1.1494121443044876
RP11-462G12.1	SRR5949254	1.1495510677538354
RP11-462G12.1	SRR5949255	1.1497815594090803
RP11-462G12.1	SRR5949256	1.149659680044542
RP11-462G12.1	SRR5949257	1.1498758641415114
RP11-462G12.1	SRR5949258	1.1498758641415114
RP11-462G12.1	SRR5949259	1.149727479151349
RP11-462G12.1	SRR5949260	1.1499000124654937
RP11-462G12.1	SRR5949261	1.1499000124654937
RP11-462G12.1	SRR5949262	1.149659680044542
RP11-462G12.1	SRR5949263	1.1498041981068907
RP11-462G12.1	SRR5949264	1.149727479151349
RP11-462G12.1	SRR5949265	1.1498700492655702
RP11-462G12.1	SRR5949266	1.1490859664004887
RP11-462G12.1	SRR5949267	1.1491016556665985
RP11-462G12.1	SRR5949268	1.1498700492655702
RP11-462G12.1	SRR5949269	1.149752993629983
RP11-462G12.1	SRR5949270	1.1497815594090803
RP11-462G12.1	SRR5949271	1.1495224477062624
RP11-462G12.1	SRR5949272	1.1499000124654937
RP11-462G12.1	SRR5949273	1.1499000124654937
RP11-462G12.1	SRR5949274	1.149801355279094
RP11-462G12.1	SRR5949275	1.1495012298161975
RP11-462G12.1	SRR5949276	1.149801355279094
RP11-462G12.1	SRR5949277	1.1491016556665985
RP11-462G12.1	SRR5949278	1.1498041981068907
RP11-462G12.1	SRR5949279	1.1498041981068907
RP11-462G12.1	SRR5949280	1.1493806150832857
RP11-462G12.1	SRR5949281	1.149801355279094
RP11-462G12.1	SRR5949282	1.1499000124654937
RP11-462G12.1	SRR5949283	1.1494610034998385
RP11-462G12.1	SRR5949284	1.1499000124654937
RP11-462G12.1	SRR5949285	1.1485352709618715
RP11-462G12.1	SRR5949286	1.1490061236504394
RP11-462G12.1	SRR5949287	1.1499000124654937
RP11-462G12.1	SRR5949288	1.1498041981068907
RP11-462G12.1	SRR5949289	1.1496653216499102
RP11-462G12.1	SRR5949290	1.1499000124654937
RP11-462G12.1	SRR5949291	1.1497815594090803
RP11-462G12.1	SRR5949292	1.149752993629983
RP11-462G12.1	SRR5949293	1.1499000124654937
RP11-462G12.1	SRR5949294	1.1498758641415114
RP11-462G12.1	SRR5949295	1.1498041981068907
RP11-462G12.1	SRR5949296	1.1498041981068907
RP11-462G12.1	SRR5949297	1.1498283651018633
RP11-462G12.1	SRR5949298	1.149614382860247
RP11-462G12.1	SRR5949299	1.149757132515299
RP11-462G12.1	SRR5949300	1.1498758641415114
RP11-462G12.1	SRR5949301	1.1498758641415114
RP11-462G12.1	SRR5949302	1.1496653216499102
RP11-462G12.1	SRR5949303	1.1496516232140812
RP11-462G12.1	SRR5949304	1.1498283651018633
RP11-462G12.1	SRR5949305	1.1490061236504394
RP11-462G12.1	SRR5949306	1.1498700492655702
RP11-462G12.1	SRR5949307	1.149757132515299
RP11-462G12.1	SRR5949308	1.149801355279094
RP11-462G12.1	SRR5949309	1.1495565511841175
RP11-462G12.1	SRR5949310	1.1495565511841175
RP11-462G12.1	SRR5949311	1.1497815594090803
RP11-462G12.1	SRR5949312	1.149461221160821
RP11-462G12.1	SRR5949313	1.1497815594090803
RP11-462G12.1	SRR5949314	1.1498758641415114
RP11-462G12.1	SRR5949315	1.1497815594090803
RP11-462G12.1	SRR5949316	1.1498041981068907
RP11-462G12.1	SRR5949317	1.1492438683694057
RP11-462G12.1	SRR5949318	1.1491016556665985
RP11-462G12.1	SRR5949319	1.1498283651018633
RP11-462G12.1	SRR5949320	1.1499000124654937
RP11-462G12.1	SRR5949321	1.149801355279094
RP11-462G12.1	SRR5949322	1.149614382860247
RP11-462G12.1	SRR5949323	1.1497815594090803
RP11-462G12.1	SRR5949324	1.1499000124654937
RP11-462G12.1	SRR5949325	1.1498041981068907
RP11-462G12.1	SRR5949326	1.1497815594090803
RP11-462G12.1	SRR5949327	1.1490004023259148
RP11-462G12.1	SRR5949328	1.1498283651018633
RP11-462G12.1	SRR5949329	1.1498283651018633
RP11-462G12.1	SRR5949330	1.1498041981068907
RP11-462G12.1	SRR5949331	1.1498700492655702
RP11-462G12.1	SRR5949332	1.1499000124654937
RP11-462G12.1	SRR5949333	1.1496993836519698
RP11-462G12.1	SRR5949334	1.1494508753827517
RP11-462G12.1	SRR5949335	1.1498758641415114
RP11-462G12.1	SRR5949336	1.149801355279094
RP11-462G12.1	SRR5949337	1.1498700492655702
RP11-462G12.1	SRR5949338	1.1498041981068907
RP11-462G12.1	SRR5949339	1.1498041981068907
RP11-462G12.1	SRR5949340	1.149614382860247
RP11-462G12.1	SRR5949341	1.149727479151349
RP11-462G12.1	SRR5949342	1.1498700492655702
RP11-462G12.1	SRR5949343	1.149727479151349
RP11-462G12.1	SRR5949344	1.1498283651018633
RP11-462G12.1	SRR5949345	1.1498700492655702
RP11-462G12.1	SRR5949346	1.1489824166943214
RP11-462G12.1	SRR5949347	1.1494257243385793
RP11-462G12.1	SRR5949348	1.1487709425734813
RP11-462G12.1	SRR5949349	1.1498041981068907
RP11-462G12.1	SRR5949350	1.149757132515299
RP11-462G12.1	SRR5949351	1.1497815594090803
RP11-462G12.1	SRR5949352	1.149801355279094
RP11-462G12.1	SRR5949353	1.1498041981068907
RP11-462G12.1	SRR5949354	1.1495224477062624
RP11-462G12.1	SRR5949355	1.149727479151349
RP11-462G12.1	SRR5949356	1.1467122388088349
RP11-462G12.1	SRR5949357	1.149752993629983
RP11-462G12.1	SRR5949358	1.1497815594090803
RP11-462G12.1	SRR5949359	1.1498041981068907
RP11-462G12.1	SRR5949360	1.149727479151349
RP11-462G12.1	SRR5949361	1.1496653216499102
RP11-462G12.1	SRR5949362	1.1478188840514512
RP11-462G12.1	SRR5949363	1.1498758641415114
RP11-462G12.1	SRR5949364	1.1496058907069004
RP11-462G12.1	SRR5949365	1.1494121443044876
RP11-462G12.1	SRR5949366	1.1474377159067004
RP11-462G12.1	SRR5949367	1.1499000124654937
RP11-462G12.1	SRR5949368	1.148804618132568
RP11-462G12.1	SRR5949369	1.1498758641415114
RP11-462G12.1	SRR5949370	1.1498283651018633
RP11-462G12.1	SRR5949371	1.1495565511841175
RP11-462G12.1	SRR5949372	1.149801355279094
RP11-462G12.1	SRR5949373	1.1498758641415114
RP11-462G12.1	SRR5949374	1.1496516232140812
RP11-462G12.1	SRR5949375	1.1498758641415114
RP11-462G12.1	SRR5949376	1.1499000124654937
RP11-462G12.1	SRR5949377	1.1498041981068907
RP11-462G12.1	SRR5949378	1.1499000124654937
RP11-462G12.1	SRR5949379	1.1498041981068907
RP11-462G12.1	SRR5949380	1.1489471817569916
RP11-462G12.1	SRR5949381	1.1495012298161975
RP11-462G12.1	SRR5949382	1.1498283651018633
RP11-462G12.1	SRR5949383	1.1496993836519698
RP11-462G12.1	SRR5949384	1.1498758641415114
RP11-462G12.1	SRR5949385	1.149659680044542
RP11-462G12.1	SRR5949386	1.1499000124654937
RP11-462G12.1	SRR5949387	1.147930185304594
RP11-462G12.1	SRR5949388	1.1495224477062624
RP11-462G12.1	SRR5949389	1.1499000124654937
RP11-462G12.1	SRR5949390	1.1497815594090803
RP11-462G12.1	SRR5949391	1.1495565511841175
RP11-462G12.1	SRR5949392	1.1499000124654937
RP11-462G12.1	SRR5949393	1.1495565511841175
RP11-462G12.1	SRR5949394	1.1495012298161975
RP11-462G12.1	SRR5949395	1.1497815594090803
RP11-462G12.1	SRR5949396	1.1489204896371397
RP11-462G12.1	SRR5949397	1.1498758641415114
RP11-462G12.1	SRR5949398	1.1498700492655702
RP11-462G12.1	SRR5949399	1.1497815594090803
RP11-462G12.1	SRR5949400	1.1442239823514004
RP11-462G12.1	SRR5949401	1.1499000124654937
RP11-462G12.1	SRR5949402	1.149801355279094
RP11-462G12.1	SRR5949403	1.149757132515299
RP11-462G12.1	SRR5949404	1.1495611354981103
RP11-462G12.1	SRR5949405	1.1498041981068907
RP11-462G12.1	SRR5949406	1.1498758641415114
RP11-462G12.1	SRR5949407	1.1498041981068907
RP11-462G12.1	SRR5949408	1.1498041981068907
RP11-462G12.1	SRR5949409	1.149801355279094
RP11-462G12.1	SRR5949410	1.149801355279094
RP11-462G12.1	SRR5949411	1.1499000124654937
RP11-462G12.1	SRR5949412	1.1496653216499102
RP11-462G12.1	SRR5949413	1.1498041981068907
RP11-462G12.1	SRR5949414	1.1498283651018633
RP11-462G12.1	SRR5949415	1.1498700492655702
RP11-462G12.1	SRR5949416	1.149752993629983
RP11-462G12.1	SRR5949417	1.1496993836519698
RP11-462G12.1	SRR5949418	1.1498041981068907
RP11-462G12.1	SRR5949419	1.1498283651018633
RP11-462G12.1	SRR5949420	1.149727479151349
RP11-462G12.1	SRR5949421	1.1496993836519698
RP11-462G12.1	SRR5949422	1.149752993629983
RP11-462G12.1	SRR5949423	1.149752993629983
RP11-462G12.1	SRR5949424	1.1499000124654937
RP11-462G12.1	SRR5949425	1.149752993629983
RP11-462G12.1	SRR5949426	1.1498700492655702
RP11-462G12.1	SRR5949427	1.149752993629983
RP11-462G12.1	SRR5949428	1.1499000124654937
RP11-462G12.1	SRR5949429	1.149461221160821
RP11-462G12.1	SRR5949430	1.1497815594090803
RP11-462G12.1	SRR5949431	1.1497815594090803
RP11-462G12.1	SRR5949432	1.149801355279094
RP11-462G12.1	SRR5949433	1.149757132515299
RP11-462G12.1	SRR5949434	1.149757132515299
RP11-462G12.1	SRR5949435	1.1495510677538354
RP11-462G12.1	SRR5949436	1.1498283651018633
RP11-462G12.1	SRR5949437	1.149461221160821
RP11-462G12.1	SRR5949438	1.1493806150832857
RP11-462G12.1	SRR5949439	1.1498758641415114
RP11-462G12.1	SRR5949440	1.1498700492655702
RP11-462G12.1	SRR5949441	1.1498700492655702
RP11-462G12.1	SRR5949442	1.1496516232140812
RP11-462G12.1	SRR5949443	1.1495611354981103
RP11-462G12.1	SRR5949444	1.1495012298161975
RP11-462G12.1	SRR5949445	1.1499000124654937
RP11-462G12.1	SRR5949446	1.1498700492655702
RP11-462G12.1	SRR5949447	1.149757132515299
RP11-462G12.1	SRR5949448	1.1499000124654937
RP11-462G12.1	SRR5949449	1.1499000124654937
RP11-462G12.1	SRR5949450	1.1497815594090803
RP11-462G12.1	SRR5949451	1.1496993836519698
RP11-462G12.1	SRR5949452	1.1498041981068907
RP11-462G12.1	SRR5949453	1.1497815594090803
RP11-462G12.1	SRR5949454	1.1498041981068907
RP11-462G12.1	SRR5949455	1.149757132515299
RP11-462G12.1	SRR5949456	1.1498758641415114
RP11-462G12.1	SRR5949457	1.1498700492655702
RP11-462G12.1	SRR5949458	1.1498758641415114
RP11-462G12.1	SRR5949459	1.149801355279094
RP11-462G12.1	SRR5949460	1.1495611354981103
RP11-462G12.1	SRR5949461	1.1490004023259148
RP11-462G12.1	SRR5949462	1.1498283651018633
RP11-462G12.1	SRR5949463	1.1495510677538354
RP11-462G12.1	SRR5949464	1.1494610034998385
RP11-462G12.1	SRR5949465	1.1489587806071277
RP11-462G12.1	SRR5949466	1.1497815594090803
RP11-462G12.1	SRR5949467	1.1489471817569916
RP11-462G12.1	SRR5949468	1.1498283651018633
RP11-462G12.1	SRR5949469	1.1498700492655702
RP11-462G12.1	SRR5949470	1.1498041981068907
RP11-462G12.1	SRR5949471	1.149727479151349
RP11-462G12.1	SRR5949472	1.149801355279094
RP11-462G12.1	SRR5949473	1.149801355279094
RP11-462G12.1	SRR5949474	1.149757132515299
RP11-462G12.1	SRR5949475	1.1499000124654937
RP11-462G12.1	SRR5949476	1.1498041981068907
RP11-462G12.1	SRR5949477	1.1498700492655702
RP11-462G12.1	SRR5949478	1.149801355279094
RP11-462G12.1	SRR5949479	1.149283393549715
RP11-462G12.1	SRR5949480	1.149752993629983
RP11-462G12.1	SRR5949481	1.1498700492655702
RP11-462G12.1	SRR5949482	1.1496653216499102
RP11-462G12.1	SRR5949483	1.1492630102128836
RP11-462G12.1	SRR5949484	1.1498283651018633
RP11-462G12.1	SRR5949485	1.1495012298161975
RP11-462G12.1	SRR5949486	1.149757132515299
RP11-462G12.1	SRR5949487	1.149752993629983
RP11-462G12.1	SRR5949488	1.149461221160821
RP11-462G12.1	SRR5949489	1.1496058907069004
RP11-462G12.1	SRR5949490	1.1496058907069004
RP11-462G12.1	SRR5949491	1.149757132515299
RP11-462G12.1	SRR5949492	1.1496058907069004
RP11-462G12.1	SRR5949493	1.149727479151349
RP11-462G12.1	SRR5949494	1.1499000124654937
RP11-462G12.1	SRR5949495	1.1494707522857042
RP11-462G12.1	SRR5949496	1.149727479151349
RP11-462G12.1	SRR5949497	1.149727479151349
RP11-462G12.1	SRR5949498	1.1497815594090803
RP11-462G12.1	SRR5949499	1.1498283651018633
RP11-462G12.1	SRR5949500	1.1494121443044876
RP11-462G12.1	SRR5949501	1.149515806070026
RP11-462G12.1	SRR5949502	1.1492573238148507
RP11-462G12.1	SRR5949503	1.149639556483191
RP11-462G12.1	SRR5949504	1.1498041981068907
RP11-462G12.1	SRR5949505	1.1498041981068907
RP11-462G12.1	SRR5949506	1.1498041981068907
RP11-462G12.1	SRR5949507	1.1498700492655702
RP11-462G12.1	SRR5949508	1.149752993629983
RP11-462G12.1	SRR5949509	1.1498283651018633
RP11-462G12.1	SRR5949510	1.1498041981068907
RP11-462G12.1	SRR5949511	1.1489592829745587
RP11-462G12.1	SRR5949512	1.149801355279094
RP11-462G12.1	SRR5949513	1.1499000124654937
RP11-462G12.1	SRR5949514	1.149659680044542
RP11-462G12.1	SRR5949515	1.1498283651018633
RP11-462G12.1	SRR5949516	1.149757132515299
RP11-462G12.1	SRR5949517	1.1498041981068907
RP11-462G12.1	SRR5949518	1.149283393549715
RP11-462G12.1	SRR5949519	1.1496058907069004
RP11-462G12.1	SRR5949520	1.1498700492655702
RP11-462G12.1	SRR5949521	1.1490859664004887
RP11-462G12.1	SRR5949522	1.149801355279094
RP11-462G12.1	SRR5949523	1.1498700492655702
RP11-462G12.1	SRR5949524	1.149757132515299
RP11-462G12.1	SRR5949525	1.149659680044542
RP11-462G12.1	SRR5949526	1.1489944018824365
RP11-462G12.1	SRR5949527	1.149639556483191
RP11-462G12.1	SRR5949528	1.1483720675437479
RP11-462G12.1	SRR5949529	1.1495224477062624
RP11-462G12.1	SRR5949530	1.149727479151349
RP11-462G12.1	SRR5949531	1.1496653216499102
RP11-462G12.1	SRR5949532	1.1498700492655702
RP11-462G12.1	SRR5949533	1.1499000124654937
RP11-462G12.1	SRR5949534	1.149659680044542
RP11-462G12.1	SRR5949535	1.1498283651018633
RP11-462G12.1	SRR5949536	1.1497815594090803
RP11-462G12.1	SRR5949537	1.1498700492655702
RP11-462G12.1	SRR5949538	1.1499000124654937
RP11-462G12.1	SRR5949539	1.149727479151349
RP11-462G12.1	SRR5949540	1.1495611354981103
RP11-462G12.1	SRR5949541	1.149727479151349
RP11-462G12.1	SRR5949542	1.1495224477062624
RP11-462G12.1	SRR5949543	1.149752993629983
RP11-462G12.1	SRR5949544	1.1495611354981103
RP11-462G12.1	SRR5949545	1.149283393549715
RP11-462G12.1	SRR5949546	1.149639556483191
RP11-462G12.1	SRR5949547	1.1499000124654937
RP11-462G12.1	SRR5949548	1.149757132515299
RP11-462G12.1	SRR5949549	1.1494121443044876
RP11-462G12.1	SRR5949550	1.1489471817569916
RP11-462G12.1	SRR5949551	1.149801355279094
RP11-462G12.1	SRR5949552	1.1494823274298185
RP11-462G12.1	SRR5949553	1.1498758641415114
RP11-462G12.1	SRR5949554	1.1498041981068907
RP11-462G12.1	SRR5949555	1.1409427054301
RP11-462G12.1	SRR5949556	1.149515806070026
RP11-462G12.1	SRR5949557	1.1497815594090803
RP11-462G12.1	SRR5949558	1.1494707522857042
RP11-462G12.1	SRR5949559	1.1498283651018633
RP11-462G12.1	SRR5949560	1.1498283651018633
RP11-462G12.1	SRR5949561	1.1490061236504394
RP11-462G12.1	SRR5949562	1.1495012298161975
RP11-462G12.1	SRR5949563	1.1497815594090803
RP11-462G12.1	SRR5949564	1.149801355279094
RP11-462G12.1	SRR5949565	1.1498758641415114
RP11-462G12.1	SRR5949566	1.1498283651018633
RP11-462G12.1	SRR5949567	1.1479342052496542
RP11-462G12.1	SRR5949568	1.1495565511841175
RP11-462G12.1	SRR5949569	1.149614382860247
RP11-462G12.1	SRR5949570	1.149727479151349
RP11-462G12.1	SRR5949571	1.1493287860193127
RP11-462G12.1	SRR5949572	1.1496993836519698
RP11-462G12.1	SRR5949573	1.1495565511841175
RP11-462G12.1	SRR5949574	1.1497815594090803
RP11-462G12.1	SRR5949575	1.149752993629983
RP11-462G12.1	SRR5949576	1.1496993836519698
RP11-462G12.1	SRR5949577	1.1498758641415114
RP11-462G12.1	SRR5949578	1.1497815594090803
RP11-462G12.1	SRR5949579	1.1498283651018633
RP11-462G12.1	SRR5949580	1.1498283651018633
RP11-462G12.1	SRR5949581	1.1499000124654937
RP11-462G12.1	SRR5949582	1.149614382860247
RP11-462G12.1	SRR5949583	1.1498758641415114
RP11-462G12.1	SRR5949584	1.1489713533334538
RP11-462G12.1	SRR5949585	1.149801355279094
RP11-462G12.1	SRR5949586	1.1498041981068907
RP11-462G12.1	SRR5949587	1.149757132515299
RP11-462G12.1	SRR5949588	1.14823324140182
RP11-462G12.1	SRR5949589	1.1499000124654937
RP11-462G12.1	SRR5949590	1.149639556483191
RP11-462G12.1	SRR5949591	1.1498283651018633
RP11-462G12.1	SRR5949592	1.1496653216499102
RP11-462G12.1	SRR5949593	1.1499000124654937
RP11-462G12.1	SRR5949594	1.1496993836519698
RP11-462G12.1	SRR5949595	1.1498041981068907
RP11-462G12.1	SRR5949596	1.149757132515299
RP11-462G12.1	SRR5949597	1.1492327898220787
RP11-462G12.1	SRR5949598	1.149727479151349
RP11-462G12.1	SRR5949599	1.149639556483191
RP11-462G12.1	SRR5949600	1.1497815594090803
RP11-462G12.1	SRR5949601	1.1496993836519698
RP11-462G12.1	SRR5949602	1.1499000124654937
RP11-462G12.1	SRR5949603	1.149801355279094
RP11-462G12.1	SRR5949604	1.1498041981068907
RP11-462G12.1	SRR5949605	1.1496993836519698
RP11-462G12.1	SRR5949606	1.1494707522857042
RP11-462G12.1	SRR5949607	1.1498700492655702
RP11-462G12.1	SRR5949608	1.1490004023259148
RP11-462G12.1	SRR5950246	1.1489592829745587
RP11-462G12.1	SRR5950247	1.1494707522857042
RP11-462G12.1	SRR5950248	1.1497815594090803
RP11-462G12.1	SRR5950249	1.1499000124654937
RP11-462G12.1	SRR5950250	1.1495611354981103
RP11-462G12.1	SRR5950251	1.1497815594090803
RP11-462G12.1	SRR5950252	1.1498758641415114
RP11-462G12.1	SRR5950253	1.1498041981068907
RP11-462G12.1	SRR5950254	1.1494707522857042
RP11-462G12.1	SRR5950255	1.1492327898220787
RP11-462G12.1	SRR5950256	1.14882817140177
RP11-462G12.1	SRR5950257	1.1487945702274995
RP11-462G12.1	SRR5950258	1.149801355279094
RP11-462G12.1	SRR5950259	1.1498283651018633
RP11-462G12.1	SRR5950260	1.1497815594090803
RP11-462G12.1	SRR5950261	1.149801355279094
RP11-462G12.1	SRR5950262	1.149659680044542
RP11-462G12.1	SRR5950263	1.1492573238148507
RP11-462G12.1	SRR5950264	1.1498700492655702
RP11-462G12.1	SRR5950265	1.1495611354981103
RP11-462G12.1	SRR5950266	1.1489684643066176
RP11-462G12.1	SRR5950267	1.149801355279094
RP11-462G12.1	SRR5950268	1.1496993836519698
RP11-462G12.1	SRR5950269	1.149727479151349
RP11-462G12.1	SRR5950270	1.1494610034998385
RP11-462G12.1	SRR5950271	1.1499000124654937
RP11-462G12.1	SRR5950272	1.1499000124654937
RP11-462G12.1	SRR5950273	1.1497815594090803
RP11-462G12.1	SRR5950274	1.1496516232140812
RP11-462G12.1	SRR5950275	1.1496993836519698
RP11-462G12.1	SRR5950276	1.149801355279094
RP11-462G12.1	SRR5950277	1.149515806070026
RP11-462G12.1	SRR5950278	1.1492438683694057
RP11-462G12.1	SRR5950279	1.149757132515299
RP11-462G12.1	SRR5950280	1.1498041981068907
RP11-462G12.1	SRR5950281	1.1496993836519698
RP11-462G12.1	SRR5950282	1.1493287860193127
RP11-462G12.1	SRR5950283	1.149801355279094
RP11-462G12.1	SRR5950284	1.1466271340242074
RP11-462G12.1	SRR5950285	1.1494823274298185
RP11-462G12.1	SRR5950286	1.1497815594090803
RP11-462G12.1	SRR5950287	1.1491016556665985
RP11-462G12.1	SRR5950288	1.1495510677538354
RP11-462G12.1	SRR5950289	1.1490061236504394
RP11-462G12.1	SRR5950290	1.1498283651018633
RP11-462G12.1	SRR5950291	1.149801355279094
RP11-462G12.1	SRR5950292	1.1496653216499102
RP11-462G12.1	SRR5950293	1.1494610034998385
RP11-462G12.1	SRR5950294	1.1499000124654937
RP11-462G12.1	SRR5950295	1.1498758641415114
RP11-462G12.1	SRR5950296	1.149752993629983
RP11-462G12.1	SRR5950297	1.1494508753827517
RP11-462G12.1	SRR5950298	1.1498283651018633
RP11-462G12.1	SRR5950299	1.149614382860247
RP11-462G12.1	SRR5950300	1.149757132515299
RP11-462G12.1	SRR5950301	1.149801355279094
RP11-462G12.1	SRR5950302	1.149752993629983
RP11-462G12.1	SRR5950303	1.149614382860247
RP11-462G12.1	SRR5950304	1.149461221160821
RP11-462G12.1	SRR5950305	1.149752993629983
RP11-462G12.1	SRR5950306	1.149752993629983
RP11-462G12.1	SRR5950307	1.1496058907069004
RP11-462G12.1	SRR5950308	1.1496653216499102
RP11-462G12.1	SRR5950309	1.1496993836519698
RP11-462G12.1	SRR5950310	1.1497815594090803
RP11-462G12.1	SRR5950311	1.1498700492655702
RP11-462G12.1	SRR5950312	1.149801355279094
RP11-462G12.1	SRR5950313	1.1496653216499102
RP11-462G12.1	SRR5950314	1.1498283651018633
RP11-462G12.1	SRR5950315	1.149801355279094
RP11-462G12.1	SRR5950316	1.1498700492655702
RP11-462G12.1	SRR5950317	1.149614382860247
RP11-462G12.1	SRR5950318	1.1494610034998385
RP11-462G12.1	SRR5950319	1.149639556483191
RP11-462G12.1	SRR5950320	1.149614382860247
RP11-462G12.1	SRR5950321	1.148836459359721
RP11-462G12.1	SRR5950322	1.1495224477062624
RP11-462G12.1	SRR5950323	1.1496516232140812
RP11-462G12.1	SRR5950324	1.1498283651018633
RP11-462G12.1	SRR5950325	1.149659680044542
RP11-462G12.1	SRR5950326	1.149515806070026
RP11-462G12.1	SRR5950327	1.149801355279094
RP11-462G12.1	SRR5950328	1.149801355279094
RP11-462G12.1	SRR5950329	1.149752993629983
RP11-462G12.1	SRR5950330	1.149639556483191
RP11-462G12.1	SRR5950331	1.1493287860193127
RP11-462G12.1	SRR5950332	1.1494707522857042
RP11-462G12.1	SRR5950333	1.1498283651018633
RP11-462G12.1	SRR5950334	1.1498283651018633
RP11-462G12.1	SRR5950335	1.1498283651018633
RP11-462G12.1	SRR5950336	1.1477909267796054
RP11-462G12.1	SRR5950337	1.1490522198255662
RP11-462G12.1	SRR5950338	1.1484554126990747
RP11-462G12.1	SRR5950339	1.1499000124654937
RP11-462G12.1	SRR5950340	1.1496058907069004
RP11-462G12.1	SRR5950341	1.1496653216499102
RP11-462G12.1	SRR5950342	1.1498700492655702
RP11-462G12.1	SRR5950343	1.1496653216499102
RP11-462G12.1	SRR5950344	1.1495224477062624
RP11-462G12.1	SRR5950345	1.1496516232140812
RP11-462G12.1	SRR5950346	1.149801355279094
RP11-462G12.1	SRR5950347	1.149752993629983
RP11-462G12.1	SRR5950348	1.1496058907069004
RP11-462G12.1	SRR5950349	1.1498758641415114
RP11-462G12.1	SRR5950350	1.1497815594090803
RP11-462G12.1	SRR5950351	1.1491016556665985
RP11-462G12.1	SRR5950352	1.1498700492655702
RP11-462G12.1	SRR5950353	1.149752993629983
RP11-462G12.1	SRR5950354	1.1498700492655702
RP11-462G12.1	SRR5950355	1.1498700492655702
RP11-462G12.1	SRR5950356	1.1489979896611313
RP11-462G12.1	SRR5950357	1.1498700492655702
RP11-462G12.1	SRR5950358	1.149614382860247
RP11-462G12.1	SRR5950359	1.149727479151349
RP11-462G12.1	SRR5950360	1.1498700492655702
RP11-462G12.1	SRR5950361	1.1498700492655702
RP11-462G12.1	SRR5950362	1.1495224477062624
RP11-462G12.1	SRR5950363	1.1494508753827517
RP11-462G12.1	SRR5950364	1.149639556483191
RP11-462G12.1	SRR5950365	1.1498041981068907
RP11-462G12.1	SRR5950366	1.1498283651018633
RP11-462G12.1	SRR5950367	1.1489024179979748
RP11-462G12.1	SRR5950368	1.149752993629983
RP11-462G12.1	SRR5950369	1.1499000124654937
RP11-462G12.1	SRR5950370	1.1499000124654937
RP11-462G12.1	SRR5950371	1.149801355279094
RP11-462G12.1	SRR5950372	1.1498041981068907
RP11-462G12.1	SRR5950373	1.149757132515299
RP11-462G12.1	SRR5950374	1.149757132515299
RP11-462G12.1	SRR5950375	1.1498700492655702
RP11-462G12.1	SRR5950376	1.1499000124654937
RP11-462G12.1	SRR5950377	1.1494121443044876
RP11-462G12.1	SRR5950378	1.149757132515299
RP11-462G12.1	SRR5950379	1.149752993629983
RP11-462G12.1	SRR5950380	1.1496653216499102
RP11-462G12.1	SRR5950381	1.149659680044542
RP11-462G12.1	SRR5950382	1.1491016556665985
RP11-462G12.1	SRR5950383	1.1498758641415114
RP11-462G12.1	SRR5950384	1.1498283651018633
RP11-462G12.1	SRR5950385	1.1490859664004887
RP11-462G12.1	SRR5950386	1.1498700492655702
RP11-462G12.1	SRR5950387	1.1498758641415114
RP11-462G12.1	SRR5950388	1.1495611354981103
RP11-462G12.1	SRR5950389	1.1485352709618715
RP11-462G12.1	SRR5950390	1.1496993836519698
RP11-462G12.1	SRR5950391	1.1499000124654937
RP11-462G12.1	SRR5950392	1.1491016556665985
RP11-462G12.1	SRR5950393	1.1495565511841175
RP11-462G12.1	SRR5950394	1.149727479151349
RP11-462G12.1	SRR5950395	1.149752993629983
RP11-462G12.1	SRR5950396	1.1499000124654937
RP11-462G12.1	SRR5950397	1.1498758641415114
RP11-462G12.1	SRR5950398	1.1498758641415114
RP11-462G12.1	SRR5950399	1.149659680044542
RP11-462G12.1	SRR5950400	1.1496993836519698
RP11-462G12.1	SRR5950401	1.1498700492655702
RP11-462G12.1	SRR5950402	1.1498700492655702
RP11-462G12.1	SRR5950403	1.1497815594090803
RP11-462G12.1	SRR5950404	1.1498041981068907
RP11-462G12.1	SRR5950405	1.14823324140182
RP11-462G12.1	SRR5950406	1.1493806150832857
RP11-462G12.1	SRR5950407	1.149801355279094
RP11-462G12.1	SRR5950408	1.149461221160821
RP11-462G12.1	SRR5950409	1.1495565511841175
RP11-462G12.1	SRR5950410	1.1499000124654937
RP11-462G12.1	SRR5950411	1.1498283651018633
RP11-462G12.1	SRR5950412	1.1498700492655702
RP11-462G12.1	SRR5950413	1.1493657120956842
RP11-462G12.1	SRR5950414	1.149801355279094
RP11-462G12.1	SRR5950415	1.149614382860247
RP11-462G12.1	SRR5950416	1.1496653216499102
RP11-462G12.1	SRR5950417	1.1496993836519698
RP11-462G12.1	SRR5950418	1.1495510677538354
RP11-462G12.1	SRR5950419	1.1498700492655702
RP11-462G12.1	SRR5950420	1.149752993629983
RP11-462G12.1	SRR5950421	1.1495611354981103
RP11-462G12.1	SRR5950422	1.1494707522857042
RP11-462G12.1	SRR5950423	1.149757132515299
RP11-462G12.1	SRR5950424	1.1498283651018633
RP11-462G12.1	SRR5950425	1.1498700492655702
RP11-462G12.1	SRR5950426	1.1496058907069004
RP11-462G12.1	SRR5950427	1.1498283651018633
RP11-462G12.1	SRR5950428	1.149757132515299
RP11-462G12.1	SRR5950429	1.1498700492655702
RP11-462G12.1	SRR5950430	1.149727479151349
RP11-462G12.1	SRR5950431	1.149727479151349
RP11-462G12.1	SRR5950432	1.1498041981068907
RP11-462G12.1	SRR5950433	1.149801355279094
RP11-462G12.1	SRR5950434	1.1495611354981103
RP11-462G12.1	SRR5950435	1.149757132515299
RP11-462G12.1	SRR5950436	1.1498700492655702
RP11-462G12.1	SRR5950437	1.149727479151349
RP11-462G12.1	SRR5950438	1.1498283651018633
RP11-462G12.1	SRR5950439	1.1498758641415114
RP11-462G12.1	SRR5950440	1.145365413736815
RP11-462G12.1	SRR5950441	1.1494707522857042
RP11-462G12.1	SRR5950442	1.1497815594090803
RP11-462G12.1	SRR5950443	1.149659680044542
RP11-462G12.1	SRR5950444	1.149801355279094
RP11-462G12.1	SRR5950445	1.1498041981068907
RP11-462G12.1	SRR5950446	1.1496516232140812
RP11-462G12.1	SRR5950447	1.1494257243385793
RP11-462G12.1	SRR5950448	1.149801355279094
RP11-462G12.1	SRR5950449	1.1498041981068907
RP11-462G12.1	SRR5950450	1.1498700492655702
RP11-462G12.1	SRR5950451	1.1499000124654937
RP11-462G12.1	SRR5950452	1.1494823274298185
RP11-462G12.1	SRR5950453	1.1498283651018633
RP11-462G12.1	SRR5950454	1.1494823274298185
RP11-462G12.1	SRR5950455	1.1498283651018633
RP11-462G12.1	SRR5950456	1.149757132515299
RP11-462G12.1	SRR5950457	1.149659680044542
RP11-462G12.1	SRR5950458	1.1499000124654937
RP11-462G12.1	SRR5950459	1.149752993629983
RP11-462G12.1	SRR5950460	1.149752993629983
RP11-462G12.1	SRR5950461	1.1497815594090803
RP11-462G12.1	SRR5950462	1.1492630102128836
RP11-462G12.1	SRR5950463	1.149614382860247
RP11-462G12.1	SRR5950464	1.149515806070026
RP11-462G12.1	SRR5950465	1.1449587156171235
RP11-462G12.1	SRR5950466	1.149801355279094
RP11-462G12.1	SRR5950467	1.149752993629983
RP11-462G12.1	SRR5950468	1.149801355279094
RP11-462G12.1	SRR5950469	1.149639556483191
RP11-462G12.1	SRR5950470	1.1498700492655702
RP11-462G12.1	SRR5963912	1.1499000124654937
RP11-462G12.1	SRR5963913	1.1495224477062624
RP11-462G12.1	SRR5963914	1.1499000124654937
RP11-462G12.1	SRR5963915	1.1495611354981103
RP11-462G12.1	SRR5963916	1.1494121443044876
RP11-462G12.1	SRR5963917	1.1496993836519698
RP11-462G12.1	SRR5963918	1.149727479151349
RP11-462G12.1	SRR5963919	1.1498041981068907
RP11-462G12.1	SRR5963920	1.149757132515299
RP11-462G12.1	SRR5963921	1.1498283651018633
RP11-462G12.1	SRR5963922	1.1496653216499102
RP11-462G12.1	SRR5963923	1.149727479151349
RP11-462G12.1	SRR5963924	1.1498041981068907
RP11-462G12.1	SRR5963925	1.1495224477062624
RP11-462G12.1	SRR5963926	1.149515806070026
RP11-462G12.1	SRR5963927	1.1498758641415114
RP11-462G12.1	SRR5963928	1.1494823274298185
RP11-462G12.1	SRR5963929	1.149801355279094
RP11-462G12.1	SRR5963930	1.1493287860193127
RP11-462G12.1	SRR5963931	1.1499000124654937
RP11-462G12.1	SRR5963932	1.149757132515299
RP11-462G12.1	SRR5963933	1.149659680044542
RP11-462G12.1	SRR5963934	1.1494257243385793
RP11-462G12.1	SRR5963935	1.1499000124654937
RP11-462G12.1	SRR5963936	1.1495510677538354
RP11-462G12.1	SRR5963937	1.1492573238148507
RP11-462G12.1	SRR5963938	1.149801355279094
RP11-462G12.1	SRR5963939	1.1498041981068907
RP11-462G12.1	SRR5963940	1.1498700492655702
RP11-462G12.1	SRR5963941	1.1499000124654937
RP11-462G12.1	SRR5963942	1.1499000124654937
RP11-462G12.1	SRR5963943	1.1498283651018633
RP11-462G12.1	SRR5963944	1.1499000124654937
RP11-462G12.1	SRR5963945	1.1498758641415114
RP11-462G12.1	SRR5963946	1.149801355279094
RP11-462G12.1	SRR5963947	1.149801355279094
RP11-462G12.1	SRR5963948	1.149801355279094
RP11-462G12.1	SRR6467548	11.107867358764748
RP11-462G12.1	SRR6467549	9.149700557403508
RP11-462G12.1	SRR6467550	12.113488156459573
RP11-462G12.1	SRR6467551	6.098704914381095
RP11-462G12.1	SRR6467552	5.082613907278767
RP11-462G12.1	SRR6467553	7.223424273855979
RP11-462G12.1	SRR6467554	12.27059334746243
RP11-462G12.1	SRR6467555	10.14415162044149
RP11-462G12.1	SRR6467556	11.130107326399196
RP11-462G12.1	SRR6467557	5.057097594193129
RP11-462G12.1	SRR6467558	8.161734223640282
RP11-462G12.1	SRR6467559	9.019574616175714
RP11-462G12.1	SRR6467560	6.061289318282731
RP11-462G12.1	SRR6467561	13.096864482081996
RP11-462G12.1	SRR6467562	10.03793020797143
RP11-462G12.1	SRR6467563	7.043377552180819
RP11-462G12.1	SRR6467564	8.058488009348656
RP11-462G12.1	SRR6467565	13.126093816889258
RP11-462G12.1	SRR6467566	10.275298262095157
RP11-462G12.1	SRR6467567	7.077510084147373
RP11-462G12.1	SRR6467568	9.036917549228507
RP11-462G12.1	SRR6467569	10.146397099735317
RP11-462G12.1	SRR6467570	13.818555424463568
RP11-462G12.1	SRR6467571	5.0035992558112685
RP11-462G12.1	SRR6467572	4.024609702550738
RP11-462G12.1	SRR6467573	6.0407897070943
RP11-462G12.1	SRR6467574	11
RP11-462G12.1	SRR6467575	4.0011786962540175
RP11-462G12.1	SRR6467576	10.04674715725401
RP11-462G12.1	SRR6467577	15.021603307653049
RP11-462G12.1	SRR6467578	8.078990400459887
RP11-462G12.1	SRR6467579	10.105838312629851
RP11-462G12.1	SRR6467580	11.426310595898869
RP11-462G12.1	SRR6467581	6.8816559156472685
RP11-462G12.1	SRR6467582	11.294782030822676
RP11-462G12.1	SRR6467583	17
RP11-462G12.1	SRR6467584	3.0108930572482255
RP11-462G12.1	SRR6467585	6.533799340768227
RP11-462G12.1	SRR6467586	13.311113289765748
RP11-462G12.1	SRR6467587	11.866618614874437
RP11-462G12.1	SRR6467588	26.163547855187446
RP11-462G12.1	SRR6467589	5
RP11-462G12.1	SRR6467590	9.024870782742513
RP11-462G12.1	SRR6467591	9.094676417940013
RP11-462G12.1	SRR6467592	12.09335447572989
RP11-462G12.1	SRR6467593	6.027229724168645
RP11-462G12.1	SRR6467594	4.4125902236259025
RP11-462G12.1	SRR6467595	9.019725697121022
RP11-462G12.1	SRR6467596	4
RP11-462G12.1	SRR6467597	9.34358099416029
RP11-462G12.1	SRR6467598	11.574106961402236
RP11-462G12.1	SRR6467599	5.018703714680991
RP11-462G12.1	SRR6467600	9.043367119655075
RP11-462G12.1	SRR6467601	6.0334729042981765
RP11-462G12.1	SRR6467602	4.455822047780882
RP11-462G12.1	SRR6467603	9
RP11-462G12.1	SRR6467604	3.0126742070955372
RP11-462G12.1	SRR6467605	7.025017381180973
RP11-462G12.1	SRR6467606	11
RP11-462G12.1	SRR6467607	10
RP11-462G12.1	SRR6467608	8.021018011859098
RP11-462G12.1	SRR6467609	11.001979056541481
RP11-462G12.1	SRR6467610	10.099816979843277
RP11-462G12.1	SRR6467611	9.01914989070125
RP11-462G12.1	SRR6467612	5.029020427687766
RP11-462G12.1	SRR6467613	15
RP11-462G12.1	SRR6467614	14
RP11-462G12.1	SRR6467615	4.050814964094092
RP11-462G12.1	SRR6467616	6.059356530094701
RP11-462G12.1	SRR6467617	7.046682048957073
RP11-462G12.1	SRR6467618	5
RP11-462G12.1	SRR6467619	8.406409392098366
RP11-462G12.1	SRR6467620	7.01814753191764
RP11-462G12.1	SRR6467621	9.045964745012961
RP11-462G12.1	SRR6467622	9.13554782974544
RP11-462G12.1	SRR6467623	10.776110968491258
RP11-462G12.1	SRR6467624	7.001259399617306
RP11-462G12.1	SRR6467625	14
RP11-462G12.1	SRR6467626	1
RP11-462G12.1	SRR6467627	2.0201274951076593
RP11-462G12.1	SRR6467628	10
RP11-462G12.1	SRR6467629	7.001550945924981
RP11-462G12.1	SRR6467630	11.00791836278479
RP11-462G12.1	SRR6467631	5.004499474523829
RP11-462G12.1	SRR6467632	8.05741969652821
RP11-462G12.1	SRR6467633	14
RP11-462G12.1	SRR6467634	8.031970321588542
RP11-462G12.1	SRR6467635	12.385444929839792
RP11-462G12.1	SRR6467636	6.060485773861044
RP11-462G12.1	SRR6467637	10
RP11-462G12.1	SRR6467638	17
RP11-462G12.1	SRR6467639	8.025348076669323
RP11-462G12.1	SRR6467640	4.083673869462486
RP11-462G12.1	SRR6467641	7.0649794809128945
RP11-462G12.1	SRR6467642	5.112935423165428
RP11-462G12.1	SRR6467643	4.05005200202473
RP11-462G12.1	SRR6467644	15
RP11-462G12.1	SRR6467645	8.059918101872062
RP11-462G12.1	SRR6467646	6
RP11-462G12.1	SRR6467647	6.073748818506008
RP11-462G12.1	SRR6467648	8.046189071907095
RP11-462G12.1	SRR6467649	3.0158764076933786
RP11-462G12.1	SRR6467650	3.0164190067781913
RP11-462G12.1	SRR6467651	10.02913173016367
RP11-462G12.1	SRR6467652	8.00143931384835
RP11-462G12.1	SRR6467653	6.059534757192659
RP11-462G12.1	SRR6467654	2.0074814858723964
RP11-462G12.1	SRR6467655	5
RP11-462G12.1	SRR6467656	12.296837171349166
RP11-462G12.1	SRR6467657	7
RP11-462G12.1	SRR6467658	8
RP11-462G12.1	SRR6467659	9.499568883498862
RP11-462G12.1	SRR6467660	6.041056083159981
RP11-462G12.1	SRR6467661	9.841324857061828
RP11-462G12.1	SRR6467662	9.840979879871487
RP11-462G12.1	SRR6467663	6.016745047832367
RP11-462G12.1	SRR6467664	6.444573325399541
RP11-462G12.1	SRR6467665	7
RP11-462G12.1	SRR6467666	10
RP11-462G12.1	SRR6467667	12.732783537034418
RP11-462G12.1	SRR6467668	5.077565933670689
RP11-462G12.1	SRR6467669	10
RP11-462G12.1	SRR6467670	4
RP11-462G12.1	SRR6467671	6.53890587272328
RP11-462G12.1	SRR6467672	2.017699694916879
RP11-462G12.1	SRR6467673	3.0287700617926103
RP11-462G12.1	SRR6467674	11.068805747721548
RP11-462G12.1	SRR6467675	7.060493706049065
RP11-462G12.1	SRR6467676	6.388227447781657
RP11-462G12.1	SRR6467677	14
RP11-462G12.1	SRR6467678	15
RP11-462G12.1	SRR6467679	10
RP11-462G12.1	SRR6467680	8.08583474362816
RP11-462G12.1	SRR6467681	7
RP11-462G12.1	SRR6467682	5.029925220030917
RP11-462G12.1	SRR6467683	4.044784844839347
RP11-462G12.1	SRR6467684	6.015555027357976
RP11-462G12.1	SRR6467685	8.112766961431577
RP11-462G12.1	SRR6467686	17.024483748673454
RP11-462G12.1	SRR6467687	5.3295752720003895
RP11-462G12.1	SRR6467688	10
RP11-462G12.1	SRR6467689	9.08912618092395
RP11-462G12.1	SRR6467690	4.0218697291510965
RP11-462G12.1	SRR6467691	5.027740390684401
RP11-462G12.1	SRR6467692	8.008041830067754
RP11-462G12.1	SRR6467693	14.863127967019738
RP11-462G12.1	SRR6467694	10.075707059203193
RP11-462G12.1	SRR6467695	3.013706987215939
RP11-462G12.1	SRR6467696	15.529607109896366
RP11-462G12.1	SRR6467697	14
RP11-462G12.1	SRR6467698	5.023510944956372
RP11-462G12.1	SRR6467699	26
RP11-462G12.1	SRR6467700	10.162641048221598
RP11-462G12.1	SRR6467701	22
RP11-462G12.1	SRR6467702	8.114698429424728
RP11-462G12.1	SRR6467703	5.061675027411734
RP11-462G12.1	SRR6467704	4.011163365221578
RP11-462G12.1	SRR6467705	6.0391833050707335
RP11-462G12.1	SRR6467706	2.0369410245723216
RP11-462G12.1	SRR6467707	9
RP11-462G12.1	SRR6467708	9.015532231822318
RP11-462G12.1	SRR6467709	8
RP11-462G12.1	SRR6467710	7.006299264333361
RP11-462G12.1	SRR6467711	9.012289061989295
RP11-462G12.1	SRR6467712	3.0337419656689475
RP11-462G12.1	SRR6467713	19.787142979818654
RP11-462G12.1	SRR6467714	3.0179143111804017
RP11-462G12.1	SRR6467715	15
RP11-462G12.1	SRR6467716	7
RP11-462G12.1	SRR6467717	4.049123250174954
RP11-462G12.1	SRR6467718	2.0308182843426366
RP11-462G12.1	SRR6467719	7.025231089798146
RP11-462G12.1	SRR6467720	8
RP11-462G12.1	SRR6467721	4.0064815754296506
RP11-462G12.1	SRR6467722	12.979563351048991
RP11-462G12.1	SRR6467723	8
RP11-462G12.1	SRR6467724	12
RP11-462G12.1	SRR6467725	14
RP11-462G12.1	SRR6467726	7.158449506591922
RP11-462G12.1	SRR6467727	11.025188743234468
RP11-462G12.1	SRR6467728	10
RP11-462G12.1	SRR6467729	7.048232273750886
RP11-462G12.1	SRR6467730	9.01913739883862
RP11-462G12.1	SRR6467731	5.04940591844805
RP11-462G12.1	SRR6467732	7.07658586501663
RP11-462G12.1	SRR6467733	6.010354821214879
RP11-462G12.1	SRR6467734	12.909120768319399
RP11-462G12.1	SRR6467735	4.033060738227622
RP11-462G12.1	SRR6467736	8.049617422673514
RP11-462G12.1	SRR6467737	9.055856614411455
RP11-462G12.1	SRR6467738	5.00179930415609
RP11-462G12.1	SRR6467739	20
RP11-462G12.1	SRR6467740	13.069459101455017
RP11-462G12.1	SRR6467741	9.01834981596004
RP11-462G12.1	SRR6467742	7
RP11-462G12.1	SRR6467743	13
RP11-462G12.1	SRR6467744	13
RP11-462G12.1	SRR6467745	10.00359860831218
RP11-462G12.1	SRR6467746	6.047599746912376
RP11-462G12.1	SRR6467747	16.18736958915234
RP11-462G12.1	SRR6467748	8.556734650918457
RP11-462G12.1	SRR6467749	8
RP11-462G12.1	SRR6467750	8.018976421452484
RP11-462G12.1	SRR6467751	5.075589581932881
RP11-462G12.1	SRR6467752	1.0082145198989758
RP11-462G12.1	SRR6467753	8.652974885265104
RP11-462G12.1	SRR6467754	6.696356136282309
RP11-462G12.1	SRR6467755	9.845153552882746
RP11-462G12.1	SRR6467756	6.0075604774374725
RP11-462G12.1	SRR6467757	8
RP11-462G12.1	SRR6467758	11
RP11-462G12.1	SRR6467759	11.062297326945055
RP11-462G12.1	SRR6467760	7.054139627258545
RP11-462G12.1	SRR6467761	4.014663207989365
RP11-462G12.1	SRR6467762	6.03003321685723
RP11-462G12.1	SRR6467763	14.356666341366415
RP11-462G12.1	SRR6467764	6.7872056359324775
RP11-462G12.1	SRR6467765	7.0087031588465365
RP11-462G12.1	SRR6467766	3.0445005857748715
RP11-462G12.1	SRR6467767	4.027225301028733
RP11-462G12.1	SRR6467768	4.049906524075735
RP11-462G12.1	SRR6467769	5.089902428749545
RP11-462G12.1	SRR6467770	8
RP11-462G12.1	SRR6467771	6.269819774669394
RP11-462G12.1	SRR6467772	4.028451738799193
RP11-462G12.1	SRR6467773	9.035291971621177
RP11-462G12.1	SRR6868540	2.029667057183248
RP11-462G12.1	SRR6868541	1.0278088358193622
RP11-462G12.1	SRR6868542	1.0479902723259678
RP11-462G12.1	SRR6868543	2.0305925427855103
RP11-462G12.1	SRR6868544	2.015701336701052
RP11-462G12.1	SRR6868545	2.0498660311026504
RP11-462G12.1	SRR6868546	5.079541751021512
RP11-462G12.1	SRR6868557	1.0593600439616915
RP11-462G12.1	SRR6868558	1.0493300957915759
RP11-462G12.1	SRR6868559	2.065663623302929
RP11-462G12.1	SRR6868560	3.0299650035870673
RP11-462G12.1	SRR6868569	2.1238680436145336
RP11-462G12.1	SRR6868570	2.043639543151062
RP11-462G12.1	SRR6868571	3.13423227205724
RP11-462G12.1	SRR6868572	4.047400825120398
RP11-462G12.1	SRR6868573	1.0412832207034761
RP11-462G12.1	SRR6868574	2.024493802598694
RP11-462G12.1	SRR6868575	3.077990945263334
RP11-462G12.1	SRR6868576	7.112008563390837
RP11-462G12.1	SRR6868577	1.0327907588593586
RP11-462G12.1	SRR6868578	2.0311541204190013
RP11-462G12.1	SRR6868579	1.0440699430515605
RP11-462G12.1	SRR6868580	2.02155434233441
RP11-462G12.1	SRR6868581	1.03420300501297
RP11-462G12.1	SRR6868582	1.0329389684351513
RP11-462G12.1	SRR6868585	5.11195905968368
RP11-462G12.1	SRR6868586	1.0597439032108176
RP11-462G12.1	SRR6868587	1.060061410485746
RP11-462G12.1	SRR6868588	2.014392353762909
RP11-462G12.1	SRR6868589	1.011034509868234
RP11-462G12.1	SRR6868590	3.0970765061386403
RP11-462G12.1	SRR6868591	1.0131259716901864
RP11-462G12.1	SRR6868604	2.1518110196066402
RP11-462G12.1	SRR6868605	2.064195996821014
RP11-462G12.1	SRR6868606	2.082119350185238
RP11-462G12.1	SRR6868607	1.034652621245776
RP11-462G12.1	SRR6868608	3.0733939700765593
RP11-462G12.1	SRR6868609	2.0883830509912658
RP11-462G12.1	SRR6868610	3.1180139302413443
RP11-462G12.1	SRR6868620	3.034195024762036
RP11-462G12.1	SRR6868621	2.0441130212824103
RP11-462G12.1	SRR6868622	7.169643882828615
RP11-462G12.1	SRR6868623	2.1099706184737177
RP11-462G12.1	SRR6868636	4.1760906694403355
RP11-462G12.1	SRR6868637	4.104450063977894
RP11-462G12.1	SRR6868638	1.0463813724818791
RP11-462G12.1	SRR6868639	5.054174493443047
RP11-462G12.1	SRR6868650	1.0398318552023067
RP11-462G12.1	SRR6868651	6.174849709037758
RP11-462G12.1	SRR6868652	2.061423224402527
RP11-462G12.1	SRR6868653	7.132683170601773
RP11-462G12.1	SRR6868654	3.0453589744464447
RP11-462G12.1	SRR6868655	1.0354304322438237
RP11-462G12.1	SRR6868665	8.115747689023664
RP11-462G12.1	SRR6868666	6.061576141498799
RP11-462G12.1	SRR6868667	3.0346268528462312
RP11-462G12.1	SRR6868668	2.014957206841066
RP11-462G12.1	SRR6868669	4.030567279549123
RP11-462G12.1	SRR6868670	5.090453240158376
RP11-462G12.1	SRR6868671	2.029261423367553
RP11-462G12.1	SRR6868683	3.0384596305480835
RP11-462G12.1	SRR6868684	5.078900326583353
RP11-462G12.1	SRR6868685	5.108295203436903
RP11-462G12.1	SRR6868686	3.0309724860545217
RP11-462G12.1	SRR6868687	1.0281563268719116
RP11-462G12.1	SRR6868688	1.0273883935521193
RP11-462G12.1	SRR6868689	8.119002432761656
RP11-462G12.1	SRR6868698	5.091906387870294
RP11-462G12.1	SRR6868699	4.028231428315734
RP11-462G12.1	SRR6868700	1.0161535101018604
RP11-462G12.1	SRR6868701	2.021218040343413
RP11-462G12.1	SRR6868702	17.130686106931343
RP11-462G12.1	SRR6868713	4.041915493676896
RP11-462G12.1	SRR6868714	1.0186954098379435
RP11-462G12.1	SRR6868715	5.041702344594442
RP11-462G12.1	SRR6868716	6.040314003164275
RP11-462G12.1	SRR6868717	6.061806121572878
RP11-462G12.1	SRR6868718	9.035103700708303
RP11-462G12.1	SRR6868719	10.016203938574126
RP11-462G12.1	SRR6868720	4.0202679296148816
RP11-462G12.1	SRR6868721	2.0225974221782685
RP11-462G12.1	SRR6868722	2.0338004703727357
RP11-462G12.1	SRR6868723	3.058962043567928
RP11-462G12.1	SRR6868724	6.058466064401516
RP11-462G12.1	SRR6868725	4.0167076936763575
RP11-462G12.1	SRR6868726	6.014472938084188
RP11-462G12.1	SRR6868741	2.0290884173427592
RP11-462G12.1	SRR7632756	2.016516216101597
RP11-462G12.1	SRR7632757	1.0277332860513113
RP11-462G12.1	SRR7632758	6.063796925735459
RP11-462G12.1	SRR7632759	2.0595499215754147
RP11-462G12.1	SRR7632760	3.0608007027733026
RP11-462G12.1	SRR7632761	3.0214518028282966
RP11-462G12.1	SRR7632762	3.1458976341957707
RP11-462G12.1	SRR7632763	2.0327629643869733
RP11-462G12.1	SRR7632764	3.1109671266430166
RP11-462G12.1	SRR7632765	10.026272514823873
RP11-462G12.1	SRR7632766	4.12445699397825
RP11-462G12.1	SRR7632767	2.004744105363121
RP11-462G12.1	SRR7632768	7.11331718912629
RP11-462G12.1	SRR7632769	2.022954242016106
RP11-462G12.1	SRR7632770	1.0082791178455617
RP11-462G12.1	SRR7632771	6.155728880780704
RP11-462G12.1	SRR7632772	2.0383290752838072
RP11-462G12.1	SRR7632773	6.032571999860628
RP11-462G12.1	SRR7632774	9.05712352758281
RP11-462G12.1	SRR7632775	1.0224681510947642
RP11-462G12.1	SRR7632776	5.189443265084209
RP11-462G12.1	SRR7632777	1.0240596389952048
RP11-462G12.1	SRR7632778	6.025061540514537
RP11-462G12.1	SRR7632779	2.0522332107022434
RP11-462G12.1	SRR7632780	3.011079743022093
RP11-462G12.1	SRR7632781	3.184276594287777
RP11-462G12.1	SRR7632782	4.054709350030832
RP11-462G12.1	SRR7632783	8.058712453256986
RP11-462G12.1	SRR7632784	1.0087008852489117
RP11-462G12.1	SRR7632785	3.0215323861980785
RP11-462G12.1	SRR7632786	1.0414066016427272
RP11-462G12.1	SRR7632787	3.0117419703684054
RP11-462G12.1	SRR7632788	9.020399174996454
RP11-462G12.1	SRR7632789	2.0362848107901304
RP11-462G12.1	SRR7632790	3.029471598947061
RP11-462G12.1	SRR7632791	4.178969794790245
RP11-462G12.1	SRR7632792	2.0145947525752916
RP11-462G12.1	SRR7632793	5.0605329369662995
RP11-462G12.1	SRR7632794	1.0069477706153624
RP11-462G12.1	SRR7632795	9.029039481034687
RP11-462G12.1	SRR7632796	3.0515526912301523
RP11-462G12.1	SRR7632797	1.1507956722511705
RP11-462G12.1	SRR7632798	4.022915962184543
RP11-462G12.1	SRR7632799	5.153921385869934
RP11-462G12.1	SRR7632800	4.059886850672718
RP11-462G12.1	SRR7632801	8.042091243321012
RP11-462G12.1	SRR7632802	1.0349955306780252
RP11-462G12.1	SRR7632803	3.0719875433255974
RP11-462G12.1	SRR7632804	2.0809477580379636
RP11-462G12.1	SRR7632805	7.021655279580858
RP11-462G12.1	SRR7632806	2.0092265868927153
RP11-462G12.1	SRR7632807	1.0087172705016196
RP11-462G12.1	SRR7632808	5.041103629108282
RP11-462G12.1	SRR7632809	3.146331492071416
RP11-462G12.1	SRR7632810	10.041728190577267
RP11-462G12.1	SRR7632811	11.074876103031805
RP11-462G12.1	SRR7632812	3.0215500860990985
RP11-462G12.1	SRR7632813	6.037255777092365
RP11-462G12.1	SRR7632814	5.017800940883181
RP11-462G12.1	SRR7632815	9.070835047619884
RP11-462G12.1	SRR7632816	3.2258454455116805
RP11-462G12.1	SRR7632817	2.083172301718206
RP11-462G12.1	SRR7632818	5.027127125148692
RP11-462G12.1	SRR7632819	9.022022073177732
RP11-462G12.1	SRR7632820	6.041308481990741
RP11-462G12.1	SRR7632821	2.003451607071626
RP11-462G12.1	SRR7632822	1.0125834797761897
RP11-462G12.1	SRR7632823	7.025757702087608
RP11-462G12.1	SRR7632824	6.027446230157902
RP11-462G12.1	SRR7632825	3.008422915180084
RP11-462G12.1	SRR7632826	7.004515950377103
RP11-462G12.1	SRR7632827	1.0547962882986262
RP11-462G12.1	SRR7632828	4.103987927017778
RP11-462G12.1	SRR7632829	8.115936445350473
RP11-462G12.1	SRR7632830	1.0484469543228638
RP11-462G12.1	SRR7632831	6.055672330299512
RP11-462G12.1	SRR7632832	6.087334614798335
RP11-462G12.1	SRR7632833	4.206948146966021
RP11-462G12.1	SRR7632834	1.0291896194546106
RP11-462G12.1	SRR7632835	2.2198200294495303
RP11-462G12.1	SRR7632836	5.074685282643658
RP11-462G12.1	SRR7632837	4.025800062375942
RP11-462G12.1	SRR7632838	5.125779719854784
RP11-462G12.1	SRR7632839	4.04595135009214
RP11-462G12.1	SRR7632840	4.122293380327303
RP11-462G12.1	SRR7632841	3.3577682960132345
RP11-462G12.1	SRR7632842	5.009309249653459
RP11-462G12.1	SRR7632843	2.0750307773925294
RP11-462G12.1	SRR7632844	3.1188942019486214
RP11-462G12.1	SRR7632845	5.025027680714358
RP11-462G12.1	SRR7632846	2.098980999659981
RP11-462G12.1	SRR7632847	3.0705817601745857
RP11-462G12.1	SRR7632848	9.082172222876217
RP11-462G12.1	SRR7632849	5.05692330710537
RP11-462G12.1	SRR7632850	7.090199509204603
RP11-462G12.1	SRR7632851	3.0303355203749276
RP11-462G12.1	SRR7632852	2.002520159145824
RP11-462G12.1	SRR7632853	7.035543417026764
RP11-462G12.1	SRR7632854	8.052826155498659
RP11-462G12.1	SRR7632855	8
RP11-462G12.1	SRR7632856	4.025934930548531
RP11-462G12.1	SRR7632857	5.367882272381814
RP11-462G12.1	SRR7632858	5.185789758528441
RP11-462G12.1	SRR7632859	2.0792622245181303
RP11-462G12.1	SRR7632860	1.0753540533674661
RP11-462G12.1	SRR7632861	5.2719112442389395
RP11-462G12.1	SRR7632862	2.0702804979295792
RP11-462G12.1	SRR7632863	3.3823895703889915
RP11-462G12.1	SRR7632864	2.2431051012728194
RP11-462G12.1	SRR7632865	4.005854048159221
RP11-462G12.1	SRR7632866	6.0339803601518485
RP11-462G12.1	SRR7632867	1.0102904255521574
RP11-462G12.1	SRR7632868	4.102514872956979
RP11-462G12.1	SRR7632869	1.0244411302643486
RP11-462G12.1	SRR7632870	5.018994377489021
RP11-462G12.1	SRR7632871	2.10197935760659
RP11-462G12.1	SRR7632872	5.161062326593823
RP11-462G12.1	SRR7632873	5.02103810374764
RP11-462G12.1	SRR7632874	7.018605310079352
RP11-462G12.1	SRR7632875	6.009906078213924
RP11-462G12.1	SRR7632876	8.11336023937481
RP11-462G12.1	SRR7632877	6.246597816303562
RP11-462G12.1	SRR7632878	3.0662406630761647
RP11-462G12.1	SRR7632879	3.006799724998818
RP11-462G12.1	SRR7632880	4.070165354849741
RP11-462G12.1	SRR7632881	9.123807463990245
RP11-462G12.1	SRR7632882	2.0477615291906734
RP11-462G12.1	SRR7632883	3.06743719117473
RP11-462G12.1	SRR7632884	1.0337064082418486
RP11-462G12.1	SRR7632885	10.049707067986159
RP11-462G12.1	SRR7632886	2.0646049752859286
RP11-462G12.1	SRR7632887	3.030322246960009
RP11-462G12.1	SRR7632888	3.1139304677307766
RP11-462G12.1	SRR7632889	3.1025978369163623
RP11-462G12.1	SRR7632890	1.1020636592092161
RP11-462G12.1	SRR7632891	4.188206223825806
RP11-462G12.1	SRR7632892	5.029159421433672
RP11-462G12.1	SRR7632893	4.152545301085588
RP11-462G12.1	SRR7632894	2.0941151493068806
RP11-462G12.1	SRR7632895	5.057958545537282
RP11-462G12.1	SRR7632896	4.090592909266913
RP11-462G12.1	SRR7632897	5.0204256557325815
RP11-462G12.1	SRR7632898	5.018683201788155
RP11-462G12.1	SRR7632899	7.048663204231604
RP11-462G12.1	SRR7632900	5.033324066919741
RP11-462G12.1	SRR7632901	3.0190828962067475
RP11-462G12.1	SRR7632902	6.2628256436491485
RP11-462G12.1	SRR7632903	4.017595733603434
RP11-462G12.1	SRR7632904	3.1578586302600353
RP11-462G12.1	SRR7632905	4.372703701439741
RP11-462G12.1	SRR7632906	2.0330051706937757
RP11-462G12.1	SRR7632907	1.0277254099081103
RP11-462G12.1	SRR7632908	2.008014072012649
RP11-462G12.1	SRR7632909	6.020727512816823
RP11-462G12.1	SRR7632910	4.152030919241321
RP11-462G12.1	SRR7632911	3.0389527659708926
RP11-462G12.1	SRR7632912	2.0312655175396315
RP11-462G12.1	SRR7632913	2.1174448866768683
RP11-462G12.1	SRR7632914	2.062344544727043
RP11-462G12.1	SRR7632915	2.089913295894524
RP11-462G12.1	SRR7632916	3.0596535859808207
RP11-462G12.1	SRR7632917	2.1047891101971765
RP11-462G12.1	SRR7632918	4.103387416851866
RP11-462G12.1	SRR7632919	4.034936667437172
RP11-462G12.1	SRR7632920	3.0347493353933026
RP11-462G12.1	SRR7632921	5.060786991265633
RP11-462G12.1	SRR7632922	3.0260976248882536
RP11-462G12.1	SRR7632923	5.052375219255771
RP11-462G12.1	SRR7632924	4.117982971340188
RP11-462G12.1	SRR7632925	5.1754359211296155
RP11-462G12.1	SRR7632926	3.0554968309280173
RP11-462G12.1	SRR7632927	3.0615565026912512
RP11-462G12.1	SRR7632928	5.01652375957676
RP11-462G12.1	SRR7632929	1.0407855332953868
RP11-462G12.1	SRR7632930	5.004499474523829
RP11-462G12.1	SRR7632931	6.004319106973522
RP11-462G12.1	SRR7632932	3.077077888767684
RP11-462G12.1	SRR7632933	4.0851109017475276
RP11-462G12.1	SRR7632934	4.017553167965693
RP11-462G12.1	SRR7632935	1.0101118401249758
RP11-462G12.1	SRR7632936	3.063157554610714
RP11-462G12.1	SRR7632937	2.0289608157203793
RP11-462G12.1	SRR7632938	2.053352302106612
RP11-462G12.1	SRR7632939	4.112415039921538
RP11-462G12.1	SRR7632940	2.0131030492830826
RP11-462G12.1	SRR7632941	3.0644251985739484
RP11-462G12.1	SRR7632942	1.0358472927277014
RP11-462G12.1	SRR7632943	3
RP11-462G12.1	SRR7632944	6.110307365754004
RP11-462G12.1	SRR7632945	6
RP11-462G12.1	SRR8928966	3.0267060177174403
RP11-462G12.1	SRR8928967	2.0348942970967907
RP11-462G12.1	SRR8928968	2.016715308609971
RP11-462G12.1	SRR8928969	1.0084157589021454
RP11-462G12.1	SRR8928970	5.0488952154754845
RP11-462G12.1	SRR8928971	3.023440789224802
RP11-462G12.1	SRR8928972	17.936806618976195
RP11-462G12.1	SRR8928973	11.066173762712458
RP11-462G12.1	SRR8928974	1.0870766859358787
RP11-462G12.1	SRR8928975	1.0434971814877207
RP11-462G12.1	SRR8928976	1.0433938336486428
RP11-462G12.1	SRR8928977	1.0197721263293398
RP11-462G12.1	SRR8928978	7.132366307894103
RP11-462G12.1	SRR8928979	1.0197172970945956
RP11-462G12.1	SRR8928980	20.32038832600264
RP11-462G12.1	SRR8928981	9.106390779545857
RP11-462G12.1	SRR8928982	1.0114917814411697
RP11-462G12.1	SRR8928983	6.011885026829466
RP11-462G12.1	SRR8928984	3.0169617034843017
RP11-462G12.1	SRR8928985	1.0170563672128556
RP11-462G12.1	SRR8928986	1.009106991032158
RP11-462G12.1	SRR8928987	5
RP11-462G12.1	SRR8928988	11
RP11-462G12.1	SRR8928989	11.198530419922815
RP11-462G12.1	SRR8928990	2.0212245569958927
RP11-462G12.1	SRR8928991	2.036023053538453
RP11-462G12.1	SRR9835604	6.086605076867152
RP11-462G12.1	SRR9835605	6.0337389577204235
RP11-462G12.1	SRR9835606	5.011027967419533
RP11-462G12.1	SRR9835607	4.036994202453737
RP11-462G12.1	SRR9835608	1.0149850838535093
RP11-462G12.1	SRR9835609	7
RP11-462G12.1	SRR9835610	4.018753220527082
RP11-462G12.1	SRR9835611	6.006663442184508
RP11-462G12.1	SRR9835612	5.01370387697027
RP11-462G12.1	SRR9835613	4.023885748240536
RP11-462G12.1	SRR9835614	2.0203514952089034
RP11-462G12.1	SRR9835615	6.238107899295597
RP11-462G12.1	SRR9835616	3.022499855507022
RP11-462G12.1	SRR9835617	6.14021811610022
RP11-462G12.1	SRR9835618	12.064775183846436
RP11-462G12.1	SRR9835619	3
RP11-462G12.1	SRR9835620	5.024498906722606
RP11-462G12.1	SRR9835621	3.0199944401518444
RP11-462G12.1	SRR9835622	3.0083186556575123
RP11-462G12.1	SRR9835623	4.000719656924175
RP11-462G12.1	SRR9835624	1.022211497308151
RP11-462G12.1	SRR9835625	3.009537414208825
RP11-462G12.1	SRR9835626	2.0154341154087088
RP11-462G12.1	SRR9835627	3.006258856248378
RP11-462G12.1	SRR9835628	2.014490601593564
RP11-462G12.1	SRR9835629	2.0410203309024597
RP11-462G12.1	SRR9835630	1.0557392610180325
RP11-462G12.1	SRR9835631	1.0808176609581337
RP11-462G12.1	SRR9835632	6.014048468772407
RP11-462G12.1	SRR9835633	2.0151414118406388
RP11-462G12.1	SRR9835634	4.025553939117405
RP11-462G12.1	SRR9835635	6.059356530094701
RP11-462G12.1	SRR9835636	4.008210862747013
RP11-462G12.1	SRR9835637	3.013564383855001
RP11-462G12.1	SRR9835638	6.059452795971648
RP11-462G12.1	SRR9835639	2.021163794319828
RP11-462G12.1	SRR9835640	3.0501835148312932
RP11-462G12.1	SRR9835641	5.019606650900654
RP11-462G12.1	SRR9835642	2.0118198710082162
RP11-462G12.1	SRR9835643	4.0154069913822665
RP11-462G12.1	SRR9835644	5.016487081830327
RP11-462G12.1	SRR9835645	1.029653410621942
RP11-462G12.1	SRR9835646	3.0283807240520666
RP11-462G12.1	SRR9835647	6.014580635845324
RP11-462G12.1	SRR9835648	3.0908634454683654
RP11-462G12.1	SRR9835649	1.0119543846885093
RP11-462G12.1	SRR9835650	4.015372556984459
RP11-462G12.1	SRR9835651	4.002879404649015
RP11-462G12.1	SRR9835652	2.032038832600264
RP11-462G12.1	SRR9835653	5.013954206526972
RP11-462G12.1	SRR9835654	4.040702990417807
RP11-462G12.1	SRR9835655	4.0206780560382285
RP11-462G12.1	SRR9835656	6.016212689253365
RP11-462G12.1	SRR9835657	6.090713477725026
RP11-462G12.1	SRR9835658	4.008045872007182
RP11-462G12.1	SRR9835659	3.0181396504630786
RP11-462G12.1	SRR9835660	3.022938700677359
RP11-462G12.1	SRR9835661	7.028381062922987
RP11-462G12.1	SRR9835662	5.0615409865224
RP11-462G12.1	SRR9835663	7.1421515245438885
RP11-462G12.1	SRR9835664	4.006903214143252
RP11-462G12.1	SRR9835665	1.004190800211773
RP11-462G12.1	SRR9835666	6
RP11-462G12.1	SRR9835667	5.042212319997829
RP11-462G12.1	SRR9835668	6
RP11-462G12.1	SRR9835669	5.133043983306142
RP11-462G12.1	SRR9835670	4.055778751859249
RP11-462G12.1	SRR9835671	6.081588539082288
RP11-462G12.1	SRR9835672	4.0071352776014555
RP11-462G12.1	SRR9835673	2.045643925767389
RP11-462G12.1	SRR9835674	5.002699199031732
RP11-462G12.1	SRR9835675	3.016193795961609
RP11-462G12.1	SRR9835676	3.2674040261074278
RP11-462G12.1	SRR9835677	5.013289507199537
RP11-462G12.1	SRR9835678	2.012181826033307
RP11-462G12.1	SRR9835679	10.616642996244153
RP11-462G12.1	SRR9835680	4.098074027135869
RP11-462G12.1	SRR9835681	7.02134566469197
RP11-462G12.1	SRR9835682	3.1821160556733066
RP11-462G12.1	SRR9835683	2.0126886473483316
RP11-462G12.1	SRR9835684	4.101204312026071
RP11-462G12.1	SRR9835685	6.0307511506541776
RP11-462G12.1	SRR9835686	3.0406006806637698
RP11-462G12.1	SRR9835687	4.018808755965097
RP11-462G12.1	SRR9835688	4
RP11-462G12.1	SRR9835689	3.0221683866595876
RP11-462G12.1	SRR9835690	4.008045872007182
RP11-462G12.1	SRR9835691	3.027056616754959
RP11-462G12.1	SRR9835692	1.0183852731914698
RP11-462G12.1	SRR9835693	5.0204256557325815
RP11-462G12.1	SRR9835694	2.0208823861994465
RP11-462G12.1	SRR9835695	6.031385821776294
RP11-462G12.1	SRR9835696	3.0296559341484133
RP11-462G12.1	SRR9835697	8.041309210516697
RP11-462G12.1	SRR9835698	3.003015686275408
RP11-462G12.1	SRR9835699	9.014583544716714
RP11-462G12.1	SRR9835700	5.01133287499803
RP11-462G12.1	SRR9835701	5.0141548086320675
RP11-462G12.1	SRR9835702	5
RP11-462G12.1	SRR9835703	1.0010799710397094
RP11-462G12.1	SRR9835704	7.03265704726629
RP11-462G12.1	SRR9835705	9.035966611787108
RP11-462G12.1	SRR9835706	3.237790546546438
RP11-462G12.1	SRR9835707	4.004442294789672
RP11-462G12.1	SRR9835708	6.006379217341644
RP11-462G12.1	SRR9835709	5.002325689260974
RP11-462G12.1	SRR9835710	3.0436909744262106
RP11-462G12.1	SRR9835711	10.004428486915478
RP11-462G12.1	SRR9835712	5.012608734731772
RP11-462G12.1	SRR9835713	5.009530141317365
RP11-462G12.1	SRR9835714	3.004636833681942
RP11-462G12.1	SRR9835715	5.025810824131366
RP11-462G12.1	SRR9835716	3.008964173275523
RP11-462G12.1	SRR9835717	5.017272927347353
RP11-462G12.1	SRR9835718	2.0312392010507807
RP11-462G12.1	SRR9835719	2.0176806503702283
RP11-462G12.1	SRR9835720	3.018898320095491
RP11-462G12.1	SRR9835721	1.0152841125038419
RP11-462G12.1	SRR9835722	5.116071061027327
RP11-462G12.1	SRR9835723	6
RP11-462G12.1	SRR9835724	6.042347142473601
RP11-462G12.1	SRR9835725	2.055723346821802
RP11-462G12.1	SRR9835726	4.002879404649015
RP11-462G12.1	SRR9835727	3.0207288826869796
RP11-462G12.1	SRR9835728	2.082000271753842
RP11-462G12.1	SRR9835729	6.01946048034647
RP11-462G12.1	SRR9835730	3.0118560590915253
RP11-462G12.1	SRR9835731	3.1534218311088162
RP11-462G12.1	SRR9835732	9.042566967075743
RP11-462G12.1	SRR9835733	3.0135227397688533
RP11-462G12.1	SRR9835734	2.0052545029647746
RP11-462G12.1	SRR9835735	3.0054936729223156
RP11-462G12.1	SRR9835736	3.036781779385278
RP11-462G12.1	SRR9835737	5.010845560618845
RP11-462G12.1	SRR9835738	4.007202398481485
RP11-462G12.1	SRR9835739	2.0552355694858697
RP11-462G12.1	SRR9835740	2.060474256580731
RP11-462G12.1	SRR9835741	6.032058046825393
RP11-462G12.1	SRR9835742	4.075689650307784
RP11-462G12.1	SRR9835743	2.0689576539919834
RP11-462G12.1	SRR9835744	6.035193483731332
RP11-462G12.1	SRR9835745	2.045322397757989
RP11-462G12.1	SRR9835746	5.055566304747561
RP11-462G12.1	SRR9835747	3.0161840714177863
RP11-462G12.1	SRR9835748	4.123411063366834
RP11-462G12.1	SRR9835749	8
RP11-462G12.1	SRR9835750	3.025253957399391
RP11-462G12.1	SRR9835751	2.01659863510997
RP11-462G12.1	SRR9835752	3.122913001461648
RP11-462G12.1	SRR9835753	2.0219792658212135
RP11-462G12.1	SRR9835754	8.01092361065715
RP11-462G12.1	SRR9835755	6.090059183010559
RP11-462G12.1	SRR9835756	1.0468852163311182
RP11-462G12.1	SRR9835757	5.020272187802134
RP11-462G12.1	SRR9835758	6.035092393879239
RP11-462G12.1	SRR9835759	2.0132959033761386
RP11-462G12.1	SRR9835760	6
RP11-462G12.1	SRR9835761	3.000539742693131
RP11-462G12.1	SRR9835762	2.205895188119846
RP11-462G12.1	SRR9835763	4.011762392448364
RP11-462G12.1	SRR9835764	4.010931068486513
RP11-462G12.1	SRR9835765	4.308922781916527
RP11-462G12.1	SRR9835766	2.0530656798938396
RP11-462G12.1	SRR9835767	3.112363041864863
RP11-462G12.1	SRR9835768	2
RP11-462G12.1	SRR9835769	6
RP11-462G12.1	SRR9835770	1.0202737577318615
RP11-462G12.1	SRR9835771	2.0109673103224925
RP11-462G12.1	SRR9835772	2.0255123176144934
RP11-462G12.1	SRR9835773	7
RP11-462G12.1	SRR9835774	2.07117167594975
RP11-462G12.1	SRR9835775	7.036304456587711
RP11-462G12.1	SRR9835776	5.016370410922241
RP11-462G12.1	SRR9835777	7.017128279138236
RP11-462G12.1	SRR9835778	2.0085652042889737
RP11-462G12.1	SRR9835779	1.0071022645360526
RP11-462G12.1	SRR9835780	4.006414466623451
RP11-462G12.1	SRR9835781	1.025583100340115
RP11-462G12.1	SRR9835782	4.020254967824525
RP11-462G12.1	SRR9835783	7
RP11-462G12.1	SRR9835784	3.012438681081086
RP11-462G12.1	SRR9835785	4.176744361938925
RP11-462G12.1	SRR9835786	4.03971937408002
RP11-462G12.1	SRR9835787	5.014481870803445
RP11-462G12.1	SRR9835788	10.01681633149913
RP11-462G12.1	SRR9835789	5
RP11-462G12.1	SRR9835790	6.043700739393353
RP11-462G12.1	SRR9835791	3.0835968723970537
RP11-462G12.1	SRR9835792	2.984145933847889
RP11-462G12.1	SRR9835793	3.0061568525389353
RP11-462G12.1	SRR9835794	4.000719656924175
RP11-462G12.1	SRR9835795	3.1721798671343593
RP11-462G12.1	SRR9835796	7.040566896480014
RP11-462G12.1	SRR9835797	3
RP11-462G12.1	SRR9835798	3.004861181572238
RP11-462G12.1	SRR9835799	4.008155473760017
RP11-462G12.1	SRR9835800	4.0047412953778885
RP11-462G12.1	SRR9835801	2.0101339648074408
RP11-462G12.1	SRR9835802	4.016107928028452
RP11-462G12.1	SRR9867812	3.167573265086595
RP11-462G12.1	SRR9867813	2.796710024166592
RP11-462G12.1	SRR9867814	6.604911617705465
RP11-462G12.1	SRR9867815	1.468926531457868
RP11-462G12.1	SRR9867816	2
RP11-462G12.1	SRR9867817	4.052277121662142
RP11-462G12.1	SRR9867818	5
RP11-462G12.1	SRR9867819	10.365871752587312
RP11-462G12.1	SRR9867820	1
RP11-462G12.1	SRR9867821	2
RP11-462G12.1	SRR9867822	4.040994918201574
RP11-462G12.1	SRR9867823	4.741617957283547
RP11-462G12.1	SRR9867824	3.0007287075045213
RP11-462G12.1	SRR9867825	2.4076204256503697
RP11-462G12.1	SRR9867826	1.6010473150495519
RP11-462G12.1	SRR9867827	0.9914184966835375
RP11-462G12.1	SRR9867828	6.064746835015103
RP11-462G12.1	SRR9867829	1.817881138812542
RP11-462G12.1	SRR9867830	1
RP11-462G12.1	SRR9867831	4.601618818755735
RP11-462G12.1	SRR9879292	11.160628792930334
RP11-462G12.1	SRR9879293	3.0436673073991676
RP11-462G12.1	SRR9879294	1.0200688164522311
RP11-462G12.1	SRR9879295	1.0197229922840128
RP11-462G12.1	SRR9879296	5.059876347248187
RP11-462G12.1	SRR9879297	1.0154935544904835
RP11-462G12.1	SRR9879298	7.074577161639841
RP11-462G12.1	SRR9879299	5.014565865081835
RP11-462G12.1	SRR9879300	10.146608527462949
RP11-462G12.1	SRR9879301	8.002878886649745
RP11-462G12.1	SRR9879302	4.041365764624539
RP11-462G12.1	SRR9879303	6.025061540514537
RP11-462G12.1	SRR9879304	3.050117898466352
RP11-462G12.1	SRR9879305	4.040322665861808
RP11-462G12.1	SRR9879306	7
RP11-462G12.1	SRR9879307	9.341679777551244
RP11-462G12.1	SRR9879308	2.022769322842148
RP11-462G12.1	SRR9879309	3.031970528074973
RP11-462G12.1	T50_307	52.27909431006531
RP11-462G12.1	T50_313	4.064077665200528
RP11-462G12.1	T50_317	9.147661890582784
RP11-462G12.1	T50_324	22.232706118420783
RP11-462G12.1	T50_427	3.0469617667063393
RP11-462G12.1	T50_428	11.071951017719861
RP11-462G12.1	T50_431	3.014249195991135
RP11-462G12.1	T50_436	4.028733448132131
RP11-462G12.1	T50_476	8.05826765252447
RP11-462G12.1	UN_307	17.21882304610571
RP11-462G12.1	UN_313	7.0976407038276825
RP11-462G12.1	UN_317	25.199992920031896
RP11-462G12.1	UN_323	11.099511107414077
RP11-462G12.1	UN_324	15.320944936889825
RP11-462G12.1	UN_427	8.061634377296633
RP11-462G12.1	UN_428	6.059336250567914
RP11-462G12.1	UN_431	5.0455349551607895
RP11-462G12.1	UN_436	3.0213067936081575
RP11-462G12.1	UN_476	10.088711650740816
