Feature	sample	counts
Planctomycetes_bacterium_Mal4	CM317	0
Planctomycetes_bacterium_Mal4	CMCD140	4
Planctomycetes_bacterium_Mal4	CMCD147	5
Planctomycetes_bacterium_Mal4	CMCD152	0
Planctomycetes_bacterium_Mal4	CMCD154	1
Planctomycetes_bacterium_Mal4	CMCD159	0
Planctomycetes_bacterium_Mal4	CMCD161	1
Planctomycetes_bacterium_Mal4	CMCD174	90
Planctomycetes_bacterium_Mal4	CMCD196	0
Planctomycetes_bacterium_Mal4	CMCD198	0
Planctomycetes_bacterium_Mal4	CMCD203	0
Planctomycetes_bacterium_Mal4	CMCD211	0
Planctomycetes_bacterium_Mal4	CMCD227	0
Planctomycetes_bacterium_Mal4	CMCD240	0
Planctomycetes_bacterium_Mal4	CMCD259	0
Planctomycetes_bacterium_Mal4	CMCD270	0
Planctomycetes_bacterium_Mal4	CMCD275	11
Planctomycetes_bacterium_Mal4	CMCD282	0
Planctomycetes_bacterium_Mal4	CMCD286	0
Planctomycetes_bacterium_Mal4	CMCD287	2
Planctomycetes_bacterium_Mal4	CMCD294	1
Planctomycetes_bacterium_Mal4	CMCD327	0
Planctomycetes_bacterium_Mal4	CMCD335	0
Planctomycetes_bacterium_Mal4	CMCD337	1
Planctomycetes_bacterium_Mal4	CMCD357	0
Planctomycetes_bacterium_Mal4	CMCD398	1
Planctomycetes_bacterium_Mal4	CMCD403	0
Planctomycetes_bacterium_Mal4	CMCD422	0
Planctomycetes_bacterium_Mal4	CMCD426	15
Planctomycetes_bacterium_Mal4	CMCD71	1
Planctomycetes_bacterium_Mal4	CMCD72	1
Planctomycetes_bacterium_Mal4	CMCD76	0
Planctomycetes_bacterium_Mal4	CMCD88	0
Planctomycetes_bacterium_Mal4	CMSA256	0
Planctomycetes_bacterium_Mal4	CMSA316	1
Planctomycetes_bacterium_Mal4	CMUC110	0
Planctomycetes_bacterium_Mal4	CMUC192	0
Planctomycetes_bacterium_Mal4	CMUC199	0
Planctomycetes_bacterium_Mal4	CMUC200	0
Planctomycetes_bacterium_Mal4	CMUC208	1
Planctomycetes_bacterium_Mal4	CMUC231	2
Planctomycetes_bacterium_Mal4	CMUC234	0
Planctomycetes_bacterium_Mal4	CMUC285	0
Planctomycetes_bacterium_Mal4	CMUC291	0
Planctomycetes_bacterium_Mal4	CMUC295	0
Planctomycetes_bacterium_Mal4	CMUC299	0
Planctomycetes_bacterium_Mal4	CMUC301	0
Planctomycetes_bacterium_Mal4	CMUC307	0
Planctomycetes_bacterium_Mal4	CMUC313	0
Planctomycetes_bacterium_Mal4	CMUC314	0
Planctomycetes_bacterium_Mal4	CMUC323	7
Planctomycetes_bacterium_Mal4	CMUC324	0
Planctomycetes_bacterium_Mal4	CMUC331	1
Planctomycetes_bacterium_Mal4	CMUC333	1
Planctomycetes_bacterium_Mal4	CMUC334	0
Planctomycetes_bacterium_Mal4	CMUC346	1
Planctomycetes_bacterium_Mal4	CMUC352	0
Planctomycetes_bacterium_Mal4	CMUC360	2
Planctomycetes_bacterium_Mal4	CMUC363	1
Planctomycetes_bacterium_Mal4	CMUC365	0
Planctomycetes_bacterium_Mal4	CMUC366	2
Planctomycetes_bacterium_Mal4	CMUC368	0
Planctomycetes_bacterium_Mal4	CMUC377	0
Planctomycetes_bacterium_Mal4	CMUC379	9
Planctomycetes_bacterium_Mal4	CMUC380	0
Planctomycetes_bacterium_Mal4	CMUC383	2
Planctomycetes_bacterium_Mal4	CMUC394	3
Planctomycetes_bacterium_Mal4	CMUC419	9
Planctomycetes_bacterium_Mal4	CMUC427	1
Planctomycetes_bacterium_Mal4	CMUC428	0
Planctomycetes_bacterium_Mal4	CMUC431	0
Planctomycetes_bacterium_Mal4	CMUC435	1
Planctomycetes_bacterium_Mal4	CMUC439	0
Planctomycetes_bacterium_Mal4	CMUC89	0
Planctomycetes_bacterium_Mal4	CS219	0
Planctomycetes_bacterium_Mal4	CS256	0
Planctomycetes_bacterium_Mal4	CS257	0
Planctomycetes_bacterium_Mal4	CS259	0
Planctomycetes_bacterium_Mal4	CS261	5
Planctomycetes_bacterium_Mal4	CS266	12
Planctomycetes_bacterium_Mal4	CS270	0
Planctomycetes_bacterium_Mal4	CS277	0
Planctomycetes_bacterium_Mal4	CS288	11
Planctomycetes_bacterium_Mal4	CS290	0
Planctomycetes_bacterium_Mal4	CS292	0
Planctomycetes_bacterium_Mal4	CS293	0
Planctomycetes_bacterium_Mal4	CS301	5
Planctomycetes_bacterium_Mal4	CS306	1
Planctomycetes_bacterium_Mal4	CS308	0
Planctomycetes_bacterium_Mal4	CS315	3
Planctomycetes_bacterium_Mal4	CS317	36
Planctomycetes_bacterium_Mal4	CS322	0
Planctomycetes_bacterium_Mal4	CS327	0
Planctomycetes_bacterium_Mal4	CS328	4
Planctomycetes_bacterium_Mal4	CS330	22
Planctomycetes_bacterium_Mal4	CS331	1
Planctomycetes_bacterium_Mal4	CS335	0
Planctomycetes_bacterium_Mal4	CS338	0
Planctomycetes_bacterium_Mal4	CS339	0
Planctomycetes_bacterium_Mal4	CS343	0
Planctomycetes_bacterium_Mal4	CS344	3
Planctomycetes_bacterium_Mal4	CS350	7
Planctomycetes_bacterium_Mal4	CS351	1
Planctomycetes_bacterium_Mal4	CS361	1
Planctomycetes_bacterium_Mal4	CS388	0
Planctomycetes_bacterium_Mal4	CS396	0
Planctomycetes_bacterium_Mal4	CS405	1
Planctomycetes_bacterium_Mal4	CS415	3
Planctomycetes_bacterium_Mal4	CS424	0
Planctomycetes_bacterium_Mal4	IM293	0
Planctomycetes_bacterium_Mal4	IM296	0
Planctomycetes_bacterium_Mal4	IM297	0
Planctomycetes_bacterium_Mal4	IM300	0
Planctomycetes_bacterium_Mal4	IM305	0
Planctomycetes_bacterium_Mal4	IM309	0
Planctomycetes_bacterium_Mal4	IM310	0
Planctomycetes_bacterium_Mal4	IM311	2
Planctomycetes_bacterium_Mal4	IM316	9
Planctomycetes_bacterium_Mal4	IM320	0
Planctomycetes_bacterium_Mal4	IM330	0
Planctomycetes_bacterium_Mal4	IM332	3
Planctomycetes_bacterium_Mal4	IM340	5
Planctomycetes_bacterium_Mal4	IM348	2
Planctomycetes_bacterium_Mal4	IM354	0
Planctomycetes_bacterium_Mal4	IM356	5
Planctomycetes_bacterium_Mal4	IM364	1
Planctomycetes_bacterium_Mal4	IM372	0
Planctomycetes_bacterium_Mal4	IM374	8
Planctomycetes_bacterium_Mal4	IM376	1
Planctomycetes_bacterium_Mal4	IM381	7
Planctomycetes_bacterium_Mal4	IM382	4
Planctomycetes_bacterium_Mal4	IM385	0
Planctomycetes_bacterium_Mal4	IM390	24
Planctomycetes_bacterium_Mal4	IM397	0
Planctomycetes_bacterium_Mal4	IM404	0
Planctomycetes_bacterium_Mal4	IM409	0
Planctomycetes_bacterium_Mal4	IM412	0
Planctomycetes_bacterium_Mal4	IM421	1
Planctomycetes_bacterium_Mal4	IM425	13
Planctomycetes_bacterium_Mal4	IM432	0
Planctomycetes_bacterium_Mal4	IM438	0
Planctomycetes_bacterium_Mal4	IM442	3
Planctomycetes_bacterium_Mal4	IM445	0
Planctomycetes_bacterium_Mal4	IM448	5
Planctomycetes_bacterium_Mal4	IM449	0
Planctomycetes_bacterium_Mal4	IM451	1
Planctomycetes_bacterium_Mal4	IMSA256	0
Planctomycetes_bacterium_Mal4	IMSA276	0
Planctomycetes_bacterium_Mal4	IMSA286	0
Planctomycetes_bacterium_Mal4	IMSA343	13
Planctomycetes_bacterium_Mal4	IS_238	0
Planctomycetes_bacterium_Mal4	IS238	0
Planctomycetes_bacterium_Mal4	IS243	0
Planctomycetes_bacterium_Mal4	IS253	2
Planctomycetes_bacterium_Mal4	IS283	1
Planctomycetes_bacterium_Mal4	IS322	3
Planctomycetes_bacterium_Mal4	IS399	1
Planctomycetes_bacterium_Mal4	IS418	1
Planctomycetes_bacterium_Mal4	IS430	1
Planctomycetes_bacterium_Mal4	IS437	0
Planctomycetes_bacterium_Mal4	IS444	0
Planctomycetes_bacterium_Mal4	R276CMSA	6
Planctomycetes_bacterium_Mal4	R286CMSA	0
Planctomycetes_bacterium_Mal4	R292CMSA	0
Planctomycetes_bacterium_Mal4	R292IMSA	0
Planctomycetes_bacterium_Mal4	R308CMSA	0
Planctomycetes_bacterium_Mal4	R316IMSA	1
Planctomycetes_bacterium_Mal4	R347CMSA	0
Planctomycetes_bacterium_Mal4	R347IMSA	0
Planctomycetes_bacterium_Mal4	R371CMSA	0
Planctomycetes_bacterium_Mal4	SRR10104064	NA
Planctomycetes_bacterium_Mal4	SRR10104065	NA
Planctomycetes_bacterium_Mal4	SRR10104066	NA
Planctomycetes_bacterium_Mal4	SRR10104067	NA
Planctomycetes_bacterium_Mal4	SRR10104068	NA
Planctomycetes_bacterium_Mal4	SRR10104069	NA
Planctomycetes_bacterium_Mal4	SRR10104070	NA
Planctomycetes_bacterium_Mal4	SRR10104071	NA
Planctomycetes_bacterium_Mal4	SRR10104072	NA
Planctomycetes_bacterium_Mal4	SRR10104073	NA
Planctomycetes_bacterium_Mal4	SRR10104074	NA
Planctomycetes_bacterium_Mal4	SRR10104075	NA
Planctomycetes_bacterium_Mal4	SRR10104076	NA
Planctomycetes_bacterium_Mal4	SRR10104077	NA
Planctomycetes_bacterium_Mal4	SRR10104078	NA
Planctomycetes_bacterium_Mal4	SRR10104079	NA
Planctomycetes_bacterium_Mal4	SRR10104080	NA
Planctomycetes_bacterium_Mal4	SRR10104081	NA
Planctomycetes_bacterium_Mal4	SRR10104082	NA
Planctomycetes_bacterium_Mal4	SRR10104083	NA
Planctomycetes_bacterium_Mal4	SRR10104084	NA
Planctomycetes_bacterium_Mal4	SRR10104085	NA
Planctomycetes_bacterium_Mal4	SRR10104086	NA
Planctomycetes_bacterium_Mal4	SRR10104087	NA
Planctomycetes_bacterium_Mal4	SRR10104088	NA
Planctomycetes_bacterium_Mal4	SRR10104089	NA
Planctomycetes_bacterium_Mal4	SRR10104090	NA
Planctomycetes_bacterium_Mal4	SRR10104091	NA
Planctomycetes_bacterium_Mal4	SRR10104092	NA
Planctomycetes_bacterium_Mal4	SRR10104093	NA
Planctomycetes_bacterium_Mal4	SRR10104094	NA
Planctomycetes_bacterium_Mal4	SRR10104095	NA
Planctomycetes_bacterium_Mal4	SRR10104096	NA
Planctomycetes_bacterium_Mal4	SRR10104097	NA
Planctomycetes_bacterium_Mal4	SRR10104098	NA
Planctomycetes_bacterium_Mal4	SRR10104099	NA
Planctomycetes_bacterium_Mal4	SRR10104100	NA
Planctomycetes_bacterium_Mal4	SRR10104101	NA
Planctomycetes_bacterium_Mal4	SRR10104102	NA
Planctomycetes_bacterium_Mal4	SRR10104103	NA
Planctomycetes_bacterium_Mal4	SRR10104104	NA
Planctomycetes_bacterium_Mal4	SRR10104105	NA
Planctomycetes_bacterium_Mal4	SRR10104106	NA
Planctomycetes_bacterium_Mal4	SRR10104107	NA
Planctomycetes_bacterium_Mal4	SRR10104108	NA
Planctomycetes_bacterium_Mal4	SRR10104109	NA
Planctomycetes_bacterium_Mal4	SRR10104110	NA
Planctomycetes_bacterium_Mal4	SRR10104111	NA
Planctomycetes_bacterium_Mal4	SRR10104112	NA
Planctomycetes_bacterium_Mal4	SRR10104113	NA
Planctomycetes_bacterium_Mal4	SRR10104114	NA
Planctomycetes_bacterium_Mal4	SRR10104115	NA
Planctomycetes_bacterium_Mal4	SRR10104116	NA
Planctomycetes_bacterium_Mal4	SRR10104117	NA
Planctomycetes_bacterium_Mal4	SRR10104118	NA
Planctomycetes_bacterium_Mal4	SRR10104119	NA
Planctomycetes_bacterium_Mal4	SRR10104120	NA
Planctomycetes_bacterium_Mal4	SRR10104121	NA
Planctomycetes_bacterium_Mal4	SRR10104122	NA
Planctomycetes_bacterium_Mal4	SRR10104123	NA
Planctomycetes_bacterium_Mal4	SRR10104124	NA
Planctomycetes_bacterium_Mal4	SRR10104125	NA
Planctomycetes_bacterium_Mal4	SRR10104126	NA
Planctomycetes_bacterium_Mal4	SRR10104127	NA
Planctomycetes_bacterium_Mal4	SRR10104128	NA
Planctomycetes_bacterium_Mal4	SRR10104129	NA
Planctomycetes_bacterium_Mal4	SRR10104130	NA
Planctomycetes_bacterium_Mal4	SRR10104131	NA
Planctomycetes_bacterium_Mal4	SRR10104132	NA
Planctomycetes_bacterium_Mal4	SRR10104133	NA
Planctomycetes_bacterium_Mal4	SRR10104134	NA
Planctomycetes_bacterium_Mal4	SRR10104135	NA
Planctomycetes_bacterium_Mal4	SRR10104136	NA
Planctomycetes_bacterium_Mal4	SRR10104137	NA
Planctomycetes_bacterium_Mal4	SRR10104138	NA
Planctomycetes_bacterium_Mal4	SRR10104139	NA
Planctomycetes_bacterium_Mal4	SRR10104140	NA
Planctomycetes_bacterium_Mal4	SRR10104141	NA
Planctomycetes_bacterium_Mal4	SRR10104142	NA
Planctomycetes_bacterium_Mal4	SRR10104143	NA
Planctomycetes_bacterium_Mal4	SRR10104144	NA
Planctomycetes_bacterium_Mal4	SRR10104145	NA
Planctomycetes_bacterium_Mal4	SRR10104146	NA
Planctomycetes_bacterium_Mal4	SRR10104147	NA
Planctomycetes_bacterium_Mal4	SRR10104148	NA
Planctomycetes_bacterium_Mal4	SRR10104149	NA
Planctomycetes_bacterium_Mal4	SRR10104150	NA
Planctomycetes_bacterium_Mal4	SRR10104151	NA
Planctomycetes_bacterium_Mal4	SRR10104152	NA
Planctomycetes_bacterium_Mal4	SRR10104153	NA
Planctomycetes_bacterium_Mal4	SRR10104154	NA
Planctomycetes_bacterium_Mal4	SRR10104155	NA
Planctomycetes_bacterium_Mal4	SRR10104156	NA
Planctomycetes_bacterium_Mal4	SRR10104157	NA
Planctomycetes_bacterium_Mal4	SRR10104158	NA
Planctomycetes_bacterium_Mal4	SRR10104159	NA
Planctomycetes_bacterium_Mal4	SRR10104160	NA
Planctomycetes_bacterium_Mal4	SRR10104161	NA
Planctomycetes_bacterium_Mal4	SRR10104162	NA
Planctomycetes_bacterium_Mal4	SRR10104163	NA
Planctomycetes_bacterium_Mal4	SRR10104164	NA
Planctomycetes_bacterium_Mal4	SRR10104165	NA
Planctomycetes_bacterium_Mal4	SRR10104166	NA
Planctomycetes_bacterium_Mal4	SRR10104167	NA
Planctomycetes_bacterium_Mal4	SRR10104168	NA
Planctomycetes_bacterium_Mal4	SRR10104169	NA
Planctomycetes_bacterium_Mal4	SRR10104170	NA
Planctomycetes_bacterium_Mal4	SRR10104171	NA
Planctomycetes_bacterium_Mal4	SRR10104172	NA
Planctomycetes_bacterium_Mal4	SRR10104173	NA
Planctomycetes_bacterium_Mal4	SRR10104174	NA
Planctomycetes_bacterium_Mal4	SRR10104175	NA
Planctomycetes_bacterium_Mal4	SRR10104176	NA
Planctomycetes_bacterium_Mal4	SRR10104177	NA
Planctomycetes_bacterium_Mal4	SRR10104178	NA
Planctomycetes_bacterium_Mal4	SRR10104179	NA
Planctomycetes_bacterium_Mal4	SRR10104180	NA
Planctomycetes_bacterium_Mal4	SRR10104181	NA
Planctomycetes_bacterium_Mal4	SRR10104182	NA
Planctomycetes_bacterium_Mal4	SRR10104183	NA
Planctomycetes_bacterium_Mal4	SRR10104184	NA
Planctomycetes_bacterium_Mal4	SRR10104185	NA
Planctomycetes_bacterium_Mal4	SRR10104186	NA
Planctomycetes_bacterium_Mal4	SRR10104187	NA
Planctomycetes_bacterium_Mal4	SRR10104188	NA
Planctomycetes_bacterium_Mal4	SRR10104189	NA
Planctomycetes_bacterium_Mal4	SRR10104190	NA
Planctomycetes_bacterium_Mal4	SRR10104191	NA
Planctomycetes_bacterium_Mal4	SRR10104192	NA
Planctomycetes_bacterium_Mal4	SRR10104193	NA
Planctomycetes_bacterium_Mal4	SRR10104194	NA
Planctomycetes_bacterium_Mal4	SRR10104195	NA
Planctomycetes_bacterium_Mal4	SRR10104196	NA
Planctomycetes_bacterium_Mal4	SRR10104197	NA
Planctomycetes_bacterium_Mal4	SRR10104198	NA
Planctomycetes_bacterium_Mal4	SRR10104199	NA
Planctomycetes_bacterium_Mal4	SRR10104200	NA
Planctomycetes_bacterium_Mal4	SRR10104201	NA
Planctomycetes_bacterium_Mal4	SRR10104202	NA
Planctomycetes_bacterium_Mal4	SRR10104203	NA
Planctomycetes_bacterium_Mal4	SRR10104204	NA
Planctomycetes_bacterium_Mal4	SRR10104205	NA
Planctomycetes_bacterium_Mal4	SRR10104206	NA
Planctomycetes_bacterium_Mal4	SRR10104207	NA
Planctomycetes_bacterium_Mal4	SRR10104208	NA
Planctomycetes_bacterium_Mal4	SRR10104209	NA
Planctomycetes_bacterium_Mal4	SRR10104210	NA
Planctomycetes_bacterium_Mal4	SRR10104211	NA
Planctomycetes_bacterium_Mal4	SRR10104212	NA
Planctomycetes_bacterium_Mal4	SRR10104213	NA
Planctomycetes_bacterium_Mal4	SRR10104214	NA
Planctomycetes_bacterium_Mal4	SRR10104215	NA
Planctomycetes_bacterium_Mal4	SRR10104216	NA
Planctomycetes_bacterium_Mal4	SRR10104217	NA
Planctomycetes_bacterium_Mal4	SRR10104218	NA
Planctomycetes_bacterium_Mal4	SRR10104219	NA
Planctomycetes_bacterium_Mal4	SRR10104220	NA
Planctomycetes_bacterium_Mal4	SRR10104221	NA
Planctomycetes_bacterium_Mal4	SRR10104222	NA
Planctomycetes_bacterium_Mal4	SRR10104223	NA
Planctomycetes_bacterium_Mal4	SRR10104224	NA
Planctomycetes_bacterium_Mal4	SRR10104225	NA
Planctomycetes_bacterium_Mal4	SRR10104226	NA
Planctomycetes_bacterium_Mal4	SRR10104227	NA
Planctomycetes_bacterium_Mal4	SRR10104228	NA
Planctomycetes_bacterium_Mal4	SRR10104229	NA
Planctomycetes_bacterium_Mal4	SRR10104230	NA
Planctomycetes_bacterium_Mal4	SRR10104231	NA
Planctomycetes_bacterium_Mal4	SRR10104232	NA
Planctomycetes_bacterium_Mal4	SRR10104233	NA
Planctomycetes_bacterium_Mal4	SRR10104234	NA
Planctomycetes_bacterium_Mal4	SRR10104235	NA
Planctomycetes_bacterium_Mal4	SRR10104236	NA
Planctomycetes_bacterium_Mal4	SRR10104237	NA
Planctomycetes_bacterium_Mal4	SRR10104238	NA
Planctomycetes_bacterium_Mal4	SRR10104239	NA
Planctomycetes_bacterium_Mal4	SRR10104240	NA
Planctomycetes_bacterium_Mal4	SRR10104241	NA
Planctomycetes_bacterium_Mal4	SRR10104242	NA
Planctomycetes_bacterium_Mal4	SRR10104243	NA
Planctomycetes_bacterium_Mal4	SRR10104244	NA
Planctomycetes_bacterium_Mal4	SRR10104245	NA
Planctomycetes_bacterium_Mal4	SRR10104246	NA
Planctomycetes_bacterium_Mal4	SRR10104247	NA
Planctomycetes_bacterium_Mal4	SRR10104248	NA
Planctomycetes_bacterium_Mal4	SRR10104249	NA
Planctomycetes_bacterium_Mal4	SRR10104250	NA
Planctomycetes_bacterium_Mal4	SRR10104251	NA
Planctomycetes_bacterium_Mal4	SRR10104252	NA
Planctomycetes_bacterium_Mal4	SRR10104253	NA
Planctomycetes_bacterium_Mal4	SRR10104254	NA
Planctomycetes_bacterium_Mal4	SRR10104255	NA
Planctomycetes_bacterium_Mal4	SRR10104256	NA
Planctomycetes_bacterium_Mal4	SRR10104257	NA
Planctomycetes_bacterium_Mal4	SRR10104258	NA
Planctomycetes_bacterium_Mal4	SRR10224277	0
Planctomycetes_bacterium_Mal4	SRR10224278	0
Planctomycetes_bacterium_Mal4	SRR10224279	0
Planctomycetes_bacterium_Mal4	SRR10224280	0
Planctomycetes_bacterium_Mal4	SRR10224281	0
Planctomycetes_bacterium_Mal4	SRR10224282	0
Planctomycetes_bacterium_Mal4	SRR10224283	0
Planctomycetes_bacterium_Mal4	SRR10224284	0
Planctomycetes_bacterium_Mal4	SRR10224285	0
Planctomycetes_bacterium_Mal4	SRR10224286	0
Planctomycetes_bacterium_Mal4	SRR10224287	0
Planctomycetes_bacterium_Mal4	SRR10224288	0
Planctomycetes_bacterium_Mal4	SRR10224289	0
Planctomycetes_bacterium_Mal4	SRR10224290	0
Planctomycetes_bacterium_Mal4	SRR10224291	0
Planctomycetes_bacterium_Mal4	SRR10224292	0
Planctomycetes_bacterium_Mal4	SRR10224293	0
Planctomycetes_bacterium_Mal4	SRR10224294	0
Planctomycetes_bacterium_Mal4	SRR10224295	0
Planctomycetes_bacterium_Mal4	SRR10224296	0
Planctomycetes_bacterium_Mal4	SRR10224297	0
Planctomycetes_bacterium_Mal4	SRR10224298	0
Planctomycetes_bacterium_Mal4	SRR10318388	NA
Planctomycetes_bacterium_Mal4	SRR10318389	NA
Planctomycetes_bacterium_Mal4	SRR10318390	NA
Planctomycetes_bacterium_Mal4	SRR10318391	NA
Planctomycetes_bacterium_Mal4	SRR10318392	NA
Planctomycetes_bacterium_Mal4	SRR10318393	NA
Planctomycetes_bacterium_Mal4	SRR10318394	NA
Planctomycetes_bacterium_Mal4	SRR10318395	NA
Planctomycetes_bacterium_Mal4	SRR10318396	NA
Planctomycetes_bacterium_Mal4	SRR10318397	NA
Planctomycetes_bacterium_Mal4	SRR10318398	NA
Planctomycetes_bacterium_Mal4	SRR10318399	NA
Planctomycetes_bacterium_Mal4	SRR10318400	NA
Planctomycetes_bacterium_Mal4	SRR10318401	NA
Planctomycetes_bacterium_Mal4	SRR10318402	NA
Planctomycetes_bacterium_Mal4	SRR10318403	NA
Planctomycetes_bacterium_Mal4	SRR10318404	NA
Planctomycetes_bacterium_Mal4	SRR10318405	NA
Planctomycetes_bacterium_Mal4	SRR10318406	NA
Planctomycetes_bacterium_Mal4	SRR10318407	NA
Planctomycetes_bacterium_Mal4	SRR10318408	NA
Planctomycetes_bacterium_Mal4	SRR10318409	NA
Planctomycetes_bacterium_Mal4	SRR10318410	NA
Planctomycetes_bacterium_Mal4	SRR10318411	NA
Planctomycetes_bacterium_Mal4	SRR10318412	NA
Planctomycetes_bacterium_Mal4	SRR10318413	NA
Planctomycetes_bacterium_Mal4	SRR10318414	NA
Planctomycetes_bacterium_Mal4	SRR10318415	NA
Planctomycetes_bacterium_Mal4	SRR10318416	NA
Planctomycetes_bacterium_Mal4	SRR10318417	NA
Planctomycetes_bacterium_Mal4	SRR10318418	NA
Planctomycetes_bacterium_Mal4	SRR10318419	NA
Planctomycetes_bacterium_Mal4	SRR10318420	NA
Planctomycetes_bacterium_Mal4	SRR10318421	NA
Planctomycetes_bacterium_Mal4	SRR10318422	NA
Planctomycetes_bacterium_Mal4	SRR10318423	NA
Planctomycetes_bacterium_Mal4	SRR10318424	NA
Planctomycetes_bacterium_Mal4	SRR10318425	NA
Planctomycetes_bacterium_Mal4	SRR10318426	NA
Planctomycetes_bacterium_Mal4	SRR10318427	NA
Planctomycetes_bacterium_Mal4	SRR10318428	NA
Planctomycetes_bacterium_Mal4	SRR10318429	NA
Planctomycetes_bacterium_Mal4	SRR10318430	NA
Planctomycetes_bacterium_Mal4	SRR10318431	NA
Planctomycetes_bacterium_Mal4	SRR10318432	NA
Planctomycetes_bacterium_Mal4	SRR10318433	NA
Planctomycetes_bacterium_Mal4	SRR10318434	NA
Planctomycetes_bacterium_Mal4	SRR10318435	NA
Planctomycetes_bacterium_Mal4	SRR10318436	NA
Planctomycetes_bacterium_Mal4	SRR10318437	NA
Planctomycetes_bacterium_Mal4	SRR10318438	NA
Planctomycetes_bacterium_Mal4	SRR10318439	NA
Planctomycetes_bacterium_Mal4	SRR10318440	NA
Planctomycetes_bacterium_Mal4	SRR10318441	NA
Planctomycetes_bacterium_Mal4	SRR10318442	NA
Planctomycetes_bacterium_Mal4	SRR10318443	NA
Planctomycetes_bacterium_Mal4	SRR10318444	NA
Planctomycetes_bacterium_Mal4	SRR10318445	NA
Planctomycetes_bacterium_Mal4	SRR10318446	NA
Planctomycetes_bacterium_Mal4	SRR10318447	NA
Planctomycetes_bacterium_Mal4	SRR10318448	NA
Planctomycetes_bacterium_Mal4	SRR10318449	NA
Planctomycetes_bacterium_Mal4	SRR10318450	NA
Planctomycetes_bacterium_Mal4	SRR10318451	NA
Planctomycetes_bacterium_Mal4	SRR10318452	NA
Planctomycetes_bacterium_Mal4	SRR10318453	NA
Planctomycetes_bacterium_Mal4	SRR10318454	NA
Planctomycetes_bacterium_Mal4	SRR10318455	NA
Planctomycetes_bacterium_Mal4	SRR10318456	NA
Planctomycetes_bacterium_Mal4	SRR10318457	NA
Planctomycetes_bacterium_Mal4	SRR10318458	NA
Planctomycetes_bacterium_Mal4	SRR10318459	NA
Planctomycetes_bacterium_Mal4	SRR10318460	NA
Planctomycetes_bacterium_Mal4	SRR10318461	NA
Planctomycetes_bacterium_Mal4	SRR10318462	NA
Planctomycetes_bacterium_Mal4	SRR10318463	NA
Planctomycetes_bacterium_Mal4	SRR10318464	NA
Planctomycetes_bacterium_Mal4	SRR10318465	NA
Planctomycetes_bacterium_Mal4	SRR10318466	NA
Planctomycetes_bacterium_Mal4	SRR10318467	NA
Planctomycetes_bacterium_Mal4	SRR10318468	NA
Planctomycetes_bacterium_Mal4	SRR10318469	NA
Planctomycetes_bacterium_Mal4	SRR10318470	NA
Planctomycetes_bacterium_Mal4	SRR10318471	NA
Planctomycetes_bacterium_Mal4	SRR10318472	NA
Planctomycetes_bacterium_Mal4	SRR10318473	NA
Planctomycetes_bacterium_Mal4	SRR10318474	NA
Planctomycetes_bacterium_Mal4	SRR10318475	NA
Planctomycetes_bacterium_Mal4	SRR10318476	NA
Planctomycetes_bacterium_Mal4	SRR10318495	NA
Planctomycetes_bacterium_Mal4	SRR10318496	NA
Planctomycetes_bacterium_Mal4	SRR10318497	NA
Planctomycetes_bacterium_Mal4	SRR10318498	NA
Planctomycetes_bacterium_Mal4	SRR10318499	NA
Planctomycetes_bacterium_Mal4	SRR10318500	NA
Planctomycetes_bacterium_Mal4	SRR10318501	NA
Planctomycetes_bacterium_Mal4	SRR10318502	NA
Planctomycetes_bacterium_Mal4	SRR10318503	NA
Planctomycetes_bacterium_Mal4	SRR10318504	NA
Planctomycetes_bacterium_Mal4	SRR10318505	NA
Planctomycetes_bacterium_Mal4	SRR10318506	NA
Planctomycetes_bacterium_Mal4	SRR10318507	NA
Planctomycetes_bacterium_Mal4	SRR10318508	NA
Planctomycetes_bacterium_Mal4	SRR10318509	NA
Planctomycetes_bacterium_Mal4	SRR10318510	NA
Planctomycetes_bacterium_Mal4	SRR10318511	NA
Planctomycetes_bacterium_Mal4	SRR10318512	NA
Planctomycetes_bacterium_Mal4	SRR10318513	NA
Planctomycetes_bacterium_Mal4	SRR10318514	NA
Planctomycetes_bacterium_Mal4	SRR10318515	NA
Planctomycetes_bacterium_Mal4	SRR10318516	NA
Planctomycetes_bacterium_Mal4	SRR10318517	NA
Planctomycetes_bacterium_Mal4	SRR10318518	NA
Planctomycetes_bacterium_Mal4	SRR10318519	NA
Planctomycetes_bacterium_Mal4	SRR10318520	NA
Planctomycetes_bacterium_Mal4	SRR10318521	NA
Planctomycetes_bacterium_Mal4	SRR10318522	NA
Planctomycetes_bacterium_Mal4	SRR10318523	NA
Planctomycetes_bacterium_Mal4	SRR10318524	NA
Planctomycetes_bacterium_Mal4	SRR10318525	NA
Planctomycetes_bacterium_Mal4	SRR10318526	NA
Planctomycetes_bacterium_Mal4	SRR10318527	NA
Planctomycetes_bacterium_Mal4	SRR10318528	NA
Planctomycetes_bacterium_Mal4	SRR10318529	NA
Planctomycetes_bacterium_Mal4	SRR10318530	NA
Planctomycetes_bacterium_Mal4	SRR10318531	NA
Planctomycetes_bacterium_Mal4	SRR10318532	NA
Planctomycetes_bacterium_Mal4	SRR10318533	NA
Planctomycetes_bacterium_Mal4	SRR10318534	NA
Planctomycetes_bacterium_Mal4	SRR10318535	NA
Planctomycetes_bacterium_Mal4	SRR10318536	NA
Planctomycetes_bacterium_Mal4	SRR10318537	NA
Planctomycetes_bacterium_Mal4	SRR10318538	NA
Planctomycetes_bacterium_Mal4	SRR10318539	NA
Planctomycetes_bacterium_Mal4	SRR10318540	NA
Planctomycetes_bacterium_Mal4	SRR10318541	NA
Planctomycetes_bacterium_Mal4	SRR10318542	NA
Planctomycetes_bacterium_Mal4	SRR10318543	NA
Planctomycetes_bacterium_Mal4	SRR10318544	NA
Planctomycetes_bacterium_Mal4	SRR10318545	NA
Planctomycetes_bacterium_Mal4	SRR10318546	NA
Planctomycetes_bacterium_Mal4	SRR10318547	NA
Planctomycetes_bacterium_Mal4	SRR10318548	NA
Planctomycetes_bacterium_Mal4	SRR10318549	NA
Planctomycetes_bacterium_Mal4	SRR10318568	NA
Planctomycetes_bacterium_Mal4	SRR10318569	NA
Planctomycetes_bacterium_Mal4	SRR10318570	NA
Planctomycetes_bacterium_Mal4	SRR10318571	NA
Planctomycetes_bacterium_Mal4	SRR10318572	NA
Planctomycetes_bacterium_Mal4	SRR10318573	NA
Planctomycetes_bacterium_Mal4	SRR10318574	NA
Planctomycetes_bacterium_Mal4	SRR10318575	NA
Planctomycetes_bacterium_Mal4	SRR10318576	NA
Planctomycetes_bacterium_Mal4	SRR10318577	NA
Planctomycetes_bacterium_Mal4	SRR10318578	NA
Planctomycetes_bacterium_Mal4	SRR10318579	NA
Planctomycetes_bacterium_Mal4	SRR10318580	NA
Planctomycetes_bacterium_Mal4	SRR10318581	NA
Planctomycetes_bacterium_Mal4	SRR10875803	0
Planctomycetes_bacterium_Mal4	SRR10875804	0
Planctomycetes_bacterium_Mal4	SRR10875805	0
Planctomycetes_bacterium_Mal4	SRR10875806	0
Planctomycetes_bacterium_Mal4	SRR10875807	0
Planctomycetes_bacterium_Mal4	SRR10875808	0
Planctomycetes_bacterium_Mal4	SRR10875809	0
Planctomycetes_bacterium_Mal4	SRR10875810	0
Planctomycetes_bacterium_Mal4	SRR10875812	0
Planctomycetes_bacterium_Mal4	SRR10875813	1
Planctomycetes_bacterium_Mal4	SRR10875814	0
Planctomycetes_bacterium_Mal4	SRR10875815	0
Planctomycetes_bacterium_Mal4	SRR10875816	0
Planctomycetes_bacterium_Mal4	SRR10875817	0
Planctomycetes_bacterium_Mal4	SRR10875818	0
Planctomycetes_bacterium_Mal4	SRR10875819	0
Planctomycetes_bacterium_Mal4	SRR10875820	0
Planctomycetes_bacterium_Mal4	SRR10875821	0
Planctomycetes_bacterium_Mal4	SRR10875822	0
Planctomycetes_bacterium_Mal4	SRR10875823	0
Planctomycetes_bacterium_Mal4	SRR10875824	0
Planctomycetes_bacterium_Mal4	SRR10875825	0
Planctomycetes_bacterium_Mal4	SRR10875826	0
Planctomycetes_bacterium_Mal4	SRR10875827	0
Planctomycetes_bacterium_Mal4	SRR10875829	0
Planctomycetes_bacterium_Mal4	SRR10875830	0
Planctomycetes_bacterium_Mal4	SRR10875831	0
Planctomycetes_bacterium_Mal4	SRR10875832	0
Planctomycetes_bacterium_Mal4	SRR10875834	0
Planctomycetes_bacterium_Mal4	SRR10875835	0
Planctomycetes_bacterium_Mal4	SRR10875836	0
Planctomycetes_bacterium_Mal4	SRR10875837	0
Planctomycetes_bacterium_Mal4	SRR10875838	0
Planctomycetes_bacterium_Mal4	SRR10875839	0
Planctomycetes_bacterium_Mal4	SRR10875840	0
Planctomycetes_bacterium_Mal4	SRR10875841	0
Planctomycetes_bacterium_Mal4	SRR10875842	0
Planctomycetes_bacterium_Mal4	SRR10875843	0
Planctomycetes_bacterium_Mal4	SRR10875844	0
Planctomycetes_bacterium_Mal4	SRR10875845	0
Planctomycetes_bacterium_Mal4	SRR10875846	1
Planctomycetes_bacterium_Mal4	SRR10875847	2
Planctomycetes_bacterium_Mal4	SRR10875848	0
Planctomycetes_bacterium_Mal4	SRR10875849	0
Planctomycetes_bacterium_Mal4	SRR10875850	0
Planctomycetes_bacterium_Mal4	SRR10875851	0
Planctomycetes_bacterium_Mal4	SRR10875852	0
Planctomycetes_bacterium_Mal4	SRR10875853	0
Planctomycetes_bacterium_Mal4	SRR10875854	0
Planctomycetes_bacterium_Mal4	SRR10875855	0
Planctomycetes_bacterium_Mal4	SRR10875856	0
Planctomycetes_bacterium_Mal4	SRR10875857	2
Planctomycetes_bacterium_Mal4	SRR10875858	1
Planctomycetes_bacterium_Mal4	SRR10875859	1
Planctomycetes_bacterium_Mal4	SRR10875860	0
Planctomycetes_bacterium_Mal4	SRR10875861	0
Planctomycetes_bacterium_Mal4	SRR10875862	0
Planctomycetes_bacterium_Mal4	SRR10875863	0
Planctomycetes_bacterium_Mal4	SRR10875864	0
Planctomycetes_bacterium_Mal4	SRR10875865	0
Planctomycetes_bacterium_Mal4	SRR10875866	0
Planctomycetes_bacterium_Mal4	SRR10875867	0
Planctomycetes_bacterium_Mal4	SRR10875868	0
Planctomycetes_bacterium_Mal4	SRR10875869	4
Planctomycetes_bacterium_Mal4	SRR10875870	0
Planctomycetes_bacterium_Mal4	SRR10875871	0
Planctomycetes_bacterium_Mal4	SRR10875872	3
Planctomycetes_bacterium_Mal4	SRR10875873	0
Planctomycetes_bacterium_Mal4	SRR10875874	1
Planctomycetes_bacterium_Mal4	SRR10875875	0
Planctomycetes_bacterium_Mal4	SRR10875876	1
Planctomycetes_bacterium_Mal4	SRR10875877	0
Planctomycetes_bacterium_Mal4	SRR10875878	0
Planctomycetes_bacterium_Mal4	SRR10875879	0
Planctomycetes_bacterium_Mal4	SRR10875880	0
Planctomycetes_bacterium_Mal4	SRR10875881	1
Planctomycetes_bacterium_Mal4	SRR10875882	0
Planctomycetes_bacterium_Mal4	SRR10875883	0
Planctomycetes_bacterium_Mal4	SRR10875884	0
Planctomycetes_bacterium_Mal4	SRR10875885	0
Planctomycetes_bacterium_Mal4	SRR10875886	1
Planctomycetes_bacterium_Mal4	SRR10875887	0
Planctomycetes_bacterium_Mal4	SRR10875888	0
Planctomycetes_bacterium_Mal4	SRR10875889	1
Planctomycetes_bacterium_Mal4	SRR10875890	0
Planctomycetes_bacterium_Mal4	SRR10875891	0
Planctomycetes_bacterium_Mal4	SRR10875892	0
Planctomycetes_bacterium_Mal4	SRR10875893	0
Planctomycetes_bacterium_Mal4	SRR10875894	2
Planctomycetes_bacterium_Mal4	SRR10875895	0
Planctomycetes_bacterium_Mal4	SRR10875896	0
Planctomycetes_bacterium_Mal4	SRR10875897	2
Planctomycetes_bacterium_Mal4	SRR10875898	0
Planctomycetes_bacterium_Mal4	SRR10875899	0
Planctomycetes_bacterium_Mal4	SRR10875900	0
Planctomycetes_bacterium_Mal4	SRR10875901	0
Planctomycetes_bacterium_Mal4	SRR10875902	0
Planctomycetes_bacterium_Mal4	SRR12430469	0
Planctomycetes_bacterium_Mal4	SRR12430470	0
Planctomycetes_bacterium_Mal4	SRR12430471	0
Planctomycetes_bacterium_Mal4	SRR12430472	0
Planctomycetes_bacterium_Mal4	SRR12430473	0
Planctomycetes_bacterium_Mal4	SRR12430474	0
Planctomycetes_bacterium_Mal4	SRR12430475	0
Planctomycetes_bacterium_Mal4	SRR12430476	0
Planctomycetes_bacterium_Mal4	SRR12765534	NA
Planctomycetes_bacterium_Mal4	SRR12765535	NA
Planctomycetes_bacterium_Mal4	SRR12765536	NA
Planctomycetes_bacterium_Mal4	SRR12765537	NA
Planctomycetes_bacterium_Mal4	SRR12765538	NA
Planctomycetes_bacterium_Mal4	SRR12765539	NA
Planctomycetes_bacterium_Mal4	SRR12765540	NA
Planctomycetes_bacterium_Mal4	SRR12765541	NA
Planctomycetes_bacterium_Mal4	SRR12765542	NA
Planctomycetes_bacterium_Mal4	SRR12765543	NA
Planctomycetes_bacterium_Mal4	SRR12765544	NA
Planctomycetes_bacterium_Mal4	SRR12765545	NA
Planctomycetes_bacterium_Mal4	SRR12765546	NA
Planctomycetes_bacterium_Mal4	SRR12765547	NA
Planctomycetes_bacterium_Mal4	SRR12765548	NA
Planctomycetes_bacterium_Mal4	SRR12765549	NA
Planctomycetes_bacterium_Mal4	SRR12765550	NA
Planctomycetes_bacterium_Mal4	SRR12765551	NA
Planctomycetes_bacterium_Mal4	SRR12765552	NA
Planctomycetes_bacterium_Mal4	SRR12765553	NA
Planctomycetes_bacterium_Mal4	SRR12765554	NA
Planctomycetes_bacterium_Mal4	SRR12765555	NA
Planctomycetes_bacterium_Mal4	SRR12765556	NA
Planctomycetes_bacterium_Mal4	SRR12765557	NA
Planctomycetes_bacterium_Mal4	SRR12765558	NA
Planctomycetes_bacterium_Mal4	SRR12765559	NA
Planctomycetes_bacterium_Mal4	SRR12765560	NA
Planctomycetes_bacterium_Mal4	SRR12765561	NA
Planctomycetes_bacterium_Mal4	SRR12765562	NA
Planctomycetes_bacterium_Mal4	SRR12765563	NA
Planctomycetes_bacterium_Mal4	SRR12765564	NA
Planctomycetes_bacterium_Mal4	SRR12765565	NA
Planctomycetes_bacterium_Mal4	SRR12765566	NA
Planctomycetes_bacterium_Mal4	SRR12765567	NA
Planctomycetes_bacterium_Mal4	SRR12765568	NA
Planctomycetes_bacterium_Mal4	SRR12765569	NA
Planctomycetes_bacterium_Mal4	SRR12765570	NA
Planctomycetes_bacterium_Mal4	SRR12765571	NA
Planctomycetes_bacterium_Mal4	SRR12765572	NA
Planctomycetes_bacterium_Mal4	SRR12765573	NA
Planctomycetes_bacterium_Mal4	SRR12765574	NA
Planctomycetes_bacterium_Mal4	SRR12765575	NA
Planctomycetes_bacterium_Mal4	SRR12765576	NA
Planctomycetes_bacterium_Mal4	SRR12765577	NA
Planctomycetes_bacterium_Mal4	SRR12765578	NA
Planctomycetes_bacterium_Mal4	SRR12765579	NA
Planctomycetes_bacterium_Mal4	SRR12765580	NA
Planctomycetes_bacterium_Mal4	SRR12765581	NA
Planctomycetes_bacterium_Mal4	SRR12765582	NA
Planctomycetes_bacterium_Mal4	SRR12765583	NA
Planctomycetes_bacterium_Mal4	SRR12765584	NA
Planctomycetes_bacterium_Mal4	SRR12765585	NA
Planctomycetes_bacterium_Mal4	SRR12765586	NA
Planctomycetes_bacterium_Mal4	SRR12765587	NA
Planctomycetes_bacterium_Mal4	SRR12765588	NA
Planctomycetes_bacterium_Mal4	SRR12765589	NA
Planctomycetes_bacterium_Mal4	SRR12765590	NA
Planctomycetes_bacterium_Mal4	SRR12765591	NA
Planctomycetes_bacterium_Mal4	SRR12765592	NA
Planctomycetes_bacterium_Mal4	SRR12765593	NA
Planctomycetes_bacterium_Mal4	SRR12765594	NA
Planctomycetes_bacterium_Mal4	SRR12765595	NA
Planctomycetes_bacterium_Mal4	SRR12765596	NA
Planctomycetes_bacterium_Mal4	SRR12765597	NA
Planctomycetes_bacterium_Mal4	SRR12765598	NA
Planctomycetes_bacterium_Mal4	SRR12765599	NA
Planctomycetes_bacterium_Mal4	SRR12765600	NA
Planctomycetes_bacterium_Mal4	SRR12765601	NA
Planctomycetes_bacterium_Mal4	SRR12765602	NA
Planctomycetes_bacterium_Mal4	SRR12765603	NA
Planctomycetes_bacterium_Mal4	SRR12765604	NA
Planctomycetes_bacterium_Mal4	SRR12765605	NA
Planctomycetes_bacterium_Mal4	SRR12765606	NA
Planctomycetes_bacterium_Mal4	SRR12765607	NA
Planctomycetes_bacterium_Mal4	SRR12765608	NA
Planctomycetes_bacterium_Mal4	SRR12765609	NA
Planctomycetes_bacterium_Mal4	SRR12765610	NA
Planctomycetes_bacterium_Mal4	SRR12765611	NA
Planctomycetes_bacterium_Mal4	SRR12765612	NA
Planctomycetes_bacterium_Mal4	SRR12765613	NA
Planctomycetes_bacterium_Mal4	SRR12765614	NA
Planctomycetes_bacterium_Mal4	SRR12765615	NA
Planctomycetes_bacterium_Mal4	SRR12765616	NA
Planctomycetes_bacterium_Mal4	SRR12765617	NA
Planctomycetes_bacterium_Mal4	SRR12765618	NA
Planctomycetes_bacterium_Mal4	SRR12765619	NA
Planctomycetes_bacterium_Mal4	SRR12765620	NA
Planctomycetes_bacterium_Mal4	SRR12765621	NA
Planctomycetes_bacterium_Mal4	SRR12765622	NA
Planctomycetes_bacterium_Mal4	SRR12765623	NA
Planctomycetes_bacterium_Mal4	SRR12765624	NA
Planctomycetes_bacterium_Mal4	SRR12765625	NA
Planctomycetes_bacterium_Mal4	SRR12765626	NA
Planctomycetes_bacterium_Mal4	SRR12765627	NA
Planctomycetes_bacterium_Mal4	SRR12765628	NA
Planctomycetes_bacterium_Mal4	SRR12765629	NA
Planctomycetes_bacterium_Mal4	SRR12765630	NA
Planctomycetes_bacterium_Mal4	SRR12765631	NA
Planctomycetes_bacterium_Mal4	SRR12765632	NA
Planctomycetes_bacterium_Mal4	SRR12765633	NA
Planctomycetes_bacterium_Mal4	SRR12765634	NA
Planctomycetes_bacterium_Mal4	SRR12765635	NA
Planctomycetes_bacterium_Mal4	SRR12765636	NA
Planctomycetes_bacterium_Mal4	SRR12765637	NA
Planctomycetes_bacterium_Mal4	SRR12765638	NA
Planctomycetes_bacterium_Mal4	SRR12765639	NA
Planctomycetes_bacterium_Mal4	SRR12765640	NA
Planctomycetes_bacterium_Mal4	SRR12765641	NA
Planctomycetes_bacterium_Mal4	SRR12765642	NA
Planctomycetes_bacterium_Mal4	SRR12765643	NA
Planctomycetes_bacterium_Mal4	SRR12765644	NA
Planctomycetes_bacterium_Mal4	SRR12765645	NA
Planctomycetes_bacterium_Mal4	SRR12765646	NA
Planctomycetes_bacterium_Mal4	SRR12765647	NA
Planctomycetes_bacterium_Mal4	SRR12765648	NA
Planctomycetes_bacterium_Mal4	SRR12765649	NA
Planctomycetes_bacterium_Mal4	SRR12765650	NA
Planctomycetes_bacterium_Mal4	SRR12765651	NA
Planctomycetes_bacterium_Mal4	SRR12765652	NA
Planctomycetes_bacterium_Mal4	SRR12774664	0
Planctomycetes_bacterium_Mal4	SRR12774665	0
Planctomycetes_bacterium_Mal4	SRR12774666	0
Planctomycetes_bacterium_Mal4	SRR12774667	0
Planctomycetes_bacterium_Mal4	SRR12774668	0
Planctomycetes_bacterium_Mal4	SRR12774669	0
Planctomycetes_bacterium_Mal4	SRR12774670	0
Planctomycetes_bacterium_Mal4	SRR12774671	0
Planctomycetes_bacterium_Mal4	SRR12774672	0
Planctomycetes_bacterium_Mal4	SRR12774673	0
Planctomycetes_bacterium_Mal4	SRR12774674	0
Planctomycetes_bacterium_Mal4	SRR12774675	0
Planctomycetes_bacterium_Mal4	SRR12774676	0
Planctomycetes_bacterium_Mal4	SRR12774677	0
Planctomycetes_bacterium_Mal4	SRR12774678	0
Planctomycetes_bacterium_Mal4	SRR12774679	7
Planctomycetes_bacterium_Mal4	SRR12774680	0
Planctomycetes_bacterium_Mal4	SRR12774681	0
Planctomycetes_bacterium_Mal4	SRR12774682	0
Planctomycetes_bacterium_Mal4	SRR12774683	0
Planctomycetes_bacterium_Mal4	SRR12774684	0
Planctomycetes_bacterium_Mal4	SRR12774685	0
Planctomycetes_bacterium_Mal4	SRR12774686	0
Planctomycetes_bacterium_Mal4	SRR12774687	0
Planctomycetes_bacterium_Mal4	SRR1609360	0
Planctomycetes_bacterium_Mal4	SRR1609361	0
Planctomycetes_bacterium_Mal4	SRR1609362	0
Planctomycetes_bacterium_Mal4	SRR1609363	0
Planctomycetes_bacterium_Mal4	SRR1609364	0
Planctomycetes_bacterium_Mal4	SRR1609365	0
Planctomycetes_bacterium_Mal4	SRR1609366	0
Planctomycetes_bacterium_Mal4	SRR1609367	0
Planctomycetes_bacterium_Mal4	SRR1609368	0
Planctomycetes_bacterium_Mal4	SRR1609369	0
Planctomycetes_bacterium_Mal4	SRR1609370	0
Planctomycetes_bacterium_Mal4	SRR1609371	0
Planctomycetes_bacterium_Mal4	SRR1609372	0
Planctomycetes_bacterium_Mal4	SRR1609373	0
Planctomycetes_bacterium_Mal4	SRR1609374	0
Planctomycetes_bacterium_Mal4	SRR1609375	0
Planctomycetes_bacterium_Mal4	SRR1609376	0
Planctomycetes_bacterium_Mal4	SRR1609377	0
Planctomycetes_bacterium_Mal4	SRR1609378	0
Planctomycetes_bacterium_Mal4	SRR1609379	0
Planctomycetes_bacterium_Mal4	SRR1609380	0
Planctomycetes_bacterium_Mal4	SRR1609381	0
Planctomycetes_bacterium_Mal4	SRR1609382	0
Planctomycetes_bacterium_Mal4	SRR1609383	0
Planctomycetes_bacterium_Mal4	SRR1609384	0
Planctomycetes_bacterium_Mal4	SRR1609385	0
Planctomycetes_bacterium_Mal4	SRR1609386	0
Planctomycetes_bacterium_Mal4	SRR1609387	0
Planctomycetes_bacterium_Mal4	SRR1609388	0
Planctomycetes_bacterium_Mal4	SRR1609389	0
Planctomycetes_bacterium_Mal4	SRR1609390	0
Planctomycetes_bacterium_Mal4	SRR1609391	0
Planctomycetes_bacterium_Mal4	SRR1609392	0
Planctomycetes_bacterium_Mal4	SRR1609393	0
Planctomycetes_bacterium_Mal4	SRR1609394	0
Planctomycetes_bacterium_Mal4	SRR1609395	0
Planctomycetes_bacterium_Mal4	SRR1609396	0
Planctomycetes_bacterium_Mal4	SRR1609397	0
Planctomycetes_bacterium_Mal4	SRR1609398	0
Planctomycetes_bacterium_Mal4	SRR1609399	0
Planctomycetes_bacterium_Mal4	SRR1609400	0
Planctomycetes_bacterium_Mal4	SRR1609401	0
Planctomycetes_bacterium_Mal4	SRR1609402	0
Planctomycetes_bacterium_Mal4	SRR1609403	0
Planctomycetes_bacterium_Mal4	SRR1609404	0
Planctomycetes_bacterium_Mal4	SRR1609405	0
Planctomycetes_bacterium_Mal4	SRR1609406	0
Planctomycetes_bacterium_Mal4	SRR1609407	0
Planctomycetes_bacterium_Mal4	SRR1609408	0
Planctomycetes_bacterium_Mal4	SRR1609409	0
Planctomycetes_bacterium_Mal4	SRR1609410	0
Planctomycetes_bacterium_Mal4	SRR1609411	0
Planctomycetes_bacterium_Mal4	SRR1609412	0
Planctomycetes_bacterium_Mal4	SRR1609413	0
Planctomycetes_bacterium_Mal4	SRR1609414	0
Planctomycetes_bacterium_Mal4	SRR1609415	0
Planctomycetes_bacterium_Mal4	SRR1609416	0
Planctomycetes_bacterium_Mal4	SRR1609417	0
Planctomycetes_bacterium_Mal4	SRR1609418	0
Planctomycetes_bacterium_Mal4	SRR1609419	0
Planctomycetes_bacterium_Mal4	SRR1609420	0
Planctomycetes_bacterium_Mal4	SRR1609421	0
Planctomycetes_bacterium_Mal4	SRR1609422	0
Planctomycetes_bacterium_Mal4	SRR1609423	0
Planctomycetes_bacterium_Mal4	SRR1609424	0
Planctomycetes_bacterium_Mal4	SRR1609425	0
Planctomycetes_bacterium_Mal4	SRR1609426	0
Planctomycetes_bacterium_Mal4	SRR1609427	0
Planctomycetes_bacterium_Mal4	SRR1609428	0
Planctomycetes_bacterium_Mal4	SRR1609429	0
Planctomycetes_bacterium_Mal4	SRR1609430	0
Planctomycetes_bacterium_Mal4	SRR1609431	0
Planctomycetes_bacterium_Mal4	SRR1609432	0
Planctomycetes_bacterium_Mal4	SRR1609433	0
Planctomycetes_bacterium_Mal4	SRR1609434	0
Planctomycetes_bacterium_Mal4	SRR1609435	0
Planctomycetes_bacterium_Mal4	SRR1609436	0
Planctomycetes_bacterium_Mal4	SRR1609437	0
Planctomycetes_bacterium_Mal4	SRR1609438	0
Planctomycetes_bacterium_Mal4	SRR1609439	0
Planctomycetes_bacterium_Mal4	SRR1609440	0
Planctomycetes_bacterium_Mal4	SRR1609441	0
Planctomycetes_bacterium_Mal4	SRR1609442	0
Planctomycetes_bacterium_Mal4	SRR1609443	0
Planctomycetes_bacterium_Mal4	SRR1609444	0
Planctomycetes_bacterium_Mal4	SRR1609445	0
Planctomycetes_bacterium_Mal4	SRR1609446	0
Planctomycetes_bacterium_Mal4	SRR1609447	0
Planctomycetes_bacterium_Mal4	SRR1609448	0
Planctomycetes_bacterium_Mal4	SRR1609449	0
Planctomycetes_bacterium_Mal4	SRR1609450	0
Planctomycetes_bacterium_Mal4	SRR1609451	0
Planctomycetes_bacterium_Mal4	SRR1609452	0
Planctomycetes_bacterium_Mal4	SRR1609453	0
Planctomycetes_bacterium_Mal4	SRR1609454	0
Planctomycetes_bacterium_Mal4	SRR1609455	0
Planctomycetes_bacterium_Mal4	SRR1609456	0
Planctomycetes_bacterium_Mal4	SRR1609457	0
Planctomycetes_bacterium_Mal4	SRR1609458	0
Planctomycetes_bacterium_Mal4	SRR1609459	0
Planctomycetes_bacterium_Mal4	SRR1609460	0
Planctomycetes_bacterium_Mal4	SRR1609461	0
Planctomycetes_bacterium_Mal4	SRR1609462	0
Planctomycetes_bacterium_Mal4	SRR1609463	0
Planctomycetes_bacterium_Mal4	SRR1609464	0
Planctomycetes_bacterium_Mal4	SRR1609465	0
Planctomycetes_bacterium_Mal4	SRR1609466	0
Planctomycetes_bacterium_Mal4	SRR1609467	0
Planctomycetes_bacterium_Mal4	SRR1609468	0
Planctomycetes_bacterium_Mal4	SRR1609469	0
Planctomycetes_bacterium_Mal4	SRR1609470	0
Planctomycetes_bacterium_Mal4	SRR1609471	0
Planctomycetes_bacterium_Mal4	SRR1609472	0
Planctomycetes_bacterium_Mal4	SRR1609473	0
Planctomycetes_bacterium_Mal4	SRR1609474	0
Planctomycetes_bacterium_Mal4	SRR1609475	0
Planctomycetes_bacterium_Mal4	SRR1609476	0
Planctomycetes_bacterium_Mal4	SRR1609477	0
Planctomycetes_bacterium_Mal4	SRR1609478	0
Planctomycetes_bacterium_Mal4	SRR1609479	0
Planctomycetes_bacterium_Mal4	SRR1609480	0
Planctomycetes_bacterium_Mal4	SRR1609481	0
Planctomycetes_bacterium_Mal4	SRR1609482	0
Planctomycetes_bacterium_Mal4	SRR1609483	0
Planctomycetes_bacterium_Mal4	SRR1609484	0
Planctomycetes_bacterium_Mal4	SRR1609485	0
Planctomycetes_bacterium_Mal4	SRR1609486	0
Planctomycetes_bacterium_Mal4	SRR1609487	0
Planctomycetes_bacterium_Mal4	SRR1609488	0
Planctomycetes_bacterium_Mal4	SRR1609489	0
Planctomycetes_bacterium_Mal4	SRR1609490	0
Planctomycetes_bacterium_Mal4	SRR1609491	0
Planctomycetes_bacterium_Mal4	SRR1609492	0
Planctomycetes_bacterium_Mal4	SRR1609493	0
Planctomycetes_bacterium_Mal4	SRR1609494	0
Planctomycetes_bacterium_Mal4	SRR1609495	0
Planctomycetes_bacterium_Mal4	SRR1609496	0
Planctomycetes_bacterium_Mal4	SRR1609497	0
Planctomycetes_bacterium_Mal4	SRR1609498	0
Planctomycetes_bacterium_Mal4	SRR1609499	0
Planctomycetes_bacterium_Mal4	SRR1609500	0
Planctomycetes_bacterium_Mal4	SRR1609501	0
Planctomycetes_bacterium_Mal4	SRR1609502	0
Planctomycetes_bacterium_Mal4	SRR1609503	0
Planctomycetes_bacterium_Mal4	SRR1609504	0
Planctomycetes_bacterium_Mal4	SRR1609505	0
Planctomycetes_bacterium_Mal4	SRR1609506	0
Planctomycetes_bacterium_Mal4	SRR1609507	0
Planctomycetes_bacterium_Mal4	SRR1609508	0
Planctomycetes_bacterium_Mal4	SRR1609509	0
Planctomycetes_bacterium_Mal4	SRR1609510	0
Planctomycetes_bacterium_Mal4	SRR1609511	0
Planctomycetes_bacterium_Mal4	SRR1609512	0
Planctomycetes_bacterium_Mal4	SRR1609513	0
Planctomycetes_bacterium_Mal4	SRR1609514	0
Planctomycetes_bacterium_Mal4	SRR1609515	0
Planctomycetes_bacterium_Mal4	SRR1609516	0
Planctomycetes_bacterium_Mal4	SRR1609517	0
Planctomycetes_bacterium_Mal4	SRR1609518	0
Planctomycetes_bacterium_Mal4	SRR1609519	0
Planctomycetes_bacterium_Mal4	SRR1609520	0
Planctomycetes_bacterium_Mal4	SRR1609521	0
Planctomycetes_bacterium_Mal4	SRR1609522	0
Planctomycetes_bacterium_Mal4	SRR1609523	0
Planctomycetes_bacterium_Mal4	SRR1609524	0
Planctomycetes_bacterium_Mal4	SRR1609525	0
Planctomycetes_bacterium_Mal4	SRR1609526	0
Planctomycetes_bacterium_Mal4	SRR1609527	0
Planctomycetes_bacterium_Mal4	SRR1609528	0
Planctomycetes_bacterium_Mal4	SRR1609529	0
Planctomycetes_bacterium_Mal4	SRR1609530	0
Planctomycetes_bacterium_Mal4	SRR1609531	0
Planctomycetes_bacterium_Mal4	SRR1609532	0
Planctomycetes_bacterium_Mal4	SRR1609533	0
Planctomycetes_bacterium_Mal4	SRR1609534	0
Planctomycetes_bacterium_Mal4	SRR1609535	0
Planctomycetes_bacterium_Mal4	SRR1609536	0
Planctomycetes_bacterium_Mal4	SRR1609537	0
Planctomycetes_bacterium_Mal4	SRR1609538	0
Planctomycetes_bacterium_Mal4	SRR1609539	0
Planctomycetes_bacterium_Mal4	SRR1609540	0
Planctomycetes_bacterium_Mal4	SRR1609541	0
Planctomycetes_bacterium_Mal4	SRR1609542	0
Planctomycetes_bacterium_Mal4	SRR1609543	0
Planctomycetes_bacterium_Mal4	SRR1609544	0
Planctomycetes_bacterium_Mal4	SRR1609545	0
Planctomycetes_bacterium_Mal4	SRR1609546	0
Planctomycetes_bacterium_Mal4	SRR1609547	0
Planctomycetes_bacterium_Mal4	SRR1609548	0
Planctomycetes_bacterium_Mal4	SRR1609549	0
Planctomycetes_bacterium_Mal4	SRR1609550	0
Planctomycetes_bacterium_Mal4	SRR1609551	0
Planctomycetes_bacterium_Mal4	SRR1609552	0
Planctomycetes_bacterium_Mal4	SRR1609553	0
Planctomycetes_bacterium_Mal4	SRR1609554	0
Planctomycetes_bacterium_Mal4	SRR1609555	0
Planctomycetes_bacterium_Mal4	SRR1609556	0
Planctomycetes_bacterium_Mal4	SRR1609557	0
Planctomycetes_bacterium_Mal4	SRR1609558	0
Planctomycetes_bacterium_Mal4	SRR1609559	0
Planctomycetes_bacterium_Mal4	SRR1609560	0
Planctomycetes_bacterium_Mal4	SRR1609561	0
Planctomycetes_bacterium_Mal4	SRR1609562	0
Planctomycetes_bacterium_Mal4	SRR1609563	0
Planctomycetes_bacterium_Mal4	SRR1609564	0
Planctomycetes_bacterium_Mal4	SRR1609565	0
Planctomycetes_bacterium_Mal4	SRR1609566	0
Planctomycetes_bacterium_Mal4	SRR1609567	0
Planctomycetes_bacterium_Mal4	SRR1609568	0
Planctomycetes_bacterium_Mal4	SRR1609569	0
Planctomycetes_bacterium_Mal4	SRR1609570	0
Planctomycetes_bacterium_Mal4	SRR1609571	0
Planctomycetes_bacterium_Mal4	SRR1609572	0
Planctomycetes_bacterium_Mal4	SRR1609573	0
Planctomycetes_bacterium_Mal4	SRR1609574	0
Planctomycetes_bacterium_Mal4	SRR1609575	0
Planctomycetes_bacterium_Mal4	SRR1609576	0
Planctomycetes_bacterium_Mal4	SRR1609577	0
Planctomycetes_bacterium_Mal4	SRR1609578	0
Planctomycetes_bacterium_Mal4	SRR1609579	0
Planctomycetes_bacterium_Mal4	SRR1609580	0
Planctomycetes_bacterium_Mal4	SRR1609581	0
Planctomycetes_bacterium_Mal4	SRR1609582	0
Planctomycetes_bacterium_Mal4	SRR1609583	0
Planctomycetes_bacterium_Mal4	SRR1609584	0
Planctomycetes_bacterium_Mal4	SRR1609585	0
Planctomycetes_bacterium_Mal4	SRR1609586	0
Planctomycetes_bacterium_Mal4	SRR1609587	0
Planctomycetes_bacterium_Mal4	SRR1609588	0
Planctomycetes_bacterium_Mal4	SRR1609589	0
Planctomycetes_bacterium_Mal4	SRR1609590	0
Planctomycetes_bacterium_Mal4	SRR1609591	0
Planctomycetes_bacterium_Mal4	SRR1609592	0
Planctomycetes_bacterium_Mal4	SRR1609593	0
Planctomycetes_bacterium_Mal4	SRR1609594	0
Planctomycetes_bacterium_Mal4	SRR1609595	0
Planctomycetes_bacterium_Mal4	SRR1609596	0
Planctomycetes_bacterium_Mal4	SRR1609597	0
Planctomycetes_bacterium_Mal4	SRR1609598	0
Planctomycetes_bacterium_Mal4	SRR1609599	0
Planctomycetes_bacterium_Mal4	SRR1609600	0
Planctomycetes_bacterium_Mal4	SRR1609601	0
Planctomycetes_bacterium_Mal4	SRR1609602	0
Planctomycetes_bacterium_Mal4	SRR1609603	0
Planctomycetes_bacterium_Mal4	SRR1609604	0
Planctomycetes_bacterium_Mal4	SRR1609605	0
Planctomycetes_bacterium_Mal4	SRR1609606	0
Planctomycetes_bacterium_Mal4	SRR1609607	0
Planctomycetes_bacterium_Mal4	SRR1609608	0
Planctomycetes_bacterium_Mal4	SRR1609609	0
Planctomycetes_bacterium_Mal4	SRR1609610	0
Planctomycetes_bacterium_Mal4	SRR1609611	0
Planctomycetes_bacterium_Mal4	SRR1609612	0
Planctomycetes_bacterium_Mal4	SRR1609613	0
Planctomycetes_bacterium_Mal4	SRR1609614	0
Planctomycetes_bacterium_Mal4	SRR1609615	0
Planctomycetes_bacterium_Mal4	SRR1609616	0
Planctomycetes_bacterium_Mal4	SRR1609617	0
Planctomycetes_bacterium_Mal4	SRR1609618	0
Planctomycetes_bacterium_Mal4	SRR1609619	0
Planctomycetes_bacterium_Mal4	SRR1609620	0
Planctomycetes_bacterium_Mal4	SRR1609621	0
Planctomycetes_bacterium_Mal4	SRR1609622	0
Planctomycetes_bacterium_Mal4	SRR1609623	0
Planctomycetes_bacterium_Mal4	SRR1609624	0
Planctomycetes_bacterium_Mal4	SRR1609625	0
Planctomycetes_bacterium_Mal4	SRR1609626	0
Planctomycetes_bacterium_Mal4	SRR1609627	0
Planctomycetes_bacterium_Mal4	SRR1609628	0
Planctomycetes_bacterium_Mal4	SRR1609629	0
Planctomycetes_bacterium_Mal4	SRR1609630	0
Planctomycetes_bacterium_Mal4	SRR1609631	0
Planctomycetes_bacterium_Mal4	SRR1609632	0
Planctomycetes_bacterium_Mal4	SRR1609633	0
Planctomycetes_bacterium_Mal4	SRR1609634	0
Planctomycetes_bacterium_Mal4	SRR1609635	0
Planctomycetes_bacterium_Mal4	SRR1609636	0
Planctomycetes_bacterium_Mal4	SRR1609637	0
Planctomycetes_bacterium_Mal4	SRR1609638	0
Planctomycetes_bacterium_Mal4	SRR1609639	0
Planctomycetes_bacterium_Mal4	SRR1609640	0
Planctomycetes_bacterium_Mal4	SRR1609641	0
Planctomycetes_bacterium_Mal4	SRR1609642	0
Planctomycetes_bacterium_Mal4	SRR1609643	0
Planctomycetes_bacterium_Mal4	SRR1609644	0
Planctomycetes_bacterium_Mal4	SRR1609645	0
Planctomycetes_bacterium_Mal4	SRR1609646	0
Planctomycetes_bacterium_Mal4	SRR1609647	0
Planctomycetes_bacterium_Mal4	SRR1609648	0
Planctomycetes_bacterium_Mal4	SRR1609649	0
Planctomycetes_bacterium_Mal4	SRR1609650	0
Planctomycetes_bacterium_Mal4	SRR1609651	0
Planctomycetes_bacterium_Mal4	SRR1609652	0
Planctomycetes_bacterium_Mal4	SRR1609653	0
Planctomycetes_bacterium_Mal4	SRR1609654	0
Planctomycetes_bacterium_Mal4	SRR1609655	0
Planctomycetes_bacterium_Mal4	SRR1609656	0
Planctomycetes_bacterium_Mal4	SRR1609657	0
Planctomycetes_bacterium_Mal4	SRR1609658	0
Planctomycetes_bacterium_Mal4	SRR1609659	0
Planctomycetes_bacterium_Mal4	SRR1609660	0
Planctomycetes_bacterium_Mal4	SRR1609661	0
Planctomycetes_bacterium_Mal4	SRR1609662	0
Planctomycetes_bacterium_Mal4	SRR1609663	0
Planctomycetes_bacterium_Mal4	SRR1609664	0
Planctomycetes_bacterium_Mal4	SRR1609665	0
Planctomycetes_bacterium_Mal4	SRR1609666	0
Planctomycetes_bacterium_Mal4	SRR1609667	0
Planctomycetes_bacterium_Mal4	SRR1609668	0
Planctomycetes_bacterium_Mal4	SRR1609669	0
Planctomycetes_bacterium_Mal4	SRR1746771	NA
Planctomycetes_bacterium_Mal4	SRR1746772	NA
Planctomycetes_bacterium_Mal4	SRR1746773	NA
Planctomycetes_bacterium_Mal4	SRR1746774	NA
Planctomycetes_bacterium_Mal4	SRR1746775	NA
Planctomycetes_bacterium_Mal4	SRR1746776	NA
Planctomycetes_bacterium_Mal4	SRR1746777	NA
Planctomycetes_bacterium_Mal4	SRR1746778	NA
Planctomycetes_bacterium_Mal4	SRR1746779	NA
Planctomycetes_bacterium_Mal4	SRR1746780	NA
Planctomycetes_bacterium_Mal4	SRR1746781	NA
Planctomycetes_bacterium_Mal4	SRR1746782	NA
Planctomycetes_bacterium_Mal4	SRR1746783	NA
Planctomycetes_bacterium_Mal4	SRR1746784	NA
Planctomycetes_bacterium_Mal4	SRR1782685	0
Planctomycetes_bacterium_Mal4	SRR1782686	0
Planctomycetes_bacterium_Mal4	SRR1782687	0
Planctomycetes_bacterium_Mal4	SRR1782688	0
Planctomycetes_bacterium_Mal4	SRR1782689	0
Planctomycetes_bacterium_Mal4	SRR1782690	0
Planctomycetes_bacterium_Mal4	SRR1782691	0
Planctomycetes_bacterium_Mal4	SRR1782692	0
Planctomycetes_bacterium_Mal4	SRR1782693	0
Planctomycetes_bacterium_Mal4	SRR1782694	0
Planctomycetes_bacterium_Mal4	SRR1782695	0
Planctomycetes_bacterium_Mal4	SRR1782696	0
Planctomycetes_bacterium_Mal4	SRR1782697	0
Planctomycetes_bacterium_Mal4	SRR1782698	0
Planctomycetes_bacterium_Mal4	SRR1782699	0
Planctomycetes_bacterium_Mal4	SRR1782700	0
Planctomycetes_bacterium_Mal4	SRR1782701	0
Planctomycetes_bacterium_Mal4	SRR1782702	0
Planctomycetes_bacterium_Mal4	SRR1782703	0
Planctomycetes_bacterium_Mal4	SRR1782704	0
Planctomycetes_bacterium_Mal4	SRR1782705	0
Planctomycetes_bacterium_Mal4	SRR1782706	0
Planctomycetes_bacterium_Mal4	SRR1782707	0
Planctomycetes_bacterium_Mal4	SRR1782708	0
Planctomycetes_bacterium_Mal4	SRR1782709	0
Planctomycetes_bacterium_Mal4	SRR1782710	0
Planctomycetes_bacterium_Mal4	SRR1782711	0
Planctomycetes_bacterium_Mal4	SRR1782712	0
Planctomycetes_bacterium_Mal4	SRR1782713	0
Planctomycetes_bacterium_Mal4	SRR1782714	0
Planctomycetes_bacterium_Mal4	SRR1782715	0
Planctomycetes_bacterium_Mal4	SRR1782716	0
Planctomycetes_bacterium_Mal4	SRR1782717	0
Planctomycetes_bacterium_Mal4	SRR1782718	0
Planctomycetes_bacterium_Mal4	SRR1782719	0
Planctomycetes_bacterium_Mal4	SRR1782720	0
Planctomycetes_bacterium_Mal4	SRR1782721	0
Planctomycetes_bacterium_Mal4	SRR1782722	0
Planctomycetes_bacterium_Mal4	SRR1782723	0
Planctomycetes_bacterium_Mal4	SRR1782724	0
Planctomycetes_bacterium_Mal4	SRR1782725	0
Planctomycetes_bacterium_Mal4	SRR1782726	0
Planctomycetes_bacterium_Mal4	SRR1782727	0
Planctomycetes_bacterium_Mal4	SRR1782728	0
Planctomycetes_bacterium_Mal4	SRR1782729	0
Planctomycetes_bacterium_Mal4	SRR1782730	0
Planctomycetes_bacterium_Mal4	SRR1782731	0
Planctomycetes_bacterium_Mal4	SRR1782732	0
Planctomycetes_bacterium_Mal4	SRR1782733	0
Planctomycetes_bacterium_Mal4	SRR1782734	0
Planctomycetes_bacterium_Mal4	SRR1782735	0
Planctomycetes_bacterium_Mal4	SRR1782736	0
Planctomycetes_bacterium_Mal4	SRR1782737	0
Planctomycetes_bacterium_Mal4	SRR1782738	0
Planctomycetes_bacterium_Mal4	SRR1782739	0
Planctomycetes_bacterium_Mal4	SRR1782740	0
Planctomycetes_bacterium_Mal4	SRR1782741	0
Planctomycetes_bacterium_Mal4	SRR1782742	0
Planctomycetes_bacterium_Mal4	SRR1782743	0
Planctomycetes_bacterium_Mal4	SRR1782744	0
Planctomycetes_bacterium_Mal4	SRR1782745	0
Planctomycetes_bacterium_Mal4	SRR1782746	0
Planctomycetes_bacterium_Mal4	SRR1782747	0
Planctomycetes_bacterium_Mal4	SRR1782748	0
Planctomycetes_bacterium_Mal4	SRR1782749	0
Planctomycetes_bacterium_Mal4	SRR1782750	0
Planctomycetes_bacterium_Mal4	SRR1782751	0
Planctomycetes_bacterium_Mal4	SRR1782752	0
Planctomycetes_bacterium_Mal4	SRR1782753	0
Planctomycetes_bacterium_Mal4	SRR1782754	0
Planctomycetes_bacterium_Mal4	SRR1782755	0
Planctomycetes_bacterium_Mal4	SRR1782756	0
Planctomycetes_bacterium_Mal4	SRR1782757	0
Planctomycetes_bacterium_Mal4	SRR1782758	0
Planctomycetes_bacterium_Mal4	SRR1782759	0
Planctomycetes_bacterium_Mal4	SRR1782760	0
Planctomycetes_bacterium_Mal4	SRR1782761	0
Planctomycetes_bacterium_Mal4	SRR1782762	0
Planctomycetes_bacterium_Mal4	SRR1782763	0
Planctomycetes_bacterium_Mal4	SRR1782764	0
Planctomycetes_bacterium_Mal4	SRR1782765	0
Planctomycetes_bacterium_Mal4	SRR1782766	0
Planctomycetes_bacterium_Mal4	SRR1782767	0
Planctomycetes_bacterium_Mal4	SRR1782768	0
Planctomycetes_bacterium_Mal4	SRR1782769	0
Planctomycetes_bacterium_Mal4	SRR1782770	0
Planctomycetes_bacterium_Mal4	SRR1782771	0
Planctomycetes_bacterium_Mal4	SRR1782772	0
Planctomycetes_bacterium_Mal4	SRR1782773	0
Planctomycetes_bacterium_Mal4	SRR1782774	0
Planctomycetes_bacterium_Mal4	SRR1782775	0
Planctomycetes_bacterium_Mal4	SRR1782776	0
Planctomycetes_bacterium_Mal4	SRR1782777	0
Planctomycetes_bacterium_Mal4	SRR1782778	0
Planctomycetes_bacterium_Mal4	SRR1782779	0
Planctomycetes_bacterium_Mal4	SRR1782780	0
Planctomycetes_bacterium_Mal4	SRR1782781	0
Planctomycetes_bacterium_Mal4	SRR1782782	0
Planctomycetes_bacterium_Mal4	SRR1782783	0
Planctomycetes_bacterium_Mal4	SRR1782784	0
Planctomycetes_bacterium_Mal4	SRR1782785	0
Planctomycetes_bacterium_Mal4	SRR1782786	0
Planctomycetes_bacterium_Mal4	SRR1782787	0
Planctomycetes_bacterium_Mal4	SRR1782788	0
Planctomycetes_bacterium_Mal4	SRR1782789	0
Planctomycetes_bacterium_Mal4	SRR1782790	0
Planctomycetes_bacterium_Mal4	SRR1782791	0
Planctomycetes_bacterium_Mal4	SRR1782792	0
Planctomycetes_bacterium_Mal4	SRR1782793	0
Planctomycetes_bacterium_Mal4	SRR1782794	0
Planctomycetes_bacterium_Mal4	SRR1782795	0
Planctomycetes_bacterium_Mal4	SRR1782796	0
Planctomycetes_bacterium_Mal4	SRR1782797	0
Planctomycetes_bacterium_Mal4	SRR1782798	0
Planctomycetes_bacterium_Mal4	SRR1782799	0
Planctomycetes_bacterium_Mal4	SRR1782800	0
Planctomycetes_bacterium_Mal4	SRR1782801	0
Planctomycetes_bacterium_Mal4	SRR1782802	0
Planctomycetes_bacterium_Mal4	SRR1782803	0
Planctomycetes_bacterium_Mal4	SRR1782804	0
Planctomycetes_bacterium_Mal4	SRR1782805	0
Planctomycetes_bacterium_Mal4	SRR1782806	0
Planctomycetes_bacterium_Mal4	SRR1782807	0
Planctomycetes_bacterium_Mal4	SRR1782808	0
Planctomycetes_bacterium_Mal4	SRR1782809	0
Planctomycetes_bacterium_Mal4	SRR1782810	0
Planctomycetes_bacterium_Mal4	SRR1782811	0
Planctomycetes_bacterium_Mal4	SRR1782812	0
Planctomycetes_bacterium_Mal4	SRR1782813	0
Planctomycetes_bacterium_Mal4	SRR1782814	0
Planctomycetes_bacterium_Mal4	SRR1782815	0
Planctomycetes_bacterium_Mal4	SRR1782816	0
Planctomycetes_bacterium_Mal4	SRR1782817	0
Planctomycetes_bacterium_Mal4	SRR1782818	0
Planctomycetes_bacterium_Mal4	SRR1782819	0
Planctomycetes_bacterium_Mal4	SRR1782820	0
Planctomycetes_bacterium_Mal4	SRR1782821	0
Planctomycetes_bacterium_Mal4	SRR1782822	0
Planctomycetes_bacterium_Mal4	SRR1782823	0
Planctomycetes_bacterium_Mal4	SRR1782824	0
Planctomycetes_bacterium_Mal4	SRR1782825	0
Planctomycetes_bacterium_Mal4	SRR1782826	0
Planctomycetes_bacterium_Mal4	SRR1782827	0
Planctomycetes_bacterium_Mal4	SRR1782828	0
Planctomycetes_bacterium_Mal4	SRR1782829	0
Planctomycetes_bacterium_Mal4	SRR1782830	0
Planctomycetes_bacterium_Mal4	SRR1782831	0
Planctomycetes_bacterium_Mal4	SRR1782832	0
Planctomycetes_bacterium_Mal4	SRR1782833	0
Planctomycetes_bacterium_Mal4	SRR1782834	0
Planctomycetes_bacterium_Mal4	SRR1782835	0
Planctomycetes_bacterium_Mal4	SRR1782836	0
Planctomycetes_bacterium_Mal4	SRR1782837	0
Planctomycetes_bacterium_Mal4	SRR1782838	0
Planctomycetes_bacterium_Mal4	SRR1782839	0
Planctomycetes_bacterium_Mal4	SRR1782840	0
Planctomycetes_bacterium_Mal4	SRR1782841	0
Planctomycetes_bacterium_Mal4	SRR1782842	0
Planctomycetes_bacterium_Mal4	SRR1782843	0
Planctomycetes_bacterium_Mal4	SRR1782844	0
Planctomycetes_bacterium_Mal4	SRR1782845	0
Planctomycetes_bacterium_Mal4	SRR1782846	0
Planctomycetes_bacterium_Mal4	SRR1782847	0
Planctomycetes_bacterium_Mal4	SRR1782848	0
Planctomycetes_bacterium_Mal4	SRR1782849	0
Planctomycetes_bacterium_Mal4	SRR1782850	0
Planctomycetes_bacterium_Mal4	SRR1782851	0
Planctomycetes_bacterium_Mal4	SRR1782852	0
Planctomycetes_bacterium_Mal4	SRR1782853	0
Planctomycetes_bacterium_Mal4	SRR1782854	0
Planctomycetes_bacterium_Mal4	SRR1782855	0
Planctomycetes_bacterium_Mal4	SRR1782856	0
Planctomycetes_bacterium_Mal4	SRR1782857	0
Planctomycetes_bacterium_Mal4	SRR1782858	0
Planctomycetes_bacterium_Mal4	SRR1782859	0
Planctomycetes_bacterium_Mal4	SRR1782860	0
Planctomycetes_bacterium_Mal4	SRR1782861	0
Planctomycetes_bacterium_Mal4	SRR1782862	0
Planctomycetes_bacterium_Mal4	SRR1782863	0
Planctomycetes_bacterium_Mal4	SRR1782864	0
Planctomycetes_bacterium_Mal4	SRR1782865	0
Planctomycetes_bacterium_Mal4	SRR1782866	0
Planctomycetes_bacterium_Mal4	SRR1782867	0
Planctomycetes_bacterium_Mal4	SRR1782868	0
Planctomycetes_bacterium_Mal4	SRR1782869	0
Planctomycetes_bacterium_Mal4	SRR1782870	0
Planctomycetes_bacterium_Mal4	SRR1782871	0
Planctomycetes_bacterium_Mal4	SRR1782872	0
Planctomycetes_bacterium_Mal4	SRR1782873	0
Planctomycetes_bacterium_Mal4	SRR1782874	0
Planctomycetes_bacterium_Mal4	SRR1782875	0
Planctomycetes_bacterium_Mal4	SRR1782876	0
Planctomycetes_bacterium_Mal4	SRR1782877	0
Planctomycetes_bacterium_Mal4	SRR1782878	0
Planctomycetes_bacterium_Mal4	SRR1782879	0
Planctomycetes_bacterium_Mal4	SRR1782880	0
Planctomycetes_bacterium_Mal4	SRR1782881	0
Planctomycetes_bacterium_Mal4	SRR1782882	0
Planctomycetes_bacterium_Mal4	SRR1782883	0
Planctomycetes_bacterium_Mal4	SRR1782884	0
Planctomycetes_bacterium_Mal4	SRR1782885	0
Planctomycetes_bacterium_Mal4	SRR1782886	0
Planctomycetes_bacterium_Mal4	SRR1782887	0
Planctomycetes_bacterium_Mal4	SRR1782888	0
Planctomycetes_bacterium_Mal4	SRR1782889	0
Planctomycetes_bacterium_Mal4	SRR1782890	0
Planctomycetes_bacterium_Mal4	SRR1782891	0
Planctomycetes_bacterium_Mal4	SRR1782892	0
Planctomycetes_bacterium_Mal4	SRR1782893	0
Planctomycetes_bacterium_Mal4	SRR1782894	0
Planctomycetes_bacterium_Mal4	SRR1782895	0
Planctomycetes_bacterium_Mal4	SRR1782896	0
Planctomycetes_bacterium_Mal4	SRR1782897	0
Planctomycetes_bacterium_Mal4	SRR1782898	0
Planctomycetes_bacterium_Mal4	SRR1782899	0
Planctomycetes_bacterium_Mal4	SRR1782900	0
Planctomycetes_bacterium_Mal4	SRR1782901	0
Planctomycetes_bacterium_Mal4	SRR1782902	0
Planctomycetes_bacterium_Mal4	SRR1782903	0
Planctomycetes_bacterium_Mal4	SRR1782904	0
Planctomycetes_bacterium_Mal4	SRR1782905	0
Planctomycetes_bacterium_Mal4	SRR1782906	0
Planctomycetes_bacterium_Mal4	SRR1782907	0
Planctomycetes_bacterium_Mal4	SRR1782908	0
Planctomycetes_bacterium_Mal4	SRR1782909	0
Planctomycetes_bacterium_Mal4	SRR1782910	0
Planctomycetes_bacterium_Mal4	SRR1782911	0
Planctomycetes_bacterium_Mal4	SRR1782912	0
Planctomycetes_bacterium_Mal4	SRR1782913	0
Planctomycetes_bacterium_Mal4	SRR1782914	0
Planctomycetes_bacterium_Mal4	SRR1782915	0
Planctomycetes_bacterium_Mal4	SRR1782916	0
Planctomycetes_bacterium_Mal4	SRR1782917	0
Planctomycetes_bacterium_Mal4	SRR1782918	0
Planctomycetes_bacterium_Mal4	SRR1782919	0
Planctomycetes_bacterium_Mal4	SRR1782920	0
Planctomycetes_bacterium_Mal4	SRR1782921	0
Planctomycetes_bacterium_Mal4	SRR1782922	0
Planctomycetes_bacterium_Mal4	SRR1782923	0
Planctomycetes_bacterium_Mal4	SRR1782924	0
Planctomycetes_bacterium_Mal4	SRR1782925	0
Planctomycetes_bacterium_Mal4	SRR1782926	0
Planctomycetes_bacterium_Mal4	SRR1782927	0
Planctomycetes_bacterium_Mal4	SRR1782928	0
Planctomycetes_bacterium_Mal4	SRR1782929	0
Planctomycetes_bacterium_Mal4	SRR1782930	0
Planctomycetes_bacterium_Mal4	SRR1782931	0
Planctomycetes_bacterium_Mal4	SRR1782932	0
Planctomycetes_bacterium_Mal4	SRR1782933	0
Planctomycetes_bacterium_Mal4	SRR1782934	0
Planctomycetes_bacterium_Mal4	SRR1782935	0
Planctomycetes_bacterium_Mal4	SRR1782936	0
Planctomycetes_bacterium_Mal4	SRR1782937	0
Planctomycetes_bacterium_Mal4	SRR1782938	0
Planctomycetes_bacterium_Mal4	SRR1782939	0
Planctomycetes_bacterium_Mal4	SRR1782940	0
Planctomycetes_bacterium_Mal4	SRR1782941	0
Planctomycetes_bacterium_Mal4	SRR1782942	0
Planctomycetes_bacterium_Mal4	SRR1782943	0
Planctomycetes_bacterium_Mal4	SRR1782944	0
Planctomycetes_bacterium_Mal4	SRR1782945	0
Planctomycetes_bacterium_Mal4	SRR1782946	0
Planctomycetes_bacterium_Mal4	SRR1782947	0
Planctomycetes_bacterium_Mal4	SRR1782948	0
Planctomycetes_bacterium_Mal4	SRR1782949	0
Planctomycetes_bacterium_Mal4	SRR1782950	0
Planctomycetes_bacterium_Mal4	SRR1782951	0
Planctomycetes_bacterium_Mal4	SRR1782952	0
Planctomycetes_bacterium_Mal4	SRR1782953	0
Planctomycetes_bacterium_Mal4	SRR1782954	0
Planctomycetes_bacterium_Mal4	SRR1782955	0
Planctomycetes_bacterium_Mal4	SRR1782956	0
Planctomycetes_bacterium_Mal4	SRR1782957	0
Planctomycetes_bacterium_Mal4	SRR1782958	0
Planctomycetes_bacterium_Mal4	SRR1782959	0
Planctomycetes_bacterium_Mal4	SRR1782960	0
Planctomycetes_bacterium_Mal4	SRR1782961	0
Planctomycetes_bacterium_Mal4	SRR1782962	0
Planctomycetes_bacterium_Mal4	SRR1782963	0
Planctomycetes_bacterium_Mal4	SRR1782964	0
Planctomycetes_bacterium_Mal4	SRR1782965	0
Planctomycetes_bacterium_Mal4	SRR1782966	0
Planctomycetes_bacterium_Mal4	SRR1782967	0
Planctomycetes_bacterium_Mal4	SRR1782968	0
Planctomycetes_bacterium_Mal4	SRR1782969	0
Planctomycetes_bacterium_Mal4	SRR1782970	0
Planctomycetes_bacterium_Mal4	SRR1782971	0
Planctomycetes_bacterium_Mal4	SRR1782972	0
Planctomycetes_bacterium_Mal4	SRR1782973	0
Planctomycetes_bacterium_Mal4	SRR1782974	0
Planctomycetes_bacterium_Mal4	SRR1782975	0
Planctomycetes_bacterium_Mal4	SRR1782976	0
Planctomycetes_bacterium_Mal4	SRR1782977	0
Planctomycetes_bacterium_Mal4	SRR1782978	0
Planctomycetes_bacterium_Mal4	SRR1782979	0
Planctomycetes_bacterium_Mal4	SRR1782980	0
Planctomycetes_bacterium_Mal4	SRR1782981	0
Planctomycetes_bacterium_Mal4	SRR1782982	0
Planctomycetes_bacterium_Mal4	SRR1782983	0
Planctomycetes_bacterium_Mal4	SRR1782984	0
Planctomycetes_bacterium_Mal4	SRR1782985	0
Planctomycetes_bacterium_Mal4	SRR1782986	0
Planctomycetes_bacterium_Mal4	SRR1782987	0
Planctomycetes_bacterium_Mal4	SRR1782988	0
Planctomycetes_bacterium_Mal4	SRR1782989	0
Planctomycetes_bacterium_Mal4	SRR1782990	0
Planctomycetes_bacterium_Mal4	SRR1782991	0
Planctomycetes_bacterium_Mal4	SRR1782992	0
Planctomycetes_bacterium_Mal4	SRR1782993	0
Planctomycetes_bacterium_Mal4	SRR1782994	0
Planctomycetes_bacterium_Mal4	SRR1782995	0
Planctomycetes_bacterium_Mal4	SRR1782996	0
Planctomycetes_bacterium_Mal4	SRR1782997	0
Planctomycetes_bacterium_Mal4	SRR1782998	0
Planctomycetes_bacterium_Mal4	SRR1782999	0
Planctomycetes_bacterium_Mal4	SRR1783000	0
Planctomycetes_bacterium_Mal4	SRR1783001	0
Planctomycetes_bacterium_Mal4	SRR1783002	0
Planctomycetes_bacterium_Mal4	SRR1783003	0
Planctomycetes_bacterium_Mal4	SRR1783004	0
Planctomycetes_bacterium_Mal4	SRR1783005	0
Planctomycetes_bacterium_Mal4	SRR1783006	0
Planctomycetes_bacterium_Mal4	SRR1813867	NA
Planctomycetes_bacterium_Mal4	SRR1813868	NA
Planctomycetes_bacterium_Mal4	SRR1813869	NA
Planctomycetes_bacterium_Mal4	SRR1813870	NA
Planctomycetes_bacterium_Mal4	SRR1813871	NA
Planctomycetes_bacterium_Mal4	SRR1813872	NA
Planctomycetes_bacterium_Mal4	SRR1813873	NA
Planctomycetes_bacterium_Mal4	SRR1813874	NA
Planctomycetes_bacterium_Mal4	SRR1813875	NA
Planctomycetes_bacterium_Mal4	SRR1813876	NA
Planctomycetes_bacterium_Mal4	SRR1813877	NA
Planctomycetes_bacterium_Mal4	SRR1813878	NA
Planctomycetes_bacterium_Mal4	SRR1813879	NA
Planctomycetes_bacterium_Mal4	SRR1813880	NA
Planctomycetes_bacterium_Mal4	SRR1813881	NA
Planctomycetes_bacterium_Mal4	SRR1813882	NA
Planctomycetes_bacterium_Mal4	SRR1813883	NA
Planctomycetes_bacterium_Mal4	SRR1813884	NA
Planctomycetes_bacterium_Mal4	SRR1813885	NA
Planctomycetes_bacterium_Mal4	SRR1813886	NA
Planctomycetes_bacterium_Mal4	SRR1813887	NA
Planctomycetes_bacterium_Mal4	SRR1928188	NA
Planctomycetes_bacterium_Mal4	SRR1928189	NA
Planctomycetes_bacterium_Mal4	SRR1928190	NA
Planctomycetes_bacterium_Mal4	SRR1928191	NA
Planctomycetes_bacterium_Mal4	SRR1928192	NA
Planctomycetes_bacterium_Mal4	SRR1928193	NA
Planctomycetes_bacterium_Mal4	SRR2046996	0
Planctomycetes_bacterium_Mal4	SRR2046997	0
Planctomycetes_bacterium_Mal4	SRR2046998	0
Planctomycetes_bacterium_Mal4	SRR2046999	0
Planctomycetes_bacterium_Mal4	SRR2047000	0
Planctomycetes_bacterium_Mal4	SRR2047001	0
Planctomycetes_bacterium_Mal4	SRR2047002	0
Planctomycetes_bacterium_Mal4	SRR2047003	0
Planctomycetes_bacterium_Mal4	SRR2047004	0
Planctomycetes_bacterium_Mal4	SRR2047005	0
Planctomycetes_bacterium_Mal4	SRR2047006	0
Planctomycetes_bacterium_Mal4	SRR2047007	0
Planctomycetes_bacterium_Mal4	SRR2047008	0
Planctomycetes_bacterium_Mal4	SRR2047009	0
Planctomycetes_bacterium_Mal4	SRR2313973	NA
Planctomycetes_bacterium_Mal4	SRR2313974	NA
Planctomycetes_bacterium_Mal4	SRR2313975	NA
Planctomycetes_bacterium_Mal4	SRR2313976	NA
Planctomycetes_bacterium_Mal4	SRR2313977	NA
Planctomycetes_bacterium_Mal4	SRR2313978	NA
Planctomycetes_bacterium_Mal4	SRR2313979	NA
Planctomycetes_bacterium_Mal4	SRR2313980	NA
Planctomycetes_bacterium_Mal4	SRR2313981	NA
Planctomycetes_bacterium_Mal4	SRR2313982	NA
Planctomycetes_bacterium_Mal4	SRR2313983	NA
Planctomycetes_bacterium_Mal4	SRR2313984	NA
Planctomycetes_bacterium_Mal4	SRR2313985	NA
Planctomycetes_bacterium_Mal4	SRR2313986	NA
Planctomycetes_bacterium_Mal4	SRR2313987	NA
Planctomycetes_bacterium_Mal4	SRR2313988	NA
Planctomycetes_bacterium_Mal4	SRR2313989	NA
Planctomycetes_bacterium_Mal4	SRR2313990	NA
Planctomycetes_bacterium_Mal4	SRR2313991	NA
Planctomycetes_bacterium_Mal4	SRR2313992	NA
Planctomycetes_bacterium_Mal4	SRR2313993	NA
Planctomycetes_bacterium_Mal4	SRR2313994	NA
Planctomycetes_bacterium_Mal4	SRR2313995	NA
Planctomycetes_bacterium_Mal4	SRR2313996	NA
Planctomycetes_bacterium_Mal4	SRR2313997	NA
Planctomycetes_bacterium_Mal4	SRR2313998	NA
Planctomycetes_bacterium_Mal4	SRR2313999	NA
Planctomycetes_bacterium_Mal4	SRR2314000	NA
Planctomycetes_bacterium_Mal4	SRR2314001	NA
Planctomycetes_bacterium_Mal4	SRR2314002	NA
Planctomycetes_bacterium_Mal4	SRR2314003	NA
Planctomycetes_bacterium_Mal4	SRR2314004	NA
Planctomycetes_bacterium_Mal4	SRR2314005	NA
Planctomycetes_bacterium_Mal4	SRR2314006	NA
Planctomycetes_bacterium_Mal4	SRR2314007	NA
Planctomycetes_bacterium_Mal4	SRR2314008	NA
Planctomycetes_bacterium_Mal4	SRR2314009	NA
Planctomycetes_bacterium_Mal4	SRR2314010	NA
Planctomycetes_bacterium_Mal4	SRR2314011	NA
Planctomycetes_bacterium_Mal4	SRR2314012	NA
Planctomycetes_bacterium_Mal4	SRR2314013	NA
Planctomycetes_bacterium_Mal4	SRR2314014	NA
Planctomycetes_bacterium_Mal4	SRR2314015	NA
Planctomycetes_bacterium_Mal4	SRR2314016	NA
Planctomycetes_bacterium_Mal4	SRR2314017	NA
Planctomycetes_bacterium_Mal4	SRR2314018	NA
Planctomycetes_bacterium_Mal4	SRR2314019	NA
Planctomycetes_bacterium_Mal4	SRR2314020	NA
Planctomycetes_bacterium_Mal4	SRR2314021	NA
Planctomycetes_bacterium_Mal4	SRR2314022	NA
Planctomycetes_bacterium_Mal4	SRR2314023	NA
Planctomycetes_bacterium_Mal4	SRR2314024	NA
Planctomycetes_bacterium_Mal4	SRR2314025	NA
Planctomycetes_bacterium_Mal4	SRR2314026	NA
Planctomycetes_bacterium_Mal4	SRR2314027	NA
Planctomycetes_bacterium_Mal4	SRR2314028	NA
Planctomycetes_bacterium_Mal4	SRR2314029	NA
Planctomycetes_bacterium_Mal4	SRR2314030	NA
Planctomycetes_bacterium_Mal4	SRR2314031	NA
Planctomycetes_bacterium_Mal4	SRR2314032	NA
Planctomycetes_bacterium_Mal4	SRR2314033	NA
Planctomycetes_bacterium_Mal4	SRR2314034	NA
Planctomycetes_bacterium_Mal4	SRR2314035	NA
Planctomycetes_bacterium_Mal4	SRR2314036	NA
Planctomycetes_bacterium_Mal4	SRR2314037	NA
Planctomycetes_bacterium_Mal4	SRR2314038	NA
Planctomycetes_bacterium_Mal4	SRR2314039	NA
Planctomycetes_bacterium_Mal4	SRR2314040	NA
Planctomycetes_bacterium_Mal4	SRR2314041	NA
Planctomycetes_bacterium_Mal4	SRR2314042	NA
Planctomycetes_bacterium_Mal4	SRR2314043	NA
Planctomycetes_bacterium_Mal4	SRR2314044	NA
Planctomycetes_bacterium_Mal4	SRR2314045	NA
Planctomycetes_bacterium_Mal4	SRR3493774	0
Planctomycetes_bacterium_Mal4	SRR3493775	0
Planctomycetes_bacterium_Mal4	SRR3493776	0
Planctomycetes_bacterium_Mal4	SRR3493777	0
Planctomycetes_bacterium_Mal4	SRR3493778	0
Planctomycetes_bacterium_Mal4	SRR3493779	0
Planctomycetes_bacterium_Mal4	SRR3493780	0
Planctomycetes_bacterium_Mal4	SRR3493781	0
Planctomycetes_bacterium_Mal4	SRR3493782	0
Planctomycetes_bacterium_Mal4	SRR3493783	0
Planctomycetes_bacterium_Mal4	SRR3493784	0
Planctomycetes_bacterium_Mal4	SRR3493785	0
Planctomycetes_bacterium_Mal4	SRR3493786	0
Planctomycetes_bacterium_Mal4	SRR3493787	0
Planctomycetes_bacterium_Mal4	SRR3493788	0
Planctomycetes_bacterium_Mal4	SRR3493789	0
Planctomycetes_bacterium_Mal4	SRR3493790	0
Planctomycetes_bacterium_Mal4	SRR3493791	0
Planctomycetes_bacterium_Mal4	SRR3493792	0
Planctomycetes_bacterium_Mal4	SRR3493793	1
Planctomycetes_bacterium_Mal4	SRR3493794	0
Planctomycetes_bacterium_Mal4	SRR3493795	0
Planctomycetes_bacterium_Mal4	SRR3493796	0
Planctomycetes_bacterium_Mal4	SRR3493797	0
Planctomycetes_bacterium_Mal4	SRR3493798	1
Planctomycetes_bacterium_Mal4	SRR3493799	1
Planctomycetes_bacterium_Mal4	SRR3493800	0
Planctomycetes_bacterium_Mal4	SRR3493801	3
Planctomycetes_bacterium_Mal4	SRR3493802	0
Planctomycetes_bacterium_Mal4	SRR3493803	1
Planctomycetes_bacterium_Mal4	SRR3493804	0
Planctomycetes_bacterium_Mal4	SRR3493805	0
Planctomycetes_bacterium_Mal4	SRR3493806	2
Planctomycetes_bacterium_Mal4	SRR3493807	0
Planctomycetes_bacterium_Mal4	SRR3493808	5
Planctomycetes_bacterium_Mal4	SRR3493809	0
Planctomycetes_bacterium_Mal4	SRR3493810	1
Planctomycetes_bacterium_Mal4	SRR3493811	0
Planctomycetes_bacterium_Mal4	SRR3493812	0
Planctomycetes_bacterium_Mal4	SRR3493813	2
Planctomycetes_bacterium_Mal4	SRR3493814	0
Planctomycetes_bacterium_Mal4	SRR3493815	0
Planctomycetes_bacterium_Mal4	SRR3493816	0
Planctomycetes_bacterium_Mal4	SRR3493817	0
Planctomycetes_bacterium_Mal4	SRR3493818	3
Planctomycetes_bacterium_Mal4	SRR3493819	2
Planctomycetes_bacterium_Mal4	SRR3493820	0
Planctomycetes_bacterium_Mal4	SRR3493821	3
Planctomycetes_bacterium_Mal4	SRR3493822	0
Planctomycetes_bacterium_Mal4	SRR3493823	1
Planctomycetes_bacterium_Mal4	SRR3493824	0
Planctomycetes_bacterium_Mal4	SRR3493825	4
Planctomycetes_bacterium_Mal4	SRR3493826	1
Planctomycetes_bacterium_Mal4	SRR3493827	4
Planctomycetes_bacterium_Mal4	SRR3493828	0
Planctomycetes_bacterium_Mal4	SRR3493829	0
Planctomycetes_bacterium_Mal4	SRR3493830	0
Planctomycetes_bacterium_Mal4	SRR3493831	0
Planctomycetes_bacterium_Mal4	SRR3493832	0
Planctomycetes_bacterium_Mal4	SRR3493833	0
Planctomycetes_bacterium_Mal4	SRR3493834	0
Planctomycetes_bacterium_Mal4	SRR3493835	7
Planctomycetes_bacterium_Mal4	SRR3493836	0
Planctomycetes_bacterium_Mal4	SRR3493837	1
Planctomycetes_bacterium_Mal4	SRR3493838	0
Planctomycetes_bacterium_Mal4	SRR3493839	0
Planctomycetes_bacterium_Mal4	SRR3493840	0
Planctomycetes_bacterium_Mal4	SRR3493841	0
Planctomycetes_bacterium_Mal4	SRR3493846	0
Planctomycetes_bacterium_Mal4	SRR3493847	0
Planctomycetes_bacterium_Mal4	SRR3493848	0
Planctomycetes_bacterium_Mal4	SRR3493849	1
Planctomycetes_bacterium_Mal4	SRR3493850	0
Planctomycetes_bacterium_Mal4	SRR3714631	NA
Planctomycetes_bacterium_Mal4	SRR3714632	NA
Planctomycetes_bacterium_Mal4	SRR3714633	NA
Planctomycetes_bacterium_Mal4	SRR3714634	NA
Planctomycetes_bacterium_Mal4	SRR3714635	NA
Planctomycetes_bacterium_Mal4	SRR3714636	NA
Planctomycetes_bacterium_Mal4	SRR3714637	NA
Planctomycetes_bacterium_Mal4	SRR3714638	NA
Planctomycetes_bacterium_Mal4	SRR3714639	NA
Planctomycetes_bacterium_Mal4	SRR3714640	NA
Planctomycetes_bacterium_Mal4	SRR3714641	NA
Planctomycetes_bacterium_Mal4	SRR3714642	NA
Planctomycetes_bacterium_Mal4	SRR3714643	NA
Planctomycetes_bacterium_Mal4	SRR3714644	NA
Planctomycetes_bacterium_Mal4	SRR3714645	NA
Planctomycetes_bacterium_Mal4	SRR3714646	NA
Planctomycetes_bacterium_Mal4	SRR3714648	NA
Planctomycetes_bacterium_Mal4	SRR3714649	NA
Planctomycetes_bacterium_Mal4	SRR3714650	NA
Planctomycetes_bacterium_Mal4	SRR3714651	NA
Planctomycetes_bacterium_Mal4	SRR3714652	NA
Planctomycetes_bacterium_Mal4	SRR3714653	NA
Planctomycetes_bacterium_Mal4	SRR3714654	NA
Planctomycetes_bacterium_Mal4	SRR3714655	NA
Planctomycetes_bacterium_Mal4	SRR3714656	NA
Planctomycetes_bacterium_Mal4	SRR3714657	NA
Planctomycetes_bacterium_Mal4	SRR3714658	NA
Planctomycetes_bacterium_Mal4	SRR3714659	NA
Planctomycetes_bacterium_Mal4	SRR3714660	NA
Planctomycetes_bacterium_Mal4	SRR3714661	NA
Planctomycetes_bacterium_Mal4	SRR3714662	NA
Planctomycetes_bacterium_Mal4	SRR3714663	NA
Planctomycetes_bacterium_Mal4	SRR3714664	NA
Planctomycetes_bacterium_Mal4	SRR3714665	NA
Planctomycetes_bacterium_Mal4	SRR3714666	NA
Planctomycetes_bacterium_Mal4	SRR3714667	NA
Planctomycetes_bacterium_Mal4	SRR3714668	NA
Planctomycetes_bacterium_Mal4	SRR3714669	NA
Planctomycetes_bacterium_Mal4	SRR3714670	NA
Planctomycetes_bacterium_Mal4	SRR3714671	NA
Planctomycetes_bacterium_Mal4	SRR3714672	NA
Planctomycetes_bacterium_Mal4	SRR3714673	NA
Planctomycetes_bacterium_Mal4	SRR3714674	NA
Planctomycetes_bacterium_Mal4	SRR3714675	NA
Planctomycetes_bacterium_Mal4	SRR3714676	NA
Planctomycetes_bacterium_Mal4	SRR3714677	NA
Planctomycetes_bacterium_Mal4	SRR3714678	NA
Planctomycetes_bacterium_Mal4	SRR3714679	NA
Planctomycetes_bacterium_Mal4	SRR3714680	NA
Planctomycetes_bacterium_Mal4	SRR3714681	NA
Planctomycetes_bacterium_Mal4	SRR3714682	NA
Planctomycetes_bacterium_Mal4	SRR3714683	NA
Planctomycetes_bacterium_Mal4	SRR3714684	NA
Planctomycetes_bacterium_Mal4	SRR3714685	NA
Planctomycetes_bacterium_Mal4	SRR3714686	NA
Planctomycetes_bacterium_Mal4	SRR3714688	NA
Planctomycetes_bacterium_Mal4	SRR3714689	NA
Planctomycetes_bacterium_Mal4	SRR3714690	NA
Planctomycetes_bacterium_Mal4	SRR3714691	NA
Planctomycetes_bacterium_Mal4	SRR3714692	NA
Planctomycetes_bacterium_Mal4	SRR3714693	NA
Planctomycetes_bacterium_Mal4	SRR3714694	NA
Planctomycetes_bacterium_Mal4	SRR3714695	NA
Planctomycetes_bacterium_Mal4	SRR3714696	NA
Planctomycetes_bacterium_Mal4	SRR3714697	NA
Planctomycetes_bacterium_Mal4	SRR3714698	NA
Planctomycetes_bacterium_Mal4	SRR3714699	NA
Planctomycetes_bacterium_Mal4	SRR3714700	NA
Planctomycetes_bacterium_Mal4	SRR3714701	NA
Planctomycetes_bacterium_Mal4	SRR3714702	NA
Planctomycetes_bacterium_Mal4	SRR3714703	NA
Planctomycetes_bacterium_Mal4	SRR3714704	NA
Planctomycetes_bacterium_Mal4	SRR3714705	NA
Planctomycetes_bacterium_Mal4	SRR3714706	NA
Planctomycetes_bacterium_Mal4	SRR3714707	NA
Planctomycetes_bacterium_Mal4	SRR3714708	NA
Planctomycetes_bacterium_Mal4	SRR3714709	NA
Planctomycetes_bacterium_Mal4	SRR3714710	NA
Planctomycetes_bacterium_Mal4	SRR3714711	NA
Planctomycetes_bacterium_Mal4	SRR3714712	NA
Planctomycetes_bacterium_Mal4	SRR3714713	NA
Planctomycetes_bacterium_Mal4	SRR3714714	NA
Planctomycetes_bacterium_Mal4	SRR3714715	NA
Planctomycetes_bacterium_Mal4	SRR3714716	NA
Planctomycetes_bacterium_Mal4	SRR3714717	NA
Planctomycetes_bacterium_Mal4	SRR3714718	NA
Planctomycetes_bacterium_Mal4	SRR3714719	NA
Planctomycetes_bacterium_Mal4	SRR3714720	NA
Planctomycetes_bacterium_Mal4	SRR3714721	NA
Planctomycetes_bacterium_Mal4	SRR3714723	NA
Planctomycetes_bacterium_Mal4	SRR3714724	NA
Planctomycetes_bacterium_Mal4	SRR3714725	NA
Planctomycetes_bacterium_Mal4	SRR3714726	NA
Planctomycetes_bacterium_Mal4	SRR3714727	NA
Planctomycetes_bacterium_Mal4	SRR3714728	NA
Planctomycetes_bacterium_Mal4	SRR3714729	NA
Planctomycetes_bacterium_Mal4	SRR3714730	NA
Planctomycetes_bacterium_Mal4	SRR3714731	NA
Planctomycetes_bacterium_Mal4	SRR3714732	NA
Planctomycetes_bacterium_Mal4	SRR3714734	NA
Planctomycetes_bacterium_Mal4	SRR3714735	NA
Planctomycetes_bacterium_Mal4	SRR3714736	NA
Planctomycetes_bacterium_Mal4	SRR3714737	NA
Planctomycetes_bacterium_Mal4	SRR3714738	NA
Planctomycetes_bacterium_Mal4	SRR3714739	NA
Planctomycetes_bacterium_Mal4	SRR3714740	NA
Planctomycetes_bacterium_Mal4	SRR3714741	NA
Planctomycetes_bacterium_Mal4	SRR3714744	NA
Planctomycetes_bacterium_Mal4	SRR3714745	NA
Planctomycetes_bacterium_Mal4	SRR3714746	NA
Planctomycetes_bacterium_Mal4	SRR3714747	NA
Planctomycetes_bacterium_Mal4	SRR3714748	NA
Planctomycetes_bacterium_Mal4	SRR3714749	NA
Planctomycetes_bacterium_Mal4	SRR3714750	NA
Planctomycetes_bacterium_Mal4	SRR3714751	NA
Planctomycetes_bacterium_Mal4	SRR3714752	NA
Planctomycetes_bacterium_Mal4	SRR3714753	NA
Planctomycetes_bacterium_Mal4	SRR3714754	NA
Planctomycetes_bacterium_Mal4	SRR3714755	NA
Planctomycetes_bacterium_Mal4	SRR3714756	NA
Planctomycetes_bacterium_Mal4	SRR3714757	NA
Planctomycetes_bacterium_Mal4	SRR3714758	NA
Planctomycetes_bacterium_Mal4	SRR3714759	NA
Planctomycetes_bacterium_Mal4	SRR3714760	NA
Planctomycetes_bacterium_Mal4	SRR3714761	NA
Planctomycetes_bacterium_Mal4	SRR3714762	NA
Planctomycetes_bacterium_Mal4	SRR3714764	NA
Planctomycetes_bacterium_Mal4	SRR3714765	NA
Planctomycetes_bacterium_Mal4	SRR3714766	NA
Planctomycetes_bacterium_Mal4	SRR3714767	NA
Planctomycetes_bacterium_Mal4	SRR3714768	NA
Planctomycetes_bacterium_Mal4	SRR5176628	0
Planctomycetes_bacterium_Mal4	SRR5176629	0
Planctomycetes_bacterium_Mal4	SRR5176630	0
Planctomycetes_bacterium_Mal4	SRR5176631	0
Planctomycetes_bacterium_Mal4	SRR5176632	0
Planctomycetes_bacterium_Mal4	SRR5176633	0
Planctomycetes_bacterium_Mal4	SRR5176634	0
Planctomycetes_bacterium_Mal4	SRR5176635	0
Planctomycetes_bacterium_Mal4	SRR5176636	0
Planctomycetes_bacterium_Mal4	SRR5176637	0
Planctomycetes_bacterium_Mal4	SRR5176638	0
Planctomycetes_bacterium_Mal4	SRR5176639	1
Planctomycetes_bacterium_Mal4	SRR5176640	0
Planctomycetes_bacterium_Mal4	SRR5176641	0
Planctomycetes_bacterium_Mal4	SRR5176642	0
Planctomycetes_bacterium_Mal4	SRR5176643	0
Planctomycetes_bacterium_Mal4	SRR5176644	0
Planctomycetes_bacterium_Mal4	SRR5176645	0
Planctomycetes_bacterium_Mal4	SRR5176646	0
Planctomycetes_bacterium_Mal4	SRR5176647	0
Planctomycetes_bacterium_Mal4	SRR5176648	0
Planctomycetes_bacterium_Mal4	SRR5176649	0
Planctomycetes_bacterium_Mal4	SRR5176650	0
Planctomycetes_bacterium_Mal4	SRR5176651	0
Planctomycetes_bacterium_Mal4	SRR5176652	0
Planctomycetes_bacterium_Mal4	SRR5176653	0
Planctomycetes_bacterium_Mal4	SRR5176654	0
Planctomycetes_bacterium_Mal4	SRR5176655	0
Planctomycetes_bacterium_Mal4	SRR5176656	0
Planctomycetes_bacterium_Mal4	SRR5176657	0
Planctomycetes_bacterium_Mal4	SRR5176658	0
Planctomycetes_bacterium_Mal4	SRR5176659	0
Planctomycetes_bacterium_Mal4	SRR5176660	0
Planctomycetes_bacterium_Mal4	SRR5176661	0
Planctomycetes_bacterium_Mal4	SRR5176662	0
Planctomycetes_bacterium_Mal4	SRR5176663	0
Planctomycetes_bacterium_Mal4	SRR5176664	0
Planctomycetes_bacterium_Mal4	SRR5176665	0
Planctomycetes_bacterium_Mal4	SRR5176666	0
Planctomycetes_bacterium_Mal4	SRR5176667	0
Planctomycetes_bacterium_Mal4	SRR5176668	0
Planctomycetes_bacterium_Mal4	SRR5176669	0
Planctomycetes_bacterium_Mal4	SRR5176670	0
Planctomycetes_bacterium_Mal4	SRR5176671	0
Planctomycetes_bacterium_Mal4	SRR5176672	0
Planctomycetes_bacterium_Mal4	SRR5176673	0
Planctomycetes_bacterium_Mal4	SRR5176674	0
Planctomycetes_bacterium_Mal4	SRR5176675	0
Planctomycetes_bacterium_Mal4	SRR5176676	0
Planctomycetes_bacterium_Mal4	SRR5176677	0
Planctomycetes_bacterium_Mal4	SRR5176678	0
Planctomycetes_bacterium_Mal4	SRR5176679	0
Planctomycetes_bacterium_Mal4	SRR5176680	0
Planctomycetes_bacterium_Mal4	SRR5176681	0
Planctomycetes_bacterium_Mal4	SRR5176682	0
Planctomycetes_bacterium_Mal4	SRR5176683	0
Planctomycetes_bacterium_Mal4	SRR5176684	0
Planctomycetes_bacterium_Mal4	SRR5176685	0
Planctomycetes_bacterium_Mal4	SRR5176686	0
Planctomycetes_bacterium_Mal4	SRR5176687	0
Planctomycetes_bacterium_Mal4	SRR5176688	0
Planctomycetes_bacterium_Mal4	SRR5176689	0
Planctomycetes_bacterium_Mal4	SRR5176690	0
Planctomycetes_bacterium_Mal4	SRR5176691	0
Planctomycetes_bacterium_Mal4	SRR5176692	0
Planctomycetes_bacterium_Mal4	SRR5176693	0
Planctomycetes_bacterium_Mal4	SRR5176694	0
Planctomycetes_bacterium_Mal4	SRR5176695	0
Planctomycetes_bacterium_Mal4	SRR5176696	0
Planctomycetes_bacterium_Mal4	SRR5176697	0
Planctomycetes_bacterium_Mal4	SRR5176698	0
Planctomycetes_bacterium_Mal4	SRR5176699	0
Planctomycetes_bacterium_Mal4	SRR5176700	0
Planctomycetes_bacterium_Mal4	SRR5176701	0
Planctomycetes_bacterium_Mal4	SRR5176702	0
Planctomycetes_bacterium_Mal4	SRR5176703	0
Planctomycetes_bacterium_Mal4	SRR5176704	0
Planctomycetes_bacterium_Mal4	SRR5176705	0
Planctomycetes_bacterium_Mal4	SRR5176706	0
Planctomycetes_bacterium_Mal4	SRR5176707	0
Planctomycetes_bacterium_Mal4	SRR5176708	0
Planctomycetes_bacterium_Mal4	SRR5176709	0
Planctomycetes_bacterium_Mal4	SRR5176710	0
Planctomycetes_bacterium_Mal4	SRR5176711	0
Planctomycetes_bacterium_Mal4	SRR5176712	0
Planctomycetes_bacterium_Mal4	SRR5176713	0
Planctomycetes_bacterium_Mal4	SRR5176714	0
Planctomycetes_bacterium_Mal4	SRR5176715	0
Planctomycetes_bacterium_Mal4	SRR5176716	0
Planctomycetes_bacterium_Mal4	SRR5176717	0
Planctomycetes_bacterium_Mal4	SRR5176718	0
Planctomycetes_bacterium_Mal4	SRR5176719	0
Planctomycetes_bacterium_Mal4	SRR5176720	0
Planctomycetes_bacterium_Mal4	SRR5176721	0
Planctomycetes_bacterium_Mal4	SRR5176722	0
Planctomycetes_bacterium_Mal4	SRR5176723	0
Planctomycetes_bacterium_Mal4	SRR5176724	0
Planctomycetes_bacterium_Mal4	SRR5176725	0
Planctomycetes_bacterium_Mal4	SRR5176726	0
Planctomycetes_bacterium_Mal4	SRR5176727	0
Planctomycetes_bacterium_Mal4	SRR5176728	0
Planctomycetes_bacterium_Mal4	SRR5176729	0
Planctomycetes_bacterium_Mal4	SRR5176730	0
Planctomycetes_bacterium_Mal4	SRR5176731	0
Planctomycetes_bacterium_Mal4	SRR5176732	0
Planctomycetes_bacterium_Mal4	SRR5176733	0
Planctomycetes_bacterium_Mal4	SRR5176734	0
Planctomycetes_bacterium_Mal4	SRR5176735	0
Planctomycetes_bacterium_Mal4	SRR5176736	0
Planctomycetes_bacterium_Mal4	SRR5176737	0
Planctomycetes_bacterium_Mal4	SRR5176738	0
Planctomycetes_bacterium_Mal4	SRR5176739	0
Planctomycetes_bacterium_Mal4	SRR5176740	0
Planctomycetes_bacterium_Mal4	SRR5176741	0
Planctomycetes_bacterium_Mal4	SRR5176742	0
Planctomycetes_bacterium_Mal4	SRR5176743	0
Planctomycetes_bacterium_Mal4	SRR5176744	0
Planctomycetes_bacterium_Mal4	SRR5176745	0
Planctomycetes_bacterium_Mal4	SRR5176746	0
Planctomycetes_bacterium_Mal4	SRR5176747	0
Planctomycetes_bacterium_Mal4	SRR5176748	0
Planctomycetes_bacterium_Mal4	SRR5176749	0
Planctomycetes_bacterium_Mal4	SRR5176750	0
Planctomycetes_bacterium_Mal4	SRR5176751	0
Planctomycetes_bacterium_Mal4	SRR5176752	0
Planctomycetes_bacterium_Mal4	SRR5176753	0
Planctomycetes_bacterium_Mal4	SRR5176754	0
Planctomycetes_bacterium_Mal4	SRR5176755	0
Planctomycetes_bacterium_Mal4	SRR5176756	0
Planctomycetes_bacterium_Mal4	SRR5176757	0
Planctomycetes_bacterium_Mal4	SRR5176758	0
Planctomycetes_bacterium_Mal4	SRR5176759	0
Planctomycetes_bacterium_Mal4	SRR5176760	0
Planctomycetes_bacterium_Mal4	SRR5176761	0
Planctomycetes_bacterium_Mal4	SRR5176762	0
Planctomycetes_bacterium_Mal4	SRR5176763	0
Planctomycetes_bacterium_Mal4	SRR5176764	0
Planctomycetes_bacterium_Mal4	SRR5176765	0
Planctomycetes_bacterium_Mal4	SRR5176766	0
Planctomycetes_bacterium_Mal4	SRR5176767	0
Planctomycetes_bacterium_Mal4	SRR5176768	0
Planctomycetes_bacterium_Mal4	SRR5176769	0
Planctomycetes_bacterium_Mal4	SRR5176770	0
Planctomycetes_bacterium_Mal4	SRR5176771	0
Planctomycetes_bacterium_Mal4	SRR5176772	0
Planctomycetes_bacterium_Mal4	SRR5176773	0
Planctomycetes_bacterium_Mal4	SRR5176774	0
Planctomycetes_bacterium_Mal4	SRR5176775	0
Planctomycetes_bacterium_Mal4	SRR5176776	0
Planctomycetes_bacterium_Mal4	SRR5176777	0
Planctomycetes_bacterium_Mal4	SRR5176778	0
Planctomycetes_bacterium_Mal4	SRR5176779	0
Planctomycetes_bacterium_Mal4	SRR5176780	0
Planctomycetes_bacterium_Mal4	SRR5176781	0
Planctomycetes_bacterium_Mal4	SRR5176782	0
Planctomycetes_bacterium_Mal4	SRR5176783	0
Planctomycetes_bacterium_Mal4	SRR5176784	0
Planctomycetes_bacterium_Mal4	SRR5176785	0
Planctomycetes_bacterium_Mal4	SRR5176786	0
Planctomycetes_bacterium_Mal4	SRR5176787	0
Planctomycetes_bacterium_Mal4	SRR5176788	0
Planctomycetes_bacterium_Mal4	SRR5176789	0
Planctomycetes_bacterium_Mal4	SRR5176790	0
Planctomycetes_bacterium_Mal4	SRR5176791	0
Planctomycetes_bacterium_Mal4	SRR5176792	0
Planctomycetes_bacterium_Mal4	SRR5176793	0
Planctomycetes_bacterium_Mal4	SRR5176794	0
Planctomycetes_bacterium_Mal4	SRR5176795	0
Planctomycetes_bacterium_Mal4	SRR5176796	0
Planctomycetes_bacterium_Mal4	SRR5176797	0
Planctomycetes_bacterium_Mal4	SRR5176798	0
Planctomycetes_bacterium_Mal4	SRR5176799	0
Planctomycetes_bacterium_Mal4	SRR5176800	0
Planctomycetes_bacterium_Mal4	SRR5176801	0
Planctomycetes_bacterium_Mal4	SRR5176802	0
Planctomycetes_bacterium_Mal4	SRR5176803	0
Planctomycetes_bacterium_Mal4	SRR5176804	0
Planctomycetes_bacterium_Mal4	SRR5176805	0
Planctomycetes_bacterium_Mal4	SRR5176806	0
Planctomycetes_bacterium_Mal4	SRR5176807	0
Planctomycetes_bacterium_Mal4	SRR5176808	0
Planctomycetes_bacterium_Mal4	SRR5176809	0
Planctomycetes_bacterium_Mal4	SRR5176810	0
Planctomycetes_bacterium_Mal4	SRR5176811	0
Planctomycetes_bacterium_Mal4	SRR5176812	0
Planctomycetes_bacterium_Mal4	SRR5176813	0
Planctomycetes_bacterium_Mal4	SRR5176814	0
Planctomycetes_bacterium_Mal4	SRR5176815	0
Planctomycetes_bacterium_Mal4	SRR5176816	0
Planctomycetes_bacterium_Mal4	SRR5176817	0
Planctomycetes_bacterium_Mal4	SRR5176818	0
Planctomycetes_bacterium_Mal4	SRR5176819	0
Planctomycetes_bacterium_Mal4	SRR5176820	0
Planctomycetes_bacterium_Mal4	SRR5176821	0
Planctomycetes_bacterium_Mal4	SRR5176822	0
Planctomycetes_bacterium_Mal4	SRR5176823	0
Planctomycetes_bacterium_Mal4	SRR5176824	0
Planctomycetes_bacterium_Mal4	SRR5176825	0
Planctomycetes_bacterium_Mal4	SRR5176826	0
Planctomycetes_bacterium_Mal4	SRR5176827	0
Planctomycetes_bacterium_Mal4	SRR5176828	0
Planctomycetes_bacterium_Mal4	SRR5176829	0
Planctomycetes_bacterium_Mal4	SRR5176830	0
Planctomycetes_bacterium_Mal4	SRR5176831	0
Planctomycetes_bacterium_Mal4	SRR5176832	0
Planctomycetes_bacterium_Mal4	SRR5176833	0
Planctomycetes_bacterium_Mal4	SRR5176834	0
Planctomycetes_bacterium_Mal4	SRR5176835	0
Planctomycetes_bacterium_Mal4	SRR5176836	0
Planctomycetes_bacterium_Mal4	SRR5176837	0
Planctomycetes_bacterium_Mal4	SRR5176838	0
Planctomycetes_bacterium_Mal4	SRR5176839	0
Planctomycetes_bacterium_Mal4	SRR5176840	0
Planctomycetes_bacterium_Mal4	SRR5176841	0
Planctomycetes_bacterium_Mal4	SRR5176842	0
Planctomycetes_bacterium_Mal4	SRR5176843	0
Planctomycetes_bacterium_Mal4	SRR5176844	0
Planctomycetes_bacterium_Mal4	SRR5176845	0
Planctomycetes_bacterium_Mal4	SRR5176846	0
Planctomycetes_bacterium_Mal4	SRR5176847	0
Planctomycetes_bacterium_Mal4	SRR5176848	0
Planctomycetes_bacterium_Mal4	SRR5176849	0
Planctomycetes_bacterium_Mal4	SRR5176850	0
Planctomycetes_bacterium_Mal4	SRR5176851	0
Planctomycetes_bacterium_Mal4	SRR5176852	0
Planctomycetes_bacterium_Mal4	SRR5176853	0
Planctomycetes_bacterium_Mal4	SRR5176854	0
Planctomycetes_bacterium_Mal4	SRR5176855	0
Planctomycetes_bacterium_Mal4	SRR5176856	0
Planctomycetes_bacterium_Mal4	SRR5176857	0
Planctomycetes_bacterium_Mal4	SRR5176858	0
Planctomycetes_bacterium_Mal4	SRR5176859	0
Planctomycetes_bacterium_Mal4	SRR5176860	0
Planctomycetes_bacterium_Mal4	SRR5176861	0
Planctomycetes_bacterium_Mal4	SRR5176862	0
Planctomycetes_bacterium_Mal4	SRR5176863	0
Planctomycetes_bacterium_Mal4	SRR5176864	0
Planctomycetes_bacterium_Mal4	SRR5176865	0
Planctomycetes_bacterium_Mal4	SRR5176866	0
Planctomycetes_bacterium_Mal4	SRR5176867	0
Planctomycetes_bacterium_Mal4	SRR5176868	0
Planctomycetes_bacterium_Mal4	SRR5176869	0
Planctomycetes_bacterium_Mal4	SRR5176870	0
Planctomycetes_bacterium_Mal4	SRR5176871	0
Planctomycetes_bacterium_Mal4	SRR5176872	0
Planctomycetes_bacterium_Mal4	SRR5861974	NA
Planctomycetes_bacterium_Mal4	SRR5861975	NA
Planctomycetes_bacterium_Mal4	SRR5861976	NA
Planctomycetes_bacterium_Mal4	SRR5861977	NA
Planctomycetes_bacterium_Mal4	SRR5861978	NA
Planctomycetes_bacterium_Mal4	SRR5861979	NA
Planctomycetes_bacterium_Mal4	SRR5861980	NA
Planctomycetes_bacterium_Mal4	SRR5861981	NA
Planctomycetes_bacterium_Mal4	SRR5861982	NA
Planctomycetes_bacterium_Mal4	SRR5861983	NA
Planctomycetes_bacterium_Mal4	SRR5861984	NA
Planctomycetes_bacterium_Mal4	SRR5861985	NA
Planctomycetes_bacterium_Mal4	SRR5861986	NA
Planctomycetes_bacterium_Mal4	SRR5861987	NA
Planctomycetes_bacterium_Mal4	SRR5861988	NA
Planctomycetes_bacterium_Mal4	SRR5861989	NA
Planctomycetes_bacterium_Mal4	SRR5861990	NA
Planctomycetes_bacterium_Mal4	SRR5861991	NA
Planctomycetes_bacterium_Mal4	SRR5861992	NA
Planctomycetes_bacterium_Mal4	SRR5861993	NA
Planctomycetes_bacterium_Mal4	SRR5861994	NA
Planctomycetes_bacterium_Mal4	SRR5861995	NA
Planctomycetes_bacterium_Mal4	SRR5861996	NA
Planctomycetes_bacterium_Mal4	SRR5861997	NA
Planctomycetes_bacterium_Mal4	SRR5861998	NA
Planctomycetes_bacterium_Mal4	SRR5861999	NA
Planctomycetes_bacterium_Mal4	SRR5862000	NA
Planctomycetes_bacterium_Mal4	SRR5862001	NA
Planctomycetes_bacterium_Mal4	SRR5862002	NA
Planctomycetes_bacterium_Mal4	SRR5862003	NA
Planctomycetes_bacterium_Mal4	SRR5862004	NA
Planctomycetes_bacterium_Mal4	SRR5862005	NA
Planctomycetes_bacterium_Mal4	SRR5862006	NA
Planctomycetes_bacterium_Mal4	SRR5862007	NA
Planctomycetes_bacterium_Mal4	SRR5862008	NA
Planctomycetes_bacterium_Mal4	SRR5862009	NA
Planctomycetes_bacterium_Mal4	SRR5862010	NA
Planctomycetes_bacterium_Mal4	SRR5862011	NA
Planctomycetes_bacterium_Mal4	SRR5862012	NA
Planctomycetes_bacterium_Mal4	SRR5862013	NA
Planctomycetes_bacterium_Mal4	SRR5862014	NA
Planctomycetes_bacterium_Mal4	SRR5862015	NA
Planctomycetes_bacterium_Mal4	SRR5862016	NA
Planctomycetes_bacterium_Mal4	SRR5862017	NA
Planctomycetes_bacterium_Mal4	SRR5862018	NA
Planctomycetes_bacterium_Mal4	SRR5862019	NA
Planctomycetes_bacterium_Mal4	SRR5862020	NA
Planctomycetes_bacterium_Mal4	SRR5862021	NA
Planctomycetes_bacterium_Mal4	SRR5862022	NA
Planctomycetes_bacterium_Mal4	SRR5862023	NA
Planctomycetes_bacterium_Mal4	SRR5862024	NA
Planctomycetes_bacterium_Mal4	SRR5862025	NA
Planctomycetes_bacterium_Mal4	SRR5862026	NA
Planctomycetes_bacterium_Mal4	SRR5862027	NA
Planctomycetes_bacterium_Mal4	SRR5862028	NA
Planctomycetes_bacterium_Mal4	SRR5862029	NA
Planctomycetes_bacterium_Mal4	SRR5862030	NA
Planctomycetes_bacterium_Mal4	SRR5862031	NA
Planctomycetes_bacterium_Mal4	SRR5862032	NA
Planctomycetes_bacterium_Mal4	SRR5862033	NA
Planctomycetes_bacterium_Mal4	SRR5862034	NA
Planctomycetes_bacterium_Mal4	SRR5862035	NA
Planctomycetes_bacterium_Mal4	SRR5862036	NA
Planctomycetes_bacterium_Mal4	SRR5862037	NA
Planctomycetes_bacterium_Mal4	SRR5862038	NA
Planctomycetes_bacterium_Mal4	SRR5862039	NA
Planctomycetes_bacterium_Mal4	SRR5862040	NA
Planctomycetes_bacterium_Mal4	SRR5862041	NA
Planctomycetes_bacterium_Mal4	SRR5862042	NA
Planctomycetes_bacterium_Mal4	SRR5862043	NA
Planctomycetes_bacterium_Mal4	SRR5862044	NA
Planctomycetes_bacterium_Mal4	SRR5862045	NA
Planctomycetes_bacterium_Mal4	SRR5862046	NA
Planctomycetes_bacterium_Mal4	SRR5862047	NA
Planctomycetes_bacterium_Mal4	SRR5862048	NA
Planctomycetes_bacterium_Mal4	SRR5862049	NA
Planctomycetes_bacterium_Mal4	SRR5862050	NA
Planctomycetes_bacterium_Mal4	SRR5862051	NA
Planctomycetes_bacterium_Mal4	SRR5862052	NA
Planctomycetes_bacterium_Mal4	SRR5862053	NA
Planctomycetes_bacterium_Mal4	SRR5862054	NA
Planctomycetes_bacterium_Mal4	SRR5862055	NA
Planctomycetes_bacterium_Mal4	SRR5862056	NA
Planctomycetes_bacterium_Mal4	SRR5862057	NA
Planctomycetes_bacterium_Mal4	SRR5862058	NA
Planctomycetes_bacterium_Mal4	SRR5862059	NA
Planctomycetes_bacterium_Mal4	SRR5862060	NA
Planctomycetes_bacterium_Mal4	SRR5862061	NA
Planctomycetes_bacterium_Mal4	SRR5862062	NA
Planctomycetes_bacterium_Mal4	SRR5862063	NA
Planctomycetes_bacterium_Mal4	SRR5862064	NA
Planctomycetes_bacterium_Mal4	SRR5862065	NA
Planctomycetes_bacterium_Mal4	SRR5862066	NA
Planctomycetes_bacterium_Mal4	SRR5862067	NA
Planctomycetes_bacterium_Mal4	SRR5862068	NA
Planctomycetes_bacterium_Mal4	SRR5862069	NA
Planctomycetes_bacterium_Mal4	SRR5862070	NA
Planctomycetes_bacterium_Mal4	SRR5862071	NA
Planctomycetes_bacterium_Mal4	SRR5862072	NA
Planctomycetes_bacterium_Mal4	SRR5862073	NA
Planctomycetes_bacterium_Mal4	SRR5862074	NA
Planctomycetes_bacterium_Mal4	SRR5862075	NA
Planctomycetes_bacterium_Mal4	SRR5862076	NA
Planctomycetes_bacterium_Mal4	SRR5862077	NA
Planctomycetes_bacterium_Mal4	SRR5862078	NA
Planctomycetes_bacterium_Mal4	SRR5862079	NA
Planctomycetes_bacterium_Mal4	SRR5862080	NA
Planctomycetes_bacterium_Mal4	SRR5862081	NA
Planctomycetes_bacterium_Mal4	SRR5862082	NA
Planctomycetes_bacterium_Mal4	SRR5862083	NA
Planctomycetes_bacterium_Mal4	SRR5862084	NA
Planctomycetes_bacterium_Mal4	SRR5862085	NA
Planctomycetes_bacterium_Mal4	SRR5862086	NA
Planctomycetes_bacterium_Mal4	SRR5862087	NA
Planctomycetes_bacterium_Mal4	SRR5862088	NA
Planctomycetes_bacterium_Mal4	SRR5862089	NA
Planctomycetes_bacterium_Mal4	SRR5862090	NA
Planctomycetes_bacterium_Mal4	SRR5862091	NA
Planctomycetes_bacterium_Mal4	SRR5862092	NA
Planctomycetes_bacterium_Mal4	SRR5862093	NA
Planctomycetes_bacterium_Mal4	SRR5862094	NA
Planctomycetes_bacterium_Mal4	SRR5862095	NA
Planctomycetes_bacterium_Mal4	SRR5862096	NA
Planctomycetes_bacterium_Mal4	SRR5862097	NA
Planctomycetes_bacterium_Mal4	SRR5862098	NA
Planctomycetes_bacterium_Mal4	SRR5862099	NA
Planctomycetes_bacterium_Mal4	SRR5862100	NA
Planctomycetes_bacterium_Mal4	SRR5862101	NA
Planctomycetes_bacterium_Mal4	SRR5862102	NA
Planctomycetes_bacterium_Mal4	SRR5862103	NA
Planctomycetes_bacterium_Mal4	SRR5862104	NA
Planctomycetes_bacterium_Mal4	SRR5862105	NA
Planctomycetes_bacterium_Mal4	SRR5862106	NA
Planctomycetes_bacterium_Mal4	SRR5862107	NA
Planctomycetes_bacterium_Mal4	SRR5862108	NA
Planctomycetes_bacterium_Mal4	SRR5862109	NA
Planctomycetes_bacterium_Mal4	SRR5862110	NA
Planctomycetes_bacterium_Mal4	SRR5862111	NA
Planctomycetes_bacterium_Mal4	SRR5862112	NA
Planctomycetes_bacterium_Mal4	SRR5862113	NA
Planctomycetes_bacterium_Mal4	SRR5862114	NA
Planctomycetes_bacterium_Mal4	SRR5862115	NA
Planctomycetes_bacterium_Mal4	SRR5862116	NA
Planctomycetes_bacterium_Mal4	SRR5862117	NA
Planctomycetes_bacterium_Mal4	SRR5862118	NA
Planctomycetes_bacterium_Mal4	SRR5862119	NA
Planctomycetes_bacterium_Mal4	SRR5862120	NA
Planctomycetes_bacterium_Mal4	SRR5862121	NA
Planctomycetes_bacterium_Mal4	SRR5862122	NA
Planctomycetes_bacterium_Mal4	SRR5862123	NA
Planctomycetes_bacterium_Mal4	SRR5862124	NA
Planctomycetes_bacterium_Mal4	SRR5862125	NA
Planctomycetes_bacterium_Mal4	SRR5862126	NA
Planctomycetes_bacterium_Mal4	SRR5862127	NA
Planctomycetes_bacterium_Mal4	SRR5862128	NA
Planctomycetes_bacterium_Mal4	SRR5862129	NA
Planctomycetes_bacterium_Mal4	SRR5862130	NA
Planctomycetes_bacterium_Mal4	SRR5862131	NA
Planctomycetes_bacterium_Mal4	SRR5862132	NA
Planctomycetes_bacterium_Mal4	SRR5862133	NA
Planctomycetes_bacterium_Mal4	SRR5862134	NA
Planctomycetes_bacterium_Mal4	SRR5862135	NA
Planctomycetes_bacterium_Mal4	SRR5862136	NA
Planctomycetes_bacterium_Mal4	SRR5862137	NA
Planctomycetes_bacterium_Mal4	SRR5862138	NA
Planctomycetes_bacterium_Mal4	SRR5862139	NA
Planctomycetes_bacterium_Mal4	SRR5862140	NA
Planctomycetes_bacterium_Mal4	SRR5862141	NA
Planctomycetes_bacterium_Mal4	SRR5862142	NA
Planctomycetes_bacterium_Mal4	SRR5862143	NA
Planctomycetes_bacterium_Mal4	SRR5862144	NA
Planctomycetes_bacterium_Mal4	SRR5862145	NA
Planctomycetes_bacterium_Mal4	SRR5862146	NA
Planctomycetes_bacterium_Mal4	SRR5862147	NA
Planctomycetes_bacterium_Mal4	SRR5862148	NA
Planctomycetes_bacterium_Mal4	SRR5862149	NA
Planctomycetes_bacterium_Mal4	SRR5862150	NA
Planctomycetes_bacterium_Mal4	SRR5862151	NA
Planctomycetes_bacterium_Mal4	SRR5862152	NA
Planctomycetes_bacterium_Mal4	SRR5862153	NA
Planctomycetes_bacterium_Mal4	SRR5862154	NA
Planctomycetes_bacterium_Mal4	SRR5862155	NA
Planctomycetes_bacterium_Mal4	SRR5862156	NA
Planctomycetes_bacterium_Mal4	SRR5862157	NA
Planctomycetes_bacterium_Mal4	SRR5862158	NA
Planctomycetes_bacterium_Mal4	SRR5862159	NA
Planctomycetes_bacterium_Mal4	SRR5862160	NA
Planctomycetes_bacterium_Mal4	SRR5862161	NA
Planctomycetes_bacterium_Mal4	SRR5862162	NA
Planctomycetes_bacterium_Mal4	SRR5862163	NA
Planctomycetes_bacterium_Mal4	SRR5862164	NA
Planctomycetes_bacterium_Mal4	SRR5862165	NA
Planctomycetes_bacterium_Mal4	SRR5862166	NA
Planctomycetes_bacterium_Mal4	SRR5862167	NA
Planctomycetes_bacterium_Mal4	SRR5862168	NA
Planctomycetes_bacterium_Mal4	SRR5862169	NA
Planctomycetes_bacterium_Mal4	SRR5862170	NA
Planctomycetes_bacterium_Mal4	SRR5862171	NA
Planctomycetes_bacterium_Mal4	SRR5862172	NA
Planctomycetes_bacterium_Mal4	SRR5862173	NA
Planctomycetes_bacterium_Mal4	SRR5862174	NA
Planctomycetes_bacterium_Mal4	SRR5862175	NA
Planctomycetes_bacterium_Mal4	SRR5862176	NA
Planctomycetes_bacterium_Mal4	SRR5862177	NA
Planctomycetes_bacterium_Mal4	SRR5862178	NA
Planctomycetes_bacterium_Mal4	SRR5862179	NA
Planctomycetes_bacterium_Mal4	SRR5862180	NA
Planctomycetes_bacterium_Mal4	SRR5862181	NA
Planctomycetes_bacterium_Mal4	SRR5862182	NA
Planctomycetes_bacterium_Mal4	SRR5862183	NA
Planctomycetes_bacterium_Mal4	SRR5862184	NA
Planctomycetes_bacterium_Mal4	SRR5862185	NA
Planctomycetes_bacterium_Mal4	SRR5862186	NA
Planctomycetes_bacterium_Mal4	SRR5862187	NA
Planctomycetes_bacterium_Mal4	SRR5862188	NA
Planctomycetes_bacterium_Mal4	SRR5862189	NA
Planctomycetes_bacterium_Mal4	SRR5862190	NA
Planctomycetes_bacterium_Mal4	SRR5862191	NA
Planctomycetes_bacterium_Mal4	SRR5862192	NA
Planctomycetes_bacterium_Mal4	SRR5862193	NA
Planctomycetes_bacterium_Mal4	SRR5862194	NA
Planctomycetes_bacterium_Mal4	SRR5862195	NA
Planctomycetes_bacterium_Mal4	SRR5862196	NA
Planctomycetes_bacterium_Mal4	SRR5862197	NA
Planctomycetes_bacterium_Mal4	SRR5862198	NA
Planctomycetes_bacterium_Mal4	SRR5862199	NA
Planctomycetes_bacterium_Mal4	SRR5862200	NA
Planctomycetes_bacterium_Mal4	SRR5862201	NA
Planctomycetes_bacterium_Mal4	SRR5862202	NA
Planctomycetes_bacterium_Mal4	SRR5862203	NA
Planctomycetes_bacterium_Mal4	SRR5862204	NA
Planctomycetes_bacterium_Mal4	SRR5862205	NA
Planctomycetes_bacterium_Mal4	SRR5862206	NA
Planctomycetes_bacterium_Mal4	SRR5862207	NA
Planctomycetes_bacterium_Mal4	SRR5862208	NA
Planctomycetes_bacterium_Mal4	SRR5862209	NA
Planctomycetes_bacterium_Mal4	SRR5862210	NA
Planctomycetes_bacterium_Mal4	SRR5862211	NA
Planctomycetes_bacterium_Mal4	SRR5862212	NA
Planctomycetes_bacterium_Mal4	SRR5862213	NA
Planctomycetes_bacterium_Mal4	SRR5862214	NA
Planctomycetes_bacterium_Mal4	SRR5862215	NA
Planctomycetes_bacterium_Mal4	SRR5862216	NA
Planctomycetes_bacterium_Mal4	SRR5862217	NA
Planctomycetes_bacterium_Mal4	SRR5862218	NA
Planctomycetes_bacterium_Mal4	SRR5862219	NA
Planctomycetes_bacterium_Mal4	SRR5862220	NA
Planctomycetes_bacterium_Mal4	SRR5862221	NA
Planctomycetes_bacterium_Mal4	SRR5862222	NA
Planctomycetes_bacterium_Mal4	SRR5862223	NA
Planctomycetes_bacterium_Mal4	SRR5862224	NA
Planctomycetes_bacterium_Mal4	SRR5862225	NA
Planctomycetes_bacterium_Mal4	SRR5862226	NA
Planctomycetes_bacterium_Mal4	SRR5862227	NA
Planctomycetes_bacterium_Mal4	SRR5862228	NA
Planctomycetes_bacterium_Mal4	SRR5862229	NA
Planctomycetes_bacterium_Mal4	SRR5862230	NA
Planctomycetes_bacterium_Mal4	SRR5862231	NA
Planctomycetes_bacterium_Mal4	SRR5862232	NA
Planctomycetes_bacterium_Mal4	SRR5862233	NA
Planctomycetes_bacterium_Mal4	SRR5862234	NA
Planctomycetes_bacterium_Mal4	SRR5862235	NA
Planctomycetes_bacterium_Mal4	SRR5862236	NA
Planctomycetes_bacterium_Mal4	SRR5862237	NA
Planctomycetes_bacterium_Mal4	SRR5862238	NA
Planctomycetes_bacterium_Mal4	SRR5862239	NA
Planctomycetes_bacterium_Mal4	SRR5862240	NA
Planctomycetes_bacterium_Mal4	SRR5862241	NA
Planctomycetes_bacterium_Mal4	SRR5862242	NA
Planctomycetes_bacterium_Mal4	SRR5862243	NA
Planctomycetes_bacterium_Mal4	SRR5862244	NA
Planctomycetes_bacterium_Mal4	SRR5862245	NA
Planctomycetes_bacterium_Mal4	SRR5862246	NA
Planctomycetes_bacterium_Mal4	SRR5862247	NA
Planctomycetes_bacterium_Mal4	SRR5862248	NA
Planctomycetes_bacterium_Mal4	SRR5862249	NA
Planctomycetes_bacterium_Mal4	SRR5862250	NA
Planctomycetes_bacterium_Mal4	SRR5862251	NA
Planctomycetes_bacterium_Mal4	SRR5862252	NA
Planctomycetes_bacterium_Mal4	SRR5862253	NA
Planctomycetes_bacterium_Mal4	SRR5862254	NA
Planctomycetes_bacterium_Mal4	SRR5862255	NA
Planctomycetes_bacterium_Mal4	SRR5862256	NA
Planctomycetes_bacterium_Mal4	SRR5862257	NA
Planctomycetes_bacterium_Mal4	SRR5862258	NA
Planctomycetes_bacterium_Mal4	SRR5862259	NA
Planctomycetes_bacterium_Mal4	SRR5862260	NA
Planctomycetes_bacterium_Mal4	SRR5862261	NA
Planctomycetes_bacterium_Mal4	SRR5862262	NA
Planctomycetes_bacterium_Mal4	SRR5862263	NA
Planctomycetes_bacterium_Mal4	SRR5862264	NA
Planctomycetes_bacterium_Mal4	SRR5862265	NA
Planctomycetes_bacterium_Mal4	SRR5862266	NA
Planctomycetes_bacterium_Mal4	SRR5862267	NA
Planctomycetes_bacterium_Mal4	SRR5862268	NA
Planctomycetes_bacterium_Mal4	SRR5862269	NA
Planctomycetes_bacterium_Mal4	SRR5862270	NA
Planctomycetes_bacterium_Mal4	SRR5862271	NA
Planctomycetes_bacterium_Mal4	SRR5862272	NA
Planctomycetes_bacterium_Mal4	SRR5862273	NA
Planctomycetes_bacterium_Mal4	SRR5862274	NA
Planctomycetes_bacterium_Mal4	SRR5862275	NA
Planctomycetes_bacterium_Mal4	SRR5862276	NA
Planctomycetes_bacterium_Mal4	SRR5862277	NA
Planctomycetes_bacterium_Mal4	SRR5949109	0
Planctomycetes_bacterium_Mal4	SRR5949110	0
Planctomycetes_bacterium_Mal4	SRR5949111	1
Planctomycetes_bacterium_Mal4	SRR5949112	0
Planctomycetes_bacterium_Mal4	SRR5949113	2
Planctomycetes_bacterium_Mal4	SRR5949114	0
Planctomycetes_bacterium_Mal4	SRR5949115	3
Planctomycetes_bacterium_Mal4	SRR5949116	0
Planctomycetes_bacterium_Mal4	SRR5949117	0
Planctomycetes_bacterium_Mal4	SRR5949118	2
Planctomycetes_bacterium_Mal4	SRR5949119	0
Planctomycetes_bacterium_Mal4	SRR5949120	0
Planctomycetes_bacterium_Mal4	SRR5949121	0
Planctomycetes_bacterium_Mal4	SRR5949122	0
Planctomycetes_bacterium_Mal4	SRR5949123	0
Planctomycetes_bacterium_Mal4	SRR5949124	0
Planctomycetes_bacterium_Mal4	SRR5949125	0
Planctomycetes_bacterium_Mal4	SRR5949126	3
Planctomycetes_bacterium_Mal4	SRR5949127	2
Planctomycetes_bacterium_Mal4	SRR5949128	0
Planctomycetes_bacterium_Mal4	SRR5949129	7
Planctomycetes_bacterium_Mal4	SRR5949130	1
Planctomycetes_bacterium_Mal4	SRR5949131	0
Planctomycetes_bacterium_Mal4	SRR5949132	1
Planctomycetes_bacterium_Mal4	SRR5949133	3
Planctomycetes_bacterium_Mal4	SRR5949134	0
Planctomycetes_bacterium_Mal4	SRR5949135	1
Planctomycetes_bacterium_Mal4	SRR5949136	0
Planctomycetes_bacterium_Mal4	SRR5949137	1
Planctomycetes_bacterium_Mal4	SRR5949138	1
Planctomycetes_bacterium_Mal4	SRR5949139	9
Planctomycetes_bacterium_Mal4	SRR5949140	0
Planctomycetes_bacterium_Mal4	SRR5949141	0
Planctomycetes_bacterium_Mal4	SRR5949142	0
Planctomycetes_bacterium_Mal4	SRR5949143	0
Planctomycetes_bacterium_Mal4	SRR5949144	4
Planctomycetes_bacterium_Mal4	SRR5949145	0
Planctomycetes_bacterium_Mal4	SRR5949146	1
Planctomycetes_bacterium_Mal4	SRR5949147	0
Planctomycetes_bacterium_Mal4	SRR5949148	0
Planctomycetes_bacterium_Mal4	SRR5949149	0
Planctomycetes_bacterium_Mal4	SRR5949150	5
Planctomycetes_bacterium_Mal4	SRR5949151	0
Planctomycetes_bacterium_Mal4	SRR5949152	8
Planctomycetes_bacterium_Mal4	SRR5949153	0
Planctomycetes_bacterium_Mal4	SRR5949154	0
Planctomycetes_bacterium_Mal4	SRR5949155	0
Planctomycetes_bacterium_Mal4	SRR5949156	0
Planctomycetes_bacterium_Mal4	SRR5949157	0
Planctomycetes_bacterium_Mal4	SRR5949158	2
Planctomycetes_bacterium_Mal4	SRR5949159	1
Planctomycetes_bacterium_Mal4	SRR5949160	6
Planctomycetes_bacterium_Mal4	SRR5949161	1
Planctomycetes_bacterium_Mal4	SRR5949162	1
Planctomycetes_bacterium_Mal4	SRR5949163	0
Planctomycetes_bacterium_Mal4	SRR5949164	0
Planctomycetes_bacterium_Mal4	SRR5949165	0
Planctomycetes_bacterium_Mal4	SRR5949166	4
Planctomycetes_bacterium_Mal4	SRR5949167	0
Planctomycetes_bacterium_Mal4	SRR5949168	0
Planctomycetes_bacterium_Mal4	SRR5949169	0
Planctomycetes_bacterium_Mal4	SRR5949170	0
Planctomycetes_bacterium_Mal4	SRR5949171	1
Planctomycetes_bacterium_Mal4	SRR5949172	9
Planctomycetes_bacterium_Mal4	SRR5949173	0
Planctomycetes_bacterium_Mal4	SRR5949174	0
Planctomycetes_bacterium_Mal4	SRR5949175	0
Planctomycetes_bacterium_Mal4	SRR5949176	0
Planctomycetes_bacterium_Mal4	SRR5949177	0
Planctomycetes_bacterium_Mal4	SRR5949178	1
Planctomycetes_bacterium_Mal4	SRR5949179	0
Planctomycetes_bacterium_Mal4	SRR5949180	5
Planctomycetes_bacterium_Mal4	SRR5949181	1
Planctomycetes_bacterium_Mal4	SRR5949182	3
Planctomycetes_bacterium_Mal4	SRR5949183	0
Planctomycetes_bacterium_Mal4	SRR5949184	4
Planctomycetes_bacterium_Mal4	SRR5949185	0
Planctomycetes_bacterium_Mal4	SRR5949186	4
Planctomycetes_bacterium_Mal4	SRR5949187	2
Planctomycetes_bacterium_Mal4	SRR5949188	0
Planctomycetes_bacterium_Mal4	SRR5949189	0
Planctomycetes_bacterium_Mal4	SRR5949190	0
Planctomycetes_bacterium_Mal4	SRR5949191	3
Planctomycetes_bacterium_Mal4	SRR5949192	0
Planctomycetes_bacterium_Mal4	SRR5949193	0
Planctomycetes_bacterium_Mal4	SRR5949194	0
Planctomycetes_bacterium_Mal4	SRR5949195	0
Planctomycetes_bacterium_Mal4	SRR5949196	1
Planctomycetes_bacterium_Mal4	SRR5949197	2
Planctomycetes_bacterium_Mal4	SRR5949198	0
Planctomycetes_bacterium_Mal4	SRR5949199	0
Planctomycetes_bacterium_Mal4	SRR5949200	4
Planctomycetes_bacterium_Mal4	SRR5949201	10
Planctomycetes_bacterium_Mal4	SRR5949202	1
Planctomycetes_bacterium_Mal4	SRR5949203	4
Planctomycetes_bacterium_Mal4	SRR5949204	0
Planctomycetes_bacterium_Mal4	SRR5949205	0
Planctomycetes_bacterium_Mal4	SRR5949206	0
Planctomycetes_bacterium_Mal4	SRR5949207	0
Planctomycetes_bacterium_Mal4	SRR5949208	6
Planctomycetes_bacterium_Mal4	SRR5949209	0
Planctomycetes_bacterium_Mal4	SRR5949210	2
Planctomycetes_bacterium_Mal4	SRR5949211	0
Planctomycetes_bacterium_Mal4	SRR5949212	4
Planctomycetes_bacterium_Mal4	SRR5949213	1
Planctomycetes_bacterium_Mal4	SRR5949214	0
Planctomycetes_bacterium_Mal4	SRR5949215	0
Planctomycetes_bacterium_Mal4	SRR5949216	5
Planctomycetes_bacterium_Mal4	SRR5949217	0
Planctomycetes_bacterium_Mal4	SRR5949218	8
Planctomycetes_bacterium_Mal4	SRR5949219	4
Planctomycetes_bacterium_Mal4	SRR5949220	0
Planctomycetes_bacterium_Mal4	SRR5949221	0
Planctomycetes_bacterium_Mal4	SRR5949222	3
Planctomycetes_bacterium_Mal4	SRR5949223	0
Planctomycetes_bacterium_Mal4	SRR5949224	2
Planctomycetes_bacterium_Mal4	SRR5949225	1
Planctomycetes_bacterium_Mal4	SRR5949226	5
Planctomycetes_bacterium_Mal4	SRR5949227	1
Planctomycetes_bacterium_Mal4	SRR5949228	1
Planctomycetes_bacterium_Mal4	SRR5949229	2
Planctomycetes_bacterium_Mal4	SRR5949230	0
Planctomycetes_bacterium_Mal4	SRR5949231	5
Planctomycetes_bacterium_Mal4	SRR5949232	1
Planctomycetes_bacterium_Mal4	SRR5949233	2
Planctomycetes_bacterium_Mal4	SRR5949234	0
Planctomycetes_bacterium_Mal4	SRR5949235	0
Planctomycetes_bacterium_Mal4	SRR5949236	0
Planctomycetes_bacterium_Mal4	SRR5949237	1
Planctomycetes_bacterium_Mal4	SRR5949238	1
Planctomycetes_bacterium_Mal4	SRR5949239	6
Planctomycetes_bacterium_Mal4	SRR5949240	0
Planctomycetes_bacterium_Mal4	SRR5949241	0
Planctomycetes_bacterium_Mal4	SRR5949242	1
Planctomycetes_bacterium_Mal4	SRR5949243	1
Planctomycetes_bacterium_Mal4	SRR5949244	1
Planctomycetes_bacterium_Mal4	SRR5949245	0
Planctomycetes_bacterium_Mal4	SRR5949246	0
Planctomycetes_bacterium_Mal4	SRR5949247	1
Planctomycetes_bacterium_Mal4	SRR5949248	1
Planctomycetes_bacterium_Mal4	SRR5949249	8
Planctomycetes_bacterium_Mal4	SRR5949250	0
Planctomycetes_bacterium_Mal4	SRR5949251	1
Planctomycetes_bacterium_Mal4	SRR5949252	1
Planctomycetes_bacterium_Mal4	SRR5949253	1
Planctomycetes_bacterium_Mal4	SRR5949254	0
Planctomycetes_bacterium_Mal4	SRR5949255	0
Planctomycetes_bacterium_Mal4	SRR5949256	3
Planctomycetes_bacterium_Mal4	SRR5949257	0
Planctomycetes_bacterium_Mal4	SRR5949258	0
Planctomycetes_bacterium_Mal4	SRR5949259	0
Planctomycetes_bacterium_Mal4	SRR5949260	0
Planctomycetes_bacterium_Mal4	SRR5949261	0
Planctomycetes_bacterium_Mal4	SRR5949262	2
Planctomycetes_bacterium_Mal4	SRR5949263	1
Planctomycetes_bacterium_Mal4	SRR5949264	1
Planctomycetes_bacterium_Mal4	SRR5949265	59
Planctomycetes_bacterium_Mal4	SRR5949266	0
Planctomycetes_bacterium_Mal4	SRR5949267	0
Planctomycetes_bacterium_Mal4	SRR5949268	0
Planctomycetes_bacterium_Mal4	SRR5949269	0
Planctomycetes_bacterium_Mal4	SRR5949270	0
Planctomycetes_bacterium_Mal4	SRR5949271	0
Planctomycetes_bacterium_Mal4	SRR5949272	3
Planctomycetes_bacterium_Mal4	SRR5949273	3
Planctomycetes_bacterium_Mal4	SRR5949274	2
Planctomycetes_bacterium_Mal4	SRR5949275	0
Planctomycetes_bacterium_Mal4	SRR5949276	1
Planctomycetes_bacterium_Mal4	SRR5949277	0
Planctomycetes_bacterium_Mal4	SRR5949278	0
Planctomycetes_bacterium_Mal4	SRR5949279	1
Planctomycetes_bacterium_Mal4	SRR5949280	0
Planctomycetes_bacterium_Mal4	SRR5949281	9
Planctomycetes_bacterium_Mal4	SRR5949282	1
Planctomycetes_bacterium_Mal4	SRR5949283	0
Planctomycetes_bacterium_Mal4	SRR5949284	0
Planctomycetes_bacterium_Mal4	SRR5949285	0
Planctomycetes_bacterium_Mal4	SRR5949286	9
Planctomycetes_bacterium_Mal4	SRR5949287	0
Planctomycetes_bacterium_Mal4	SRR5949288	1
Planctomycetes_bacterium_Mal4	SRR5949289	0
Planctomycetes_bacterium_Mal4	SRR5949290	0
Planctomycetes_bacterium_Mal4	SRR5949291	3
Planctomycetes_bacterium_Mal4	SRR5949292	0
Planctomycetes_bacterium_Mal4	SRR5949293	0
Planctomycetes_bacterium_Mal4	SRR5949294	1
Planctomycetes_bacterium_Mal4	SRR5949295	2
Planctomycetes_bacterium_Mal4	SRR5949296	5
Planctomycetes_bacterium_Mal4	SRR5949297	1
Planctomycetes_bacterium_Mal4	SRR5949298	2
Planctomycetes_bacterium_Mal4	SRR5949299	1
Planctomycetes_bacterium_Mal4	SRR5949300	5
Planctomycetes_bacterium_Mal4	SRR5949301	0
Planctomycetes_bacterium_Mal4	SRR5949302	1
Planctomycetes_bacterium_Mal4	SRR5949303	0
Planctomycetes_bacterium_Mal4	SRR5949304	1
Planctomycetes_bacterium_Mal4	SRR5949305	0
Planctomycetes_bacterium_Mal4	SRR5949306	6
Planctomycetes_bacterium_Mal4	SRR5949307	2
Planctomycetes_bacterium_Mal4	SRR5949308	0
Planctomycetes_bacterium_Mal4	SRR5949309	0
Planctomycetes_bacterium_Mal4	SRR5949310	1
Planctomycetes_bacterium_Mal4	SRR5949311	1
Planctomycetes_bacterium_Mal4	SRR5949312	2
Planctomycetes_bacterium_Mal4	SRR5949313	0
Planctomycetes_bacterium_Mal4	SRR5949314	1
Planctomycetes_bacterium_Mal4	SRR5949315	0
Planctomycetes_bacterium_Mal4	SRR5949316	1
Planctomycetes_bacterium_Mal4	SRR5949317	8
Planctomycetes_bacterium_Mal4	SRR5949318	1
Planctomycetes_bacterium_Mal4	SRR5949319	0
Planctomycetes_bacterium_Mal4	SRR5949320	0
Planctomycetes_bacterium_Mal4	SRR5949321	1
Planctomycetes_bacterium_Mal4	SRR5949322	0
Planctomycetes_bacterium_Mal4	SRR5949323	0
Planctomycetes_bacterium_Mal4	SRR5949324	0
Planctomycetes_bacterium_Mal4	SRR5949325	0
Planctomycetes_bacterium_Mal4	SRR5949326	0
Planctomycetes_bacterium_Mal4	SRR5949327	2
Planctomycetes_bacterium_Mal4	SRR5949328	0
Planctomycetes_bacterium_Mal4	SRR5949329	1
Planctomycetes_bacterium_Mal4	SRR5949330	2
Planctomycetes_bacterium_Mal4	SRR5949331	5
Planctomycetes_bacterium_Mal4	SRR5949332	1
Planctomycetes_bacterium_Mal4	SRR5949333	5
Planctomycetes_bacterium_Mal4	SRR5949334	0
Planctomycetes_bacterium_Mal4	SRR5949335	1
Planctomycetes_bacterium_Mal4	SRR5949336	0
Planctomycetes_bacterium_Mal4	SRR5949337	0
Planctomycetes_bacterium_Mal4	SRR5949338	0
Planctomycetes_bacterium_Mal4	SRR5949339	1
Planctomycetes_bacterium_Mal4	SRR5949340	0
Planctomycetes_bacterium_Mal4	SRR5949341	2
Planctomycetes_bacterium_Mal4	SRR5949342	4
Planctomycetes_bacterium_Mal4	SRR5949343	0
Planctomycetes_bacterium_Mal4	SRR5949344	0
Planctomycetes_bacterium_Mal4	SRR5949345	1
Planctomycetes_bacterium_Mal4	SRR5949346	0
Planctomycetes_bacterium_Mal4	SRR5949347	3
Planctomycetes_bacterium_Mal4	SRR5949348	2
Planctomycetes_bacterium_Mal4	SRR5949349	0
Planctomycetes_bacterium_Mal4	SRR5949350	0
Planctomycetes_bacterium_Mal4	SRR5949351	1
Planctomycetes_bacterium_Mal4	SRR5949352	0
Planctomycetes_bacterium_Mal4	SRR5949353	0
Planctomycetes_bacterium_Mal4	SRR5949354	0
Planctomycetes_bacterium_Mal4	SRR5949355	0
Planctomycetes_bacterium_Mal4	SRR5949356	1
Planctomycetes_bacterium_Mal4	SRR5949357	0
Planctomycetes_bacterium_Mal4	SRR5949358	0
Planctomycetes_bacterium_Mal4	SRR5949359	1
Planctomycetes_bacterium_Mal4	SRR5949360	0
Planctomycetes_bacterium_Mal4	SRR5949361	0
Planctomycetes_bacterium_Mal4	SRR5949362	0
Planctomycetes_bacterium_Mal4	SRR5949363	0
Planctomycetes_bacterium_Mal4	SRR5949364	0
Planctomycetes_bacterium_Mal4	SRR5949365	0
Planctomycetes_bacterium_Mal4	SRR5949366	1
Planctomycetes_bacterium_Mal4	SRR5949367	0
Planctomycetes_bacterium_Mal4	SRR5949368	0
Planctomycetes_bacterium_Mal4	SRR5949369	1
Planctomycetes_bacterium_Mal4	SRR5949370	0
Planctomycetes_bacterium_Mal4	SRR5949371	1
Planctomycetes_bacterium_Mal4	SRR5949372	0
Planctomycetes_bacterium_Mal4	SRR5949373	0
Planctomycetes_bacterium_Mal4	SRR5949374	0
Planctomycetes_bacterium_Mal4	SRR5949375	2
Planctomycetes_bacterium_Mal4	SRR5949376	0
Planctomycetes_bacterium_Mal4	SRR5949377	2
Planctomycetes_bacterium_Mal4	SRR5949378	0
Planctomycetes_bacterium_Mal4	SRR5949379	1
Planctomycetes_bacterium_Mal4	SRR5949380	0
Planctomycetes_bacterium_Mal4	SRR5949381	0
Planctomycetes_bacterium_Mal4	SRR5949382	0
Planctomycetes_bacterium_Mal4	SRR5949383	0
Planctomycetes_bacterium_Mal4	SRR5949384	4
Planctomycetes_bacterium_Mal4	SRR5949385	1
Planctomycetes_bacterium_Mal4	SRR5949386	0
Planctomycetes_bacterium_Mal4	SRR5949387	0
Planctomycetes_bacterium_Mal4	SRR5949388	0
Planctomycetes_bacterium_Mal4	SRR5949389	0
Planctomycetes_bacterium_Mal4	SRR5949390	0
Planctomycetes_bacterium_Mal4	SRR5949391	1
Planctomycetes_bacterium_Mal4	SRR5949392	0
Planctomycetes_bacterium_Mal4	SRR5949393	0
Planctomycetes_bacterium_Mal4	SRR5949394	0
Planctomycetes_bacterium_Mal4	SRR5949395	0
Planctomycetes_bacterium_Mal4	SRR5949396	0
Planctomycetes_bacterium_Mal4	SRR5949397	0
Planctomycetes_bacterium_Mal4	SRR5949398	0
Planctomycetes_bacterium_Mal4	SRR5949399	0
Planctomycetes_bacterium_Mal4	SRR5949400	0
Planctomycetes_bacterium_Mal4	SRR5949401	0
Planctomycetes_bacterium_Mal4	SRR5949402	0
Planctomycetes_bacterium_Mal4	SRR5949403	0
Planctomycetes_bacterium_Mal4	SRR5949404	0
Planctomycetes_bacterium_Mal4	SRR5949405	5
Planctomycetes_bacterium_Mal4	SRR5949406	3
Planctomycetes_bacterium_Mal4	SRR5949407	0
Planctomycetes_bacterium_Mal4	SRR5949408	0
Planctomycetes_bacterium_Mal4	SRR5949409	0
Planctomycetes_bacterium_Mal4	SRR5949410	0
Planctomycetes_bacterium_Mal4	SRR5949411	0
Planctomycetes_bacterium_Mal4	SRR5949412	2
Planctomycetes_bacterium_Mal4	SRR5949413	0
Planctomycetes_bacterium_Mal4	SRR5949414	0
Planctomycetes_bacterium_Mal4	SRR5949415	1
Planctomycetes_bacterium_Mal4	SRR5949416	0
Planctomycetes_bacterium_Mal4	SRR5949417	0
Planctomycetes_bacterium_Mal4	SRR5949418	2
Planctomycetes_bacterium_Mal4	SRR5949419	10
Planctomycetes_bacterium_Mal4	SRR5949420	0
Planctomycetes_bacterium_Mal4	SRR5949421	3
Planctomycetes_bacterium_Mal4	SRR5949422	1
Planctomycetes_bacterium_Mal4	SRR5949423	0
Planctomycetes_bacterium_Mal4	SRR5949424	0
Planctomycetes_bacterium_Mal4	SRR5949425	0
Planctomycetes_bacterium_Mal4	SRR5949426	0
Planctomycetes_bacterium_Mal4	SRR5949427	0
Planctomycetes_bacterium_Mal4	SRR5949428	2
Planctomycetes_bacterium_Mal4	SRR5949429	0
Planctomycetes_bacterium_Mal4	SRR5949430	3
Planctomycetes_bacterium_Mal4	SRR5949431	0
Planctomycetes_bacterium_Mal4	SRR5949432	0
Planctomycetes_bacterium_Mal4	SRR5949433	0
Planctomycetes_bacterium_Mal4	SRR5949434	0
Planctomycetes_bacterium_Mal4	SRR5949435	0
Planctomycetes_bacterium_Mal4	SRR5949436	0
Planctomycetes_bacterium_Mal4	SRR5949437	0
Planctomycetes_bacterium_Mal4	SRR5949438	0
Planctomycetes_bacterium_Mal4	SRR5949439	0
Planctomycetes_bacterium_Mal4	SRR5949440	0
Planctomycetes_bacterium_Mal4	SRR5949441	0
Planctomycetes_bacterium_Mal4	SRR5949442	1
Planctomycetes_bacterium_Mal4	SRR5949443	1
Planctomycetes_bacterium_Mal4	SRR5949444	1
Planctomycetes_bacterium_Mal4	SRR5949445	0
Planctomycetes_bacterium_Mal4	SRR5949446	2
Planctomycetes_bacterium_Mal4	SRR5949447	0
Planctomycetes_bacterium_Mal4	SRR5949448	1
Planctomycetes_bacterium_Mal4	SRR5949449	0
Planctomycetes_bacterium_Mal4	SRR5949450	10
Planctomycetes_bacterium_Mal4	SRR5949451	2
Planctomycetes_bacterium_Mal4	SRR5949452	1
Planctomycetes_bacterium_Mal4	SRR5949453	0
Planctomycetes_bacterium_Mal4	SRR5949454	1
Planctomycetes_bacterium_Mal4	SRR5949455	1
Planctomycetes_bacterium_Mal4	SRR5949456	1
Planctomycetes_bacterium_Mal4	SRR5949457	0
Planctomycetes_bacterium_Mal4	SRR5949458	0
Planctomycetes_bacterium_Mal4	SRR5949459	7
Planctomycetes_bacterium_Mal4	SRR5949460	0
Planctomycetes_bacterium_Mal4	SRR5949461	5
Planctomycetes_bacterium_Mal4	SRR5949462	0
Planctomycetes_bacterium_Mal4	SRR5949463	0
Planctomycetes_bacterium_Mal4	SRR5949464	0
Planctomycetes_bacterium_Mal4	SRR5949465	27
Planctomycetes_bacterium_Mal4	SRR5949466	0
Planctomycetes_bacterium_Mal4	SRR5949467	0
Planctomycetes_bacterium_Mal4	SRR5949468	0
Planctomycetes_bacterium_Mal4	SRR5949469	4
Planctomycetes_bacterium_Mal4	SRR5949470	0
Planctomycetes_bacterium_Mal4	SRR5949471	2
Planctomycetes_bacterium_Mal4	SRR5949472	2
Planctomycetes_bacterium_Mal4	SRR5949473	6
Planctomycetes_bacterium_Mal4	SRR5949474	0
Planctomycetes_bacterium_Mal4	SRR5949475	0
Planctomycetes_bacterium_Mal4	SRR5949476	5
Planctomycetes_bacterium_Mal4	SRR5949477	1
Planctomycetes_bacterium_Mal4	SRR5949478	1
Planctomycetes_bacterium_Mal4	SRR5949479	0
Planctomycetes_bacterium_Mal4	SRR5949480	2
Planctomycetes_bacterium_Mal4	SRR5949481	14
Planctomycetes_bacterium_Mal4	SRR5949482	1
Planctomycetes_bacterium_Mal4	SRR5949483	0
Planctomycetes_bacterium_Mal4	SRR5949484	0
Planctomycetes_bacterium_Mal4	SRR5949485	0
Planctomycetes_bacterium_Mal4	SRR5949486	0
Planctomycetes_bacterium_Mal4	SRR5949487	0
Planctomycetes_bacterium_Mal4	SRR5949488	5
Planctomycetes_bacterium_Mal4	SRR5949489	2
Planctomycetes_bacterium_Mal4	SRR5949490	6
Planctomycetes_bacterium_Mal4	SRR5949491	0
Planctomycetes_bacterium_Mal4	SRR5949492	0
Planctomycetes_bacterium_Mal4	SRR5949493	0
Planctomycetes_bacterium_Mal4	SRR5949494	0
Planctomycetes_bacterium_Mal4	SRR5949495	3
Planctomycetes_bacterium_Mal4	SRR5949496	0
Planctomycetes_bacterium_Mal4	SRR5949497	0
Planctomycetes_bacterium_Mal4	SRR5949498	0
Planctomycetes_bacterium_Mal4	SRR5949499	3
Planctomycetes_bacterium_Mal4	SRR5949500	0
Planctomycetes_bacterium_Mal4	SRR5949501	25
Planctomycetes_bacterium_Mal4	SRR5949502	0
Planctomycetes_bacterium_Mal4	SRR5949503	6
Planctomycetes_bacterium_Mal4	SRR5949504	0
Planctomycetes_bacterium_Mal4	SRR5949505	0
Planctomycetes_bacterium_Mal4	SRR5949506	0
Planctomycetes_bacterium_Mal4	SRR5949507	0
Planctomycetes_bacterium_Mal4	SRR5949508	0
Planctomycetes_bacterium_Mal4	SRR5949509	1
Planctomycetes_bacterium_Mal4	SRR5949510	1
Planctomycetes_bacterium_Mal4	SRR5949511	1
Planctomycetes_bacterium_Mal4	SRR5949512	0
Planctomycetes_bacterium_Mal4	SRR5949513	0
Planctomycetes_bacterium_Mal4	SRR5949514	0
Planctomycetes_bacterium_Mal4	SRR5949515	2
Planctomycetes_bacterium_Mal4	SRR5949516	4
Planctomycetes_bacterium_Mal4	SRR5949517	1
Planctomycetes_bacterium_Mal4	SRR5949518	2
Planctomycetes_bacterium_Mal4	SRR5949519	1
Planctomycetes_bacterium_Mal4	SRR5949520	0
Planctomycetes_bacterium_Mal4	SRR5949521	1
Planctomycetes_bacterium_Mal4	SRR5949522	0
Planctomycetes_bacterium_Mal4	SRR5949523	0
Planctomycetes_bacterium_Mal4	SRR5949524	1
Planctomycetes_bacterium_Mal4	SRR5949525	0
Planctomycetes_bacterium_Mal4	SRR5949526	0
Planctomycetes_bacterium_Mal4	SRR5949527	0
Planctomycetes_bacterium_Mal4	SRR5949528	0
Planctomycetes_bacterium_Mal4	SRR5949529	8
Planctomycetes_bacterium_Mal4	SRR5949530	0
Planctomycetes_bacterium_Mal4	SRR5949531	1
Planctomycetes_bacterium_Mal4	SRR5949532	11
Planctomycetes_bacterium_Mal4	SRR5949533	1
Planctomycetes_bacterium_Mal4	SRR5949534	0
Planctomycetes_bacterium_Mal4	SRR5949535	2
Planctomycetes_bacterium_Mal4	SRR5949536	2
Planctomycetes_bacterium_Mal4	SRR5949537	0
Planctomycetes_bacterium_Mal4	SRR5949538	0
Planctomycetes_bacterium_Mal4	SRR5949539	1
Planctomycetes_bacterium_Mal4	SRR5949540	2
Planctomycetes_bacterium_Mal4	SRR5949541	0
Planctomycetes_bacterium_Mal4	SRR5949542	0
Planctomycetes_bacterium_Mal4	SRR5949543	3
Planctomycetes_bacterium_Mal4	SRR5949544	0
Planctomycetes_bacterium_Mal4	SRR5949545	0
Planctomycetes_bacterium_Mal4	SRR5949546	1
Planctomycetes_bacterium_Mal4	SRR5949547	0
Planctomycetes_bacterium_Mal4	SRR5949548	6
Planctomycetes_bacterium_Mal4	SRR5949549	3
Planctomycetes_bacterium_Mal4	SRR5949550	0
Planctomycetes_bacterium_Mal4	SRR5949551	0
Planctomycetes_bacterium_Mal4	SRR5949552	2
Planctomycetes_bacterium_Mal4	SRR5949553	0
Planctomycetes_bacterium_Mal4	SRR5949554	0
Planctomycetes_bacterium_Mal4	SRR5949555	0
Planctomycetes_bacterium_Mal4	SRR5949556	4
Planctomycetes_bacterium_Mal4	SRR5949557	3
Planctomycetes_bacterium_Mal4	SRR5949558	0
Planctomycetes_bacterium_Mal4	SRR5949559	1
Planctomycetes_bacterium_Mal4	SRR5949560	7
Planctomycetes_bacterium_Mal4	SRR5949561	10
Planctomycetes_bacterium_Mal4	SRR5949562	0
Planctomycetes_bacterium_Mal4	SRR5949563	0
Planctomycetes_bacterium_Mal4	SRR5949564	2
Planctomycetes_bacterium_Mal4	SRR5949565	0
Planctomycetes_bacterium_Mal4	SRR5949566	0
Planctomycetes_bacterium_Mal4	SRR5949567	4
Planctomycetes_bacterium_Mal4	SRR5949568	2
Planctomycetes_bacterium_Mal4	SRR5949569	0
Planctomycetes_bacterium_Mal4	SRR5949570	1
Planctomycetes_bacterium_Mal4	SRR5949571	0
Planctomycetes_bacterium_Mal4	SRR5949572	0
Planctomycetes_bacterium_Mal4	SRR5949573	1
Planctomycetes_bacterium_Mal4	SRR5949574	0
Planctomycetes_bacterium_Mal4	SRR5949575	1
Planctomycetes_bacterium_Mal4	SRR5949576	0
Planctomycetes_bacterium_Mal4	SRR5949577	0
Planctomycetes_bacterium_Mal4	SRR5949578	11
Planctomycetes_bacterium_Mal4	SRR5949579	2
Planctomycetes_bacterium_Mal4	SRR5949580	0
Planctomycetes_bacterium_Mal4	SRR5949581	0
Planctomycetes_bacterium_Mal4	SRR5949582	0
Planctomycetes_bacterium_Mal4	SRR5949583	1
Planctomycetes_bacterium_Mal4	SRR5949584	4
Planctomycetes_bacterium_Mal4	SRR5949585	2
Planctomycetes_bacterium_Mal4	SRR5949586	2
Planctomycetes_bacterium_Mal4	SRR5949587	5
Planctomycetes_bacterium_Mal4	SRR5949588	1
Planctomycetes_bacterium_Mal4	SRR5949589	0
Planctomycetes_bacterium_Mal4	SRR5949590	1
Planctomycetes_bacterium_Mal4	SRR5949591	0
Planctomycetes_bacterium_Mal4	SRR5949592	0
Planctomycetes_bacterium_Mal4	SRR5949593	1
Planctomycetes_bacterium_Mal4	SRR5949594	2
Planctomycetes_bacterium_Mal4	SRR5949595	1
Planctomycetes_bacterium_Mal4	SRR5949596	0
Planctomycetes_bacterium_Mal4	SRR5949597	1
Planctomycetes_bacterium_Mal4	SRR5949598	1
Planctomycetes_bacterium_Mal4	SRR5949599	0
Planctomycetes_bacterium_Mal4	SRR5949600	0
Planctomycetes_bacterium_Mal4	SRR5949601	2
Planctomycetes_bacterium_Mal4	SRR5949602	1
Planctomycetes_bacterium_Mal4	SRR5949603	1
Planctomycetes_bacterium_Mal4	SRR5949604	0
Planctomycetes_bacterium_Mal4	SRR5949605	12
Planctomycetes_bacterium_Mal4	SRR5949606	1
Planctomycetes_bacterium_Mal4	SRR5949607	0
Planctomycetes_bacterium_Mal4	SRR5949608	1
Planctomycetes_bacterium_Mal4	SRR5950246	0
Planctomycetes_bacterium_Mal4	SRR5950247	1
Planctomycetes_bacterium_Mal4	SRR5950248	4
Planctomycetes_bacterium_Mal4	SRR5950249	0
Planctomycetes_bacterium_Mal4	SRR5950250	0
Planctomycetes_bacterium_Mal4	SRR5950251	0
Planctomycetes_bacterium_Mal4	SRR5950252	0
Planctomycetes_bacterium_Mal4	SRR5950253	6
Planctomycetes_bacterium_Mal4	SRR5950254	39
Planctomycetes_bacterium_Mal4	SRR5950255	0
Planctomycetes_bacterium_Mal4	SRR5950256	2
Planctomycetes_bacterium_Mal4	SRR5950257	0
Planctomycetes_bacterium_Mal4	SRR5950258	0
Planctomycetes_bacterium_Mal4	SRR5950259	1
Planctomycetes_bacterium_Mal4	SRR5950260	0
Planctomycetes_bacterium_Mal4	SRR5950261	0
Planctomycetes_bacterium_Mal4	SRR5950262	0
Planctomycetes_bacterium_Mal4	SRR5950263	7
Planctomycetes_bacterium_Mal4	SRR5950264	0
Planctomycetes_bacterium_Mal4	SRR5950265	0
Planctomycetes_bacterium_Mal4	SRR5950266	0
Planctomycetes_bacterium_Mal4	SRR5950267	0
Planctomycetes_bacterium_Mal4	SRR5950268	1
Planctomycetes_bacterium_Mal4	SRR5950269	0
Planctomycetes_bacterium_Mal4	SRR5950270	7
Planctomycetes_bacterium_Mal4	SRR5950271	0
Planctomycetes_bacterium_Mal4	SRR5950272	0
Planctomycetes_bacterium_Mal4	SRR5950273	1
Planctomycetes_bacterium_Mal4	SRR5950274	0
Planctomycetes_bacterium_Mal4	SRR5950275	0
Planctomycetes_bacterium_Mal4	SRR5950276	0
Planctomycetes_bacterium_Mal4	SRR5950277	0
Planctomycetes_bacterium_Mal4	SRR5950278	0
Planctomycetes_bacterium_Mal4	SRR5950279	4
Planctomycetes_bacterium_Mal4	SRR5950280	1
Planctomycetes_bacterium_Mal4	SRR5950281	3
Planctomycetes_bacterium_Mal4	SRR5950282	2
Planctomycetes_bacterium_Mal4	SRR5950283	13
Planctomycetes_bacterium_Mal4	SRR5950284	0
Planctomycetes_bacterium_Mal4	SRR5950285	0
Planctomycetes_bacterium_Mal4	SRR5950286	0
Planctomycetes_bacterium_Mal4	SRR5950287	0
Planctomycetes_bacterium_Mal4	SRR5950288	1
Planctomycetes_bacterium_Mal4	SRR5950289	4
Planctomycetes_bacterium_Mal4	SRR5950290	0
Planctomycetes_bacterium_Mal4	SRR5950291	2
Planctomycetes_bacterium_Mal4	SRR5950292	0
Planctomycetes_bacterium_Mal4	SRR5950293	2
Planctomycetes_bacterium_Mal4	SRR5950294	1
Planctomycetes_bacterium_Mal4	SRR5950295	5
Planctomycetes_bacterium_Mal4	SRR5950296	0
Planctomycetes_bacterium_Mal4	SRR5950297	1
Planctomycetes_bacterium_Mal4	SRR5950298	0
Planctomycetes_bacterium_Mal4	SRR5950299	1
Planctomycetes_bacterium_Mal4	SRR5950300	0
Planctomycetes_bacterium_Mal4	SRR5950301	0
Planctomycetes_bacterium_Mal4	SRR5950302	0
Planctomycetes_bacterium_Mal4	SRR5950303	0
Planctomycetes_bacterium_Mal4	SRR5950304	2
Planctomycetes_bacterium_Mal4	SRR5950305	0
Planctomycetes_bacterium_Mal4	SRR5950306	4
Planctomycetes_bacterium_Mal4	SRR5950307	3
Planctomycetes_bacterium_Mal4	SRR5950308	0
Planctomycetes_bacterium_Mal4	SRR5950309	0
Planctomycetes_bacterium_Mal4	SRR5950310	2
Planctomycetes_bacterium_Mal4	SRR5950311	3
Planctomycetes_bacterium_Mal4	SRR5950312	0
Planctomycetes_bacterium_Mal4	SRR5950313	0
Planctomycetes_bacterium_Mal4	SRR5950314	0
Planctomycetes_bacterium_Mal4	SRR5950315	0
Planctomycetes_bacterium_Mal4	SRR5950316	1
Planctomycetes_bacterium_Mal4	SRR5950317	0
Planctomycetes_bacterium_Mal4	SRR5950318	1
Planctomycetes_bacterium_Mal4	SRR5950319	0
Planctomycetes_bacterium_Mal4	SRR5950320	1
Planctomycetes_bacterium_Mal4	SRR5950321	3
Planctomycetes_bacterium_Mal4	SRR5950322	2
Planctomycetes_bacterium_Mal4	SRR5950323	1
Planctomycetes_bacterium_Mal4	SRR5950324	0
Planctomycetes_bacterium_Mal4	SRR5950325	0
Planctomycetes_bacterium_Mal4	SRR5950326	21
Planctomycetes_bacterium_Mal4	SRR5950327	1
Planctomycetes_bacterium_Mal4	SRR5950328	1
Planctomycetes_bacterium_Mal4	SRR5950329	1
Planctomycetes_bacterium_Mal4	SRR5950330	0
Planctomycetes_bacterium_Mal4	SRR5950331	0
Planctomycetes_bacterium_Mal4	SRR5950332	0
Planctomycetes_bacterium_Mal4	SRR5950333	1
Planctomycetes_bacterium_Mal4	SRR5950334	1
Planctomycetes_bacterium_Mal4	SRR5950335	0
Planctomycetes_bacterium_Mal4	SRR5950336	0
Planctomycetes_bacterium_Mal4	SRR5950337	0
Planctomycetes_bacterium_Mal4	SRR5950338	0
Planctomycetes_bacterium_Mal4	SRR5950339	0
Planctomycetes_bacterium_Mal4	SRR5950340	5
Planctomycetes_bacterium_Mal4	SRR5950341	0
Planctomycetes_bacterium_Mal4	SRR5950342	1
Planctomycetes_bacterium_Mal4	SRR5950343	1
Planctomycetes_bacterium_Mal4	SRR5950344	0
Planctomycetes_bacterium_Mal4	SRR5950345	2
Planctomycetes_bacterium_Mal4	SRR5950346	2
Planctomycetes_bacterium_Mal4	SRR5950347	0
Planctomycetes_bacterium_Mal4	SRR5950348	0
Planctomycetes_bacterium_Mal4	SRR5950349	0
Planctomycetes_bacterium_Mal4	SRR5950350	1
Planctomycetes_bacterium_Mal4	SRR5950351	1
Planctomycetes_bacterium_Mal4	SRR5950352	0
Planctomycetes_bacterium_Mal4	SRR5950353	5
Planctomycetes_bacterium_Mal4	SRR5950354	0
Planctomycetes_bacterium_Mal4	SRR5950355	0
Planctomycetes_bacterium_Mal4	SRR5950356	1
Planctomycetes_bacterium_Mal4	SRR5950357	0
Planctomycetes_bacterium_Mal4	SRR5950358	1
Planctomycetes_bacterium_Mal4	SRR5950359	3
Planctomycetes_bacterium_Mal4	SRR5950360	0
Planctomycetes_bacterium_Mal4	SRR5950361	0
Planctomycetes_bacterium_Mal4	SRR5950362	1
Planctomycetes_bacterium_Mal4	SRR5950363	7
Planctomycetes_bacterium_Mal4	SRR5950364	3
Planctomycetes_bacterium_Mal4	SRR5950365	0
Planctomycetes_bacterium_Mal4	SRR5950366	0
Planctomycetes_bacterium_Mal4	SRR5950367	1
Planctomycetes_bacterium_Mal4	SRR5950368	8
Planctomycetes_bacterium_Mal4	SRR5950369	1
Planctomycetes_bacterium_Mal4	SRR5950370	4
Planctomycetes_bacterium_Mal4	SRR5950371	0
Planctomycetes_bacterium_Mal4	SRR5950372	0
Planctomycetes_bacterium_Mal4	SRR5950373	0
Planctomycetes_bacterium_Mal4	SRR5950374	2
Planctomycetes_bacterium_Mal4	SRR5950375	1
Planctomycetes_bacterium_Mal4	SRR5950376	0
Planctomycetes_bacterium_Mal4	SRR5950377	0
Planctomycetes_bacterium_Mal4	SRR5950378	1
Planctomycetes_bacterium_Mal4	SRR5950379	1
Planctomycetes_bacterium_Mal4	SRR5950380	2
Planctomycetes_bacterium_Mal4	SRR5950381	0
Planctomycetes_bacterium_Mal4	SRR5950382	0
Planctomycetes_bacterium_Mal4	SRR5950383	1
Planctomycetes_bacterium_Mal4	SRR5950384	2
Planctomycetes_bacterium_Mal4	SRR5950385	0
Planctomycetes_bacterium_Mal4	SRR5950386	0
Planctomycetes_bacterium_Mal4	SRR5950387	0
Planctomycetes_bacterium_Mal4	SRR5950388	1
Planctomycetes_bacterium_Mal4	SRR5950389	3
Planctomycetes_bacterium_Mal4	SRR5950390	7
Planctomycetes_bacterium_Mal4	SRR5950391	0
Planctomycetes_bacterium_Mal4	SRR5950392	4
Planctomycetes_bacterium_Mal4	SRR5950393	1
Planctomycetes_bacterium_Mal4	SRR5950394	23
Planctomycetes_bacterium_Mal4	SRR5950395	0
Planctomycetes_bacterium_Mal4	SRR5950396	2
Planctomycetes_bacterium_Mal4	SRR5950397	0
Planctomycetes_bacterium_Mal4	SRR5950398	0
Planctomycetes_bacterium_Mal4	SRR5950399	0
Planctomycetes_bacterium_Mal4	SRR5950400	0
Planctomycetes_bacterium_Mal4	SRR5950401	1
Planctomycetes_bacterium_Mal4	SRR5950402	0
Planctomycetes_bacterium_Mal4	SRR5950403	1
Planctomycetes_bacterium_Mal4	SRR5950404	1
Planctomycetes_bacterium_Mal4	SRR5950405	0
Planctomycetes_bacterium_Mal4	SRR5950406	0
Planctomycetes_bacterium_Mal4	SRR5950407	0
Planctomycetes_bacterium_Mal4	SRR5950408	3
Planctomycetes_bacterium_Mal4	SRR5950409	3
Planctomycetes_bacterium_Mal4	SRR5950410	0
Planctomycetes_bacterium_Mal4	SRR5950411	0
Planctomycetes_bacterium_Mal4	SRR5950412	0
Planctomycetes_bacterium_Mal4	SRR5950413	1
Planctomycetes_bacterium_Mal4	SRR5950414	3
Planctomycetes_bacterium_Mal4	SRR5950415	0
Planctomycetes_bacterium_Mal4	SRR5950416	0
Planctomycetes_bacterium_Mal4	SRR5950417	0
Planctomycetes_bacterium_Mal4	SRR5950418	1
Planctomycetes_bacterium_Mal4	SRR5950419	0
Planctomycetes_bacterium_Mal4	SRR5950420	4
Planctomycetes_bacterium_Mal4	SRR5950421	4
Planctomycetes_bacterium_Mal4	SRR5950422	0
Planctomycetes_bacterium_Mal4	SRR5950423	1
Planctomycetes_bacterium_Mal4	SRR5950424	0
Planctomycetes_bacterium_Mal4	SRR5950425	0
Planctomycetes_bacterium_Mal4	SRR5950426	6
Planctomycetes_bacterium_Mal4	SRR5950427	0
Planctomycetes_bacterium_Mal4	SRR5950428	0
Planctomycetes_bacterium_Mal4	SRR5950429	0
Planctomycetes_bacterium_Mal4	SRR5950430	0
Planctomycetes_bacterium_Mal4	SRR5950431	0
Planctomycetes_bacterium_Mal4	SRR5950432	1
Planctomycetes_bacterium_Mal4	SRR5950433	0
Planctomycetes_bacterium_Mal4	SRR5950434	1
Planctomycetes_bacterium_Mal4	SRR5950435	0
Planctomycetes_bacterium_Mal4	SRR5950436	0
Planctomycetes_bacterium_Mal4	SRR5950437	1
Planctomycetes_bacterium_Mal4	SRR5950438	0
Planctomycetes_bacterium_Mal4	SRR5950439	13
Planctomycetes_bacterium_Mal4	SRR5950440	1
Planctomycetes_bacterium_Mal4	SRR5950441	1
Planctomycetes_bacterium_Mal4	SRR5950442	5
Planctomycetes_bacterium_Mal4	SRR5950443	1
Planctomycetes_bacterium_Mal4	SRR5950444	6
Planctomycetes_bacterium_Mal4	SRR5950445	1
Planctomycetes_bacterium_Mal4	SRR5950446	0
Planctomycetes_bacterium_Mal4	SRR5950447	0
Planctomycetes_bacterium_Mal4	SRR5950448	0
Planctomycetes_bacterium_Mal4	SRR5950449	1
Planctomycetes_bacterium_Mal4	SRR5950450	1
Planctomycetes_bacterium_Mal4	SRR5950451	0
Planctomycetes_bacterium_Mal4	SRR5950452	0
Planctomycetes_bacterium_Mal4	SRR5950453	0
Planctomycetes_bacterium_Mal4	SRR5950454	0
Planctomycetes_bacterium_Mal4	SRR5950455	3
Planctomycetes_bacterium_Mal4	SRR5950456	4
Planctomycetes_bacterium_Mal4	SRR5950457	0
Planctomycetes_bacterium_Mal4	SRR5950458	2
Planctomycetes_bacterium_Mal4	SRR5950459	0
Planctomycetes_bacterium_Mal4	SRR5950460	0
Planctomycetes_bacterium_Mal4	SRR5950461	3
Planctomycetes_bacterium_Mal4	SRR5950462	0
Planctomycetes_bacterium_Mal4	SRR5950463	1
Planctomycetes_bacterium_Mal4	SRR5950464	0
Planctomycetes_bacterium_Mal4	SRR5950465	2
Planctomycetes_bacterium_Mal4	SRR5950466	4
Planctomycetes_bacterium_Mal4	SRR5950467	2
Planctomycetes_bacterium_Mal4	SRR5950468	0
Planctomycetes_bacterium_Mal4	SRR5950469	0
Planctomycetes_bacterium_Mal4	SRR5950470	0
Planctomycetes_bacterium_Mal4	SRR5963912	0
Planctomycetes_bacterium_Mal4	SRR5963913	0
Planctomycetes_bacterium_Mal4	SRR5963914	0
Planctomycetes_bacterium_Mal4	SRR5963915	0
Planctomycetes_bacterium_Mal4	SRR5963916	0
Planctomycetes_bacterium_Mal4	SRR5963917	0
Planctomycetes_bacterium_Mal4	SRR5963918	0
Planctomycetes_bacterium_Mal4	SRR5963919	1
Planctomycetes_bacterium_Mal4	SRR5963920	9
Planctomycetes_bacterium_Mal4	SRR5963921	0
Planctomycetes_bacterium_Mal4	SRR5963922	0
Planctomycetes_bacterium_Mal4	SRR5963923	0
Planctomycetes_bacterium_Mal4	SRR5963924	0
Planctomycetes_bacterium_Mal4	SRR5963925	2
Planctomycetes_bacterium_Mal4	SRR5963926	6
Planctomycetes_bacterium_Mal4	SRR5963927	2
Planctomycetes_bacterium_Mal4	SRR5963928	0
Planctomycetes_bacterium_Mal4	SRR5963929	1
Planctomycetes_bacterium_Mal4	SRR5963930	0
Planctomycetes_bacterium_Mal4	SRR5963931	0
Planctomycetes_bacterium_Mal4	SRR5963932	0
Planctomycetes_bacterium_Mal4	SRR5963933	0
Planctomycetes_bacterium_Mal4	SRR5963934	1
Planctomycetes_bacterium_Mal4	SRR5963935	0
Planctomycetes_bacterium_Mal4	SRR5963936	3
Planctomycetes_bacterium_Mal4	SRR5963937	0
Planctomycetes_bacterium_Mal4	SRR5963938	0
Planctomycetes_bacterium_Mal4	SRR5963939	0
Planctomycetes_bacterium_Mal4	SRR5963940	0
Planctomycetes_bacterium_Mal4	SRR5963941	0
Planctomycetes_bacterium_Mal4	SRR5963942	0
Planctomycetes_bacterium_Mal4	SRR5963943	5
Planctomycetes_bacterium_Mal4	SRR5963944	0
Planctomycetes_bacterium_Mal4	SRR5963945	3
Planctomycetes_bacterium_Mal4	SRR5963946	0
Planctomycetes_bacterium_Mal4	SRR5963947	2
Planctomycetes_bacterium_Mal4	SRR5963948	13
Planctomycetes_bacterium_Mal4	SRR6467548	NA
Planctomycetes_bacterium_Mal4	SRR6467549	NA
Planctomycetes_bacterium_Mal4	SRR6467550	NA
Planctomycetes_bacterium_Mal4	SRR6467551	NA
Planctomycetes_bacterium_Mal4	SRR6467552	NA
Planctomycetes_bacterium_Mal4	SRR6467553	NA
Planctomycetes_bacterium_Mal4	SRR6467554	NA
Planctomycetes_bacterium_Mal4	SRR6467555	NA
Planctomycetes_bacterium_Mal4	SRR6467556	NA
Planctomycetes_bacterium_Mal4	SRR6467557	NA
Planctomycetes_bacterium_Mal4	SRR6467558	NA
Planctomycetes_bacterium_Mal4	SRR6467559	NA
Planctomycetes_bacterium_Mal4	SRR6467560	NA
Planctomycetes_bacterium_Mal4	SRR6467561	NA
Planctomycetes_bacterium_Mal4	SRR6467562	NA
Planctomycetes_bacterium_Mal4	SRR6467563	NA
Planctomycetes_bacterium_Mal4	SRR6467564	NA
Planctomycetes_bacterium_Mal4	SRR6467565	NA
Planctomycetes_bacterium_Mal4	SRR6467566	NA
Planctomycetes_bacterium_Mal4	SRR6467567	NA
Planctomycetes_bacterium_Mal4	SRR6467568	NA
Planctomycetes_bacterium_Mal4	SRR6467569	NA
Planctomycetes_bacterium_Mal4	SRR6467570	NA
Planctomycetes_bacterium_Mal4	SRR6467571	NA
Planctomycetes_bacterium_Mal4	SRR6467572	NA
Planctomycetes_bacterium_Mal4	SRR6467573	NA
Planctomycetes_bacterium_Mal4	SRR6467574	NA
Planctomycetes_bacterium_Mal4	SRR6467575	NA
Planctomycetes_bacterium_Mal4	SRR6467576	NA
Planctomycetes_bacterium_Mal4	SRR6467577	NA
Planctomycetes_bacterium_Mal4	SRR6467578	NA
Planctomycetes_bacterium_Mal4	SRR6467579	NA
Planctomycetes_bacterium_Mal4	SRR6467580	NA
Planctomycetes_bacterium_Mal4	SRR6467581	NA
Planctomycetes_bacterium_Mal4	SRR6467582	NA
Planctomycetes_bacterium_Mal4	SRR6467583	NA
Planctomycetes_bacterium_Mal4	SRR6467584	NA
Planctomycetes_bacterium_Mal4	SRR6467585	NA
Planctomycetes_bacterium_Mal4	SRR6467586	NA
Planctomycetes_bacterium_Mal4	SRR6467587	NA
Planctomycetes_bacterium_Mal4	SRR6467588	NA
Planctomycetes_bacterium_Mal4	SRR6467589	NA
Planctomycetes_bacterium_Mal4	SRR6467590	NA
Planctomycetes_bacterium_Mal4	SRR6467591	NA
Planctomycetes_bacterium_Mal4	SRR6467592	NA
Planctomycetes_bacterium_Mal4	SRR6467593	NA
Planctomycetes_bacterium_Mal4	SRR6467594	NA
Planctomycetes_bacterium_Mal4	SRR6467595	NA
Planctomycetes_bacterium_Mal4	SRR6467596	NA
Planctomycetes_bacterium_Mal4	SRR6467597	NA
Planctomycetes_bacterium_Mal4	SRR6467598	NA
Planctomycetes_bacterium_Mal4	SRR6467599	NA
Planctomycetes_bacterium_Mal4	SRR6467600	NA
Planctomycetes_bacterium_Mal4	SRR6467601	NA
Planctomycetes_bacterium_Mal4	SRR6467602	NA
Planctomycetes_bacterium_Mal4	SRR6467603	NA
Planctomycetes_bacterium_Mal4	SRR6467604	NA
Planctomycetes_bacterium_Mal4	SRR6467605	NA
Planctomycetes_bacterium_Mal4	SRR6467606	NA
Planctomycetes_bacterium_Mal4	SRR6467607	NA
Planctomycetes_bacterium_Mal4	SRR6467608	NA
Planctomycetes_bacterium_Mal4	SRR6467609	NA
Planctomycetes_bacterium_Mal4	SRR6467610	NA
Planctomycetes_bacterium_Mal4	SRR6467611	NA
Planctomycetes_bacterium_Mal4	SRR6467612	NA
Planctomycetes_bacterium_Mal4	SRR6467613	NA
Planctomycetes_bacterium_Mal4	SRR6467614	NA
Planctomycetes_bacterium_Mal4	SRR6467615	NA
Planctomycetes_bacterium_Mal4	SRR6467616	NA
Planctomycetes_bacterium_Mal4	SRR6467617	NA
Planctomycetes_bacterium_Mal4	SRR6467618	NA
Planctomycetes_bacterium_Mal4	SRR6467619	NA
Planctomycetes_bacterium_Mal4	SRR6467620	NA
Planctomycetes_bacterium_Mal4	SRR6467621	NA
Planctomycetes_bacterium_Mal4	SRR6467622	NA
Planctomycetes_bacterium_Mal4	SRR6467623	NA
Planctomycetes_bacterium_Mal4	SRR6467624	NA
Planctomycetes_bacterium_Mal4	SRR6467625	NA
Planctomycetes_bacterium_Mal4	SRR6467626	NA
Planctomycetes_bacterium_Mal4	SRR6467627	NA
Planctomycetes_bacterium_Mal4	SRR6467628	NA
Planctomycetes_bacterium_Mal4	SRR6467629	NA
Planctomycetes_bacterium_Mal4	SRR6467630	NA
Planctomycetes_bacterium_Mal4	SRR6467631	NA
Planctomycetes_bacterium_Mal4	SRR6467632	NA
Planctomycetes_bacterium_Mal4	SRR6467633	NA
Planctomycetes_bacterium_Mal4	SRR6467634	NA
Planctomycetes_bacterium_Mal4	SRR6467635	NA
Planctomycetes_bacterium_Mal4	SRR6467636	NA
Planctomycetes_bacterium_Mal4	SRR6467637	NA
Planctomycetes_bacterium_Mal4	SRR6467638	NA
Planctomycetes_bacterium_Mal4	SRR6467639	NA
Planctomycetes_bacterium_Mal4	SRR6467640	NA
Planctomycetes_bacterium_Mal4	SRR6467641	NA
Planctomycetes_bacterium_Mal4	SRR6467642	NA
Planctomycetes_bacterium_Mal4	SRR6467643	NA
Planctomycetes_bacterium_Mal4	SRR6467644	NA
Planctomycetes_bacterium_Mal4	SRR6467645	NA
Planctomycetes_bacterium_Mal4	SRR6467646	NA
Planctomycetes_bacterium_Mal4	SRR6467647	NA
Planctomycetes_bacterium_Mal4	SRR6467648	NA
Planctomycetes_bacterium_Mal4	SRR6467649	NA
Planctomycetes_bacterium_Mal4	SRR6467650	NA
Planctomycetes_bacterium_Mal4	SRR6467651	NA
Planctomycetes_bacterium_Mal4	SRR6467652	NA
Planctomycetes_bacterium_Mal4	SRR6467653	NA
Planctomycetes_bacterium_Mal4	SRR6467654	NA
Planctomycetes_bacterium_Mal4	SRR6467655	NA
Planctomycetes_bacterium_Mal4	SRR6467656	NA
Planctomycetes_bacterium_Mal4	SRR6467657	NA
Planctomycetes_bacterium_Mal4	SRR6467658	NA
Planctomycetes_bacterium_Mal4	SRR6467659	NA
Planctomycetes_bacterium_Mal4	SRR6467660	NA
Planctomycetes_bacterium_Mal4	SRR6467661	NA
Planctomycetes_bacterium_Mal4	SRR6467662	NA
Planctomycetes_bacterium_Mal4	SRR6467663	NA
Planctomycetes_bacterium_Mal4	SRR6467664	NA
Planctomycetes_bacterium_Mal4	SRR6467665	NA
Planctomycetes_bacterium_Mal4	SRR6467666	NA
Planctomycetes_bacterium_Mal4	SRR6467667	NA
Planctomycetes_bacterium_Mal4	SRR6467668	NA
Planctomycetes_bacterium_Mal4	SRR6467669	NA
Planctomycetes_bacterium_Mal4	SRR6467670	NA
Planctomycetes_bacterium_Mal4	SRR6467671	NA
Planctomycetes_bacterium_Mal4	SRR6467672	NA
Planctomycetes_bacterium_Mal4	SRR6467673	NA
Planctomycetes_bacterium_Mal4	SRR6467674	NA
Planctomycetes_bacterium_Mal4	SRR6467675	NA
Planctomycetes_bacterium_Mal4	SRR6467676	NA
Planctomycetes_bacterium_Mal4	SRR6467677	NA
Planctomycetes_bacterium_Mal4	SRR6467678	NA
Planctomycetes_bacterium_Mal4	SRR6467679	NA
Planctomycetes_bacterium_Mal4	SRR6467680	NA
Planctomycetes_bacterium_Mal4	SRR6467681	NA
Planctomycetes_bacterium_Mal4	SRR6467682	NA
Planctomycetes_bacterium_Mal4	SRR6467683	NA
Planctomycetes_bacterium_Mal4	SRR6467684	NA
Planctomycetes_bacterium_Mal4	SRR6467685	NA
Planctomycetes_bacterium_Mal4	SRR6467686	NA
Planctomycetes_bacterium_Mal4	SRR6467687	NA
Planctomycetes_bacterium_Mal4	SRR6467688	NA
Planctomycetes_bacterium_Mal4	SRR6467689	NA
Planctomycetes_bacterium_Mal4	SRR6467690	NA
Planctomycetes_bacterium_Mal4	SRR6467691	NA
Planctomycetes_bacterium_Mal4	SRR6467692	NA
Planctomycetes_bacterium_Mal4	SRR6467693	NA
Planctomycetes_bacterium_Mal4	SRR6467694	NA
Planctomycetes_bacterium_Mal4	SRR6467695	NA
Planctomycetes_bacterium_Mal4	SRR6467696	NA
Planctomycetes_bacterium_Mal4	SRR6467697	NA
Planctomycetes_bacterium_Mal4	SRR6467698	NA
Planctomycetes_bacterium_Mal4	SRR6467699	NA
Planctomycetes_bacterium_Mal4	SRR6467700	NA
Planctomycetes_bacterium_Mal4	SRR6467701	NA
Planctomycetes_bacterium_Mal4	SRR6467702	NA
Planctomycetes_bacterium_Mal4	SRR6467703	NA
Planctomycetes_bacterium_Mal4	SRR6467704	NA
Planctomycetes_bacterium_Mal4	SRR6467705	NA
Planctomycetes_bacterium_Mal4	SRR6467706	NA
Planctomycetes_bacterium_Mal4	SRR6467707	NA
Planctomycetes_bacterium_Mal4	SRR6467708	NA
Planctomycetes_bacterium_Mal4	SRR6467709	NA
Planctomycetes_bacterium_Mal4	SRR6467710	NA
Planctomycetes_bacterium_Mal4	SRR6467711	NA
Planctomycetes_bacterium_Mal4	SRR6467712	NA
Planctomycetes_bacterium_Mal4	SRR6467713	NA
Planctomycetes_bacterium_Mal4	SRR6467714	NA
Planctomycetes_bacterium_Mal4	SRR6467715	NA
Planctomycetes_bacterium_Mal4	SRR6467716	NA
Planctomycetes_bacterium_Mal4	SRR6467717	NA
Planctomycetes_bacterium_Mal4	SRR6467718	NA
Planctomycetes_bacterium_Mal4	SRR6467719	NA
Planctomycetes_bacterium_Mal4	SRR6467720	NA
Planctomycetes_bacterium_Mal4	SRR6467721	NA
Planctomycetes_bacterium_Mal4	SRR6467722	NA
Planctomycetes_bacterium_Mal4	SRR6467723	NA
Planctomycetes_bacterium_Mal4	SRR6467724	NA
Planctomycetes_bacterium_Mal4	SRR6467725	NA
Planctomycetes_bacterium_Mal4	SRR6467726	NA
Planctomycetes_bacterium_Mal4	SRR6467727	NA
Planctomycetes_bacterium_Mal4	SRR6467728	NA
Planctomycetes_bacterium_Mal4	SRR6467729	NA
Planctomycetes_bacterium_Mal4	SRR6467730	NA
Planctomycetes_bacterium_Mal4	SRR6467731	NA
Planctomycetes_bacterium_Mal4	SRR6467732	NA
Planctomycetes_bacterium_Mal4	SRR6467733	NA
Planctomycetes_bacterium_Mal4	SRR6467734	NA
Planctomycetes_bacterium_Mal4	SRR6467735	NA
Planctomycetes_bacterium_Mal4	SRR6467736	NA
Planctomycetes_bacterium_Mal4	SRR6467737	NA
Planctomycetes_bacterium_Mal4	SRR6467738	NA
Planctomycetes_bacterium_Mal4	SRR6467739	NA
Planctomycetes_bacterium_Mal4	SRR6467740	NA
Planctomycetes_bacterium_Mal4	SRR6467741	NA
Planctomycetes_bacterium_Mal4	SRR6467742	NA
Planctomycetes_bacterium_Mal4	SRR6467743	NA
Planctomycetes_bacterium_Mal4	SRR6467744	NA
Planctomycetes_bacterium_Mal4	SRR6467745	NA
Planctomycetes_bacterium_Mal4	SRR6467746	NA
Planctomycetes_bacterium_Mal4	SRR6467747	NA
Planctomycetes_bacterium_Mal4	SRR6467748	NA
Planctomycetes_bacterium_Mal4	SRR6467749	NA
Planctomycetes_bacterium_Mal4	SRR6467750	NA
Planctomycetes_bacterium_Mal4	SRR6467751	NA
Planctomycetes_bacterium_Mal4	SRR6467752	NA
Planctomycetes_bacterium_Mal4	SRR6467753	NA
Planctomycetes_bacterium_Mal4	SRR6467754	NA
Planctomycetes_bacterium_Mal4	SRR6467755	NA
Planctomycetes_bacterium_Mal4	SRR6467756	NA
Planctomycetes_bacterium_Mal4	SRR6467757	NA
Planctomycetes_bacterium_Mal4	SRR6467758	NA
Planctomycetes_bacterium_Mal4	SRR6467759	NA
Planctomycetes_bacterium_Mal4	SRR6467760	NA
Planctomycetes_bacterium_Mal4	SRR6467761	NA
Planctomycetes_bacterium_Mal4	SRR6467762	NA
Planctomycetes_bacterium_Mal4	SRR6467763	NA
Planctomycetes_bacterium_Mal4	SRR6467764	NA
Planctomycetes_bacterium_Mal4	SRR6467765	NA
Planctomycetes_bacterium_Mal4	SRR6467766	NA
Planctomycetes_bacterium_Mal4	SRR6467767	NA
Planctomycetes_bacterium_Mal4	SRR6467768	NA
Planctomycetes_bacterium_Mal4	SRR6467769	NA
Planctomycetes_bacterium_Mal4	SRR6467770	NA
Planctomycetes_bacterium_Mal4	SRR6467771	NA
Planctomycetes_bacterium_Mal4	SRR6467772	NA
Planctomycetes_bacterium_Mal4	SRR6467773	NA
Planctomycetes_bacterium_Mal4	SRR6868540	NA
Planctomycetes_bacterium_Mal4	SRR6868541	NA
Planctomycetes_bacterium_Mal4	SRR6868542	NA
Planctomycetes_bacterium_Mal4	SRR6868543	NA
Planctomycetes_bacterium_Mal4	SRR6868544	NA
Planctomycetes_bacterium_Mal4	SRR6868545	NA
Planctomycetes_bacterium_Mal4	SRR6868546	NA
Planctomycetes_bacterium_Mal4	SRR6868557	NA
Planctomycetes_bacterium_Mal4	SRR6868558	NA
Planctomycetes_bacterium_Mal4	SRR6868559	NA
Planctomycetes_bacterium_Mal4	SRR6868560	NA
Planctomycetes_bacterium_Mal4	SRR6868569	NA
Planctomycetes_bacterium_Mal4	SRR6868570	NA
Planctomycetes_bacterium_Mal4	SRR6868571	NA
Planctomycetes_bacterium_Mal4	SRR6868572	NA
Planctomycetes_bacterium_Mal4	SRR6868573	NA
Planctomycetes_bacterium_Mal4	SRR6868574	NA
Planctomycetes_bacterium_Mal4	SRR6868575	NA
Planctomycetes_bacterium_Mal4	SRR6868576	NA
Planctomycetes_bacterium_Mal4	SRR6868577	NA
Planctomycetes_bacterium_Mal4	SRR6868578	NA
Planctomycetes_bacterium_Mal4	SRR6868579	NA
Planctomycetes_bacterium_Mal4	SRR6868580	NA
Planctomycetes_bacterium_Mal4	SRR6868581	NA
Planctomycetes_bacterium_Mal4	SRR6868582	NA
Planctomycetes_bacterium_Mal4	SRR6868585	NA
Planctomycetes_bacterium_Mal4	SRR6868586	NA
Planctomycetes_bacterium_Mal4	SRR6868587	NA
Planctomycetes_bacterium_Mal4	SRR6868588	NA
Planctomycetes_bacterium_Mal4	SRR6868589	NA
Planctomycetes_bacterium_Mal4	SRR6868590	NA
Planctomycetes_bacterium_Mal4	SRR6868591	NA
Planctomycetes_bacterium_Mal4	SRR6868604	NA
Planctomycetes_bacterium_Mal4	SRR6868605	NA
Planctomycetes_bacterium_Mal4	SRR6868606	NA
Planctomycetes_bacterium_Mal4	SRR6868607	NA
Planctomycetes_bacterium_Mal4	SRR6868608	NA
Planctomycetes_bacterium_Mal4	SRR6868609	NA
Planctomycetes_bacterium_Mal4	SRR6868610	NA
Planctomycetes_bacterium_Mal4	SRR6868620	NA
Planctomycetes_bacterium_Mal4	SRR6868621	NA
Planctomycetes_bacterium_Mal4	SRR6868622	NA
Planctomycetes_bacterium_Mal4	SRR6868623	NA
Planctomycetes_bacterium_Mal4	SRR6868636	NA
Planctomycetes_bacterium_Mal4	SRR6868637	NA
Planctomycetes_bacterium_Mal4	SRR6868638	NA
Planctomycetes_bacterium_Mal4	SRR6868639	NA
Planctomycetes_bacterium_Mal4	SRR6868650	NA
Planctomycetes_bacterium_Mal4	SRR6868651	NA
Planctomycetes_bacterium_Mal4	SRR6868652	NA
Planctomycetes_bacterium_Mal4	SRR6868653	NA
Planctomycetes_bacterium_Mal4	SRR6868654	NA
Planctomycetes_bacterium_Mal4	SRR6868655	NA
Planctomycetes_bacterium_Mal4	SRR6868665	NA
Planctomycetes_bacterium_Mal4	SRR6868666	NA
Planctomycetes_bacterium_Mal4	SRR6868667	NA
Planctomycetes_bacterium_Mal4	SRR6868668	NA
Planctomycetes_bacterium_Mal4	SRR6868669	NA
Planctomycetes_bacterium_Mal4	SRR6868670	NA
Planctomycetes_bacterium_Mal4	SRR6868671	NA
Planctomycetes_bacterium_Mal4	SRR6868683	NA
Planctomycetes_bacterium_Mal4	SRR6868684	NA
Planctomycetes_bacterium_Mal4	SRR6868685	NA
Planctomycetes_bacterium_Mal4	SRR6868686	NA
Planctomycetes_bacterium_Mal4	SRR6868687	NA
Planctomycetes_bacterium_Mal4	SRR6868688	NA
Planctomycetes_bacterium_Mal4	SRR6868689	NA
Planctomycetes_bacterium_Mal4	SRR6868698	NA
Planctomycetes_bacterium_Mal4	SRR6868699	NA
Planctomycetes_bacterium_Mal4	SRR6868700	NA
Planctomycetes_bacterium_Mal4	SRR6868701	NA
Planctomycetes_bacterium_Mal4	SRR6868702	NA
Planctomycetes_bacterium_Mal4	SRR6868713	NA
Planctomycetes_bacterium_Mal4	SRR6868714	NA
Planctomycetes_bacterium_Mal4	SRR6868715	NA
Planctomycetes_bacterium_Mal4	SRR6868716	NA
Planctomycetes_bacterium_Mal4	SRR6868717	NA
Planctomycetes_bacterium_Mal4	SRR6868718	NA
Planctomycetes_bacterium_Mal4	SRR6868719	NA
Planctomycetes_bacterium_Mal4	SRR6868720	NA
Planctomycetes_bacterium_Mal4	SRR6868721	NA
Planctomycetes_bacterium_Mal4	SRR6868722	NA
Planctomycetes_bacterium_Mal4	SRR6868723	NA
Planctomycetes_bacterium_Mal4	SRR6868724	NA
Planctomycetes_bacterium_Mal4	SRR6868725	NA
Planctomycetes_bacterium_Mal4	SRR6868726	NA
Planctomycetes_bacterium_Mal4	SRR6868741	NA
Planctomycetes_bacterium_Mal4	SRR7632756	NA
Planctomycetes_bacterium_Mal4	SRR7632757	NA
Planctomycetes_bacterium_Mal4	SRR7632758	NA
Planctomycetes_bacterium_Mal4	SRR7632759	NA
Planctomycetes_bacterium_Mal4	SRR7632760	NA
Planctomycetes_bacterium_Mal4	SRR7632761	NA
Planctomycetes_bacterium_Mal4	SRR7632762	NA
Planctomycetes_bacterium_Mal4	SRR7632763	NA
Planctomycetes_bacterium_Mal4	SRR7632764	NA
Planctomycetes_bacterium_Mal4	SRR7632765	NA
Planctomycetes_bacterium_Mal4	SRR7632766	NA
Planctomycetes_bacterium_Mal4	SRR7632767	NA
Planctomycetes_bacterium_Mal4	SRR7632768	NA
Planctomycetes_bacterium_Mal4	SRR7632769	NA
Planctomycetes_bacterium_Mal4	SRR7632770	NA
Planctomycetes_bacterium_Mal4	SRR7632771	NA
Planctomycetes_bacterium_Mal4	SRR7632772	NA
Planctomycetes_bacterium_Mal4	SRR7632773	NA
Planctomycetes_bacterium_Mal4	SRR7632774	NA
Planctomycetes_bacterium_Mal4	SRR7632775	NA
Planctomycetes_bacterium_Mal4	SRR7632776	NA
Planctomycetes_bacterium_Mal4	SRR7632777	NA
Planctomycetes_bacterium_Mal4	SRR7632778	NA
Planctomycetes_bacterium_Mal4	SRR7632779	NA
Planctomycetes_bacterium_Mal4	SRR7632780	NA
Planctomycetes_bacterium_Mal4	SRR7632781	NA
Planctomycetes_bacterium_Mal4	SRR7632782	NA
Planctomycetes_bacterium_Mal4	SRR7632783	NA
Planctomycetes_bacterium_Mal4	SRR7632784	NA
Planctomycetes_bacterium_Mal4	SRR7632785	NA
Planctomycetes_bacterium_Mal4	SRR7632786	NA
Planctomycetes_bacterium_Mal4	SRR7632787	NA
Planctomycetes_bacterium_Mal4	SRR7632788	NA
Planctomycetes_bacterium_Mal4	SRR7632789	NA
Planctomycetes_bacterium_Mal4	SRR7632790	NA
Planctomycetes_bacterium_Mal4	SRR7632791	NA
Planctomycetes_bacterium_Mal4	SRR7632792	NA
Planctomycetes_bacterium_Mal4	SRR7632793	NA
Planctomycetes_bacterium_Mal4	SRR7632794	NA
Planctomycetes_bacterium_Mal4	SRR7632795	NA
Planctomycetes_bacterium_Mal4	SRR7632796	NA
Planctomycetes_bacterium_Mal4	SRR7632797	NA
Planctomycetes_bacterium_Mal4	SRR7632798	NA
Planctomycetes_bacterium_Mal4	SRR7632799	NA
Planctomycetes_bacterium_Mal4	SRR7632800	NA
Planctomycetes_bacterium_Mal4	SRR7632801	NA
Planctomycetes_bacterium_Mal4	SRR7632802	NA
Planctomycetes_bacterium_Mal4	SRR7632803	NA
Planctomycetes_bacterium_Mal4	SRR7632804	NA
Planctomycetes_bacterium_Mal4	SRR7632805	NA
Planctomycetes_bacterium_Mal4	SRR7632806	NA
Planctomycetes_bacterium_Mal4	SRR7632807	NA
Planctomycetes_bacterium_Mal4	SRR7632808	NA
Planctomycetes_bacterium_Mal4	SRR7632809	NA
Planctomycetes_bacterium_Mal4	SRR7632810	NA
Planctomycetes_bacterium_Mal4	SRR7632811	NA
Planctomycetes_bacterium_Mal4	SRR7632812	NA
Planctomycetes_bacterium_Mal4	SRR7632813	NA
Planctomycetes_bacterium_Mal4	SRR7632814	NA
Planctomycetes_bacterium_Mal4	SRR7632815	NA
Planctomycetes_bacterium_Mal4	SRR7632816	NA
Planctomycetes_bacterium_Mal4	SRR7632817	NA
Planctomycetes_bacterium_Mal4	SRR7632818	NA
Planctomycetes_bacterium_Mal4	SRR7632819	NA
Planctomycetes_bacterium_Mal4	SRR7632820	NA
Planctomycetes_bacterium_Mal4	SRR7632821	NA
Planctomycetes_bacterium_Mal4	SRR7632822	NA
Planctomycetes_bacterium_Mal4	SRR7632823	NA
Planctomycetes_bacterium_Mal4	SRR7632824	NA
Planctomycetes_bacterium_Mal4	SRR7632825	NA
Planctomycetes_bacterium_Mal4	SRR7632826	NA
Planctomycetes_bacterium_Mal4	SRR7632827	NA
Planctomycetes_bacterium_Mal4	SRR7632828	NA
Planctomycetes_bacterium_Mal4	SRR7632829	NA
Planctomycetes_bacterium_Mal4	SRR7632830	NA
Planctomycetes_bacterium_Mal4	SRR7632831	NA
Planctomycetes_bacterium_Mal4	SRR7632832	NA
Planctomycetes_bacterium_Mal4	SRR7632833	NA
Planctomycetes_bacterium_Mal4	SRR7632834	NA
Planctomycetes_bacterium_Mal4	SRR7632835	NA
Planctomycetes_bacterium_Mal4	SRR7632836	NA
Planctomycetes_bacterium_Mal4	SRR7632837	NA
Planctomycetes_bacterium_Mal4	SRR7632838	NA
Planctomycetes_bacterium_Mal4	SRR7632839	NA
Planctomycetes_bacterium_Mal4	SRR7632840	NA
Planctomycetes_bacterium_Mal4	SRR7632841	NA
Planctomycetes_bacterium_Mal4	SRR7632842	NA
Planctomycetes_bacterium_Mal4	SRR7632843	NA
Planctomycetes_bacterium_Mal4	SRR7632844	NA
Planctomycetes_bacterium_Mal4	SRR7632845	NA
Planctomycetes_bacterium_Mal4	SRR7632846	NA
Planctomycetes_bacterium_Mal4	SRR7632847	NA
Planctomycetes_bacterium_Mal4	SRR7632848	NA
Planctomycetes_bacterium_Mal4	SRR7632849	NA
Planctomycetes_bacterium_Mal4	SRR7632850	NA
Planctomycetes_bacterium_Mal4	SRR7632851	NA
Planctomycetes_bacterium_Mal4	SRR7632852	NA
Planctomycetes_bacterium_Mal4	SRR7632853	NA
Planctomycetes_bacterium_Mal4	SRR7632854	NA
Planctomycetes_bacterium_Mal4	SRR7632855	NA
Planctomycetes_bacterium_Mal4	SRR7632856	NA
Planctomycetes_bacterium_Mal4	SRR7632857	NA
Planctomycetes_bacterium_Mal4	SRR7632858	NA
Planctomycetes_bacterium_Mal4	SRR7632859	NA
Planctomycetes_bacterium_Mal4	SRR7632860	NA
Planctomycetes_bacterium_Mal4	SRR7632861	NA
Planctomycetes_bacterium_Mal4	SRR7632862	NA
Planctomycetes_bacterium_Mal4	SRR7632863	NA
Planctomycetes_bacterium_Mal4	SRR7632864	NA
Planctomycetes_bacterium_Mal4	SRR7632865	NA
Planctomycetes_bacterium_Mal4	SRR7632866	NA
Planctomycetes_bacterium_Mal4	SRR7632867	NA
Planctomycetes_bacterium_Mal4	SRR7632868	NA
Planctomycetes_bacterium_Mal4	SRR7632869	NA
Planctomycetes_bacterium_Mal4	SRR7632870	NA
Planctomycetes_bacterium_Mal4	SRR7632871	NA
Planctomycetes_bacterium_Mal4	SRR7632872	NA
Planctomycetes_bacterium_Mal4	SRR7632873	NA
Planctomycetes_bacterium_Mal4	SRR7632874	NA
Planctomycetes_bacterium_Mal4	SRR7632875	NA
Planctomycetes_bacterium_Mal4	SRR7632876	NA
Planctomycetes_bacterium_Mal4	SRR7632877	NA
Planctomycetes_bacterium_Mal4	SRR7632878	NA
Planctomycetes_bacterium_Mal4	SRR7632879	NA
Planctomycetes_bacterium_Mal4	SRR7632880	NA
Planctomycetes_bacterium_Mal4	SRR7632881	NA
Planctomycetes_bacterium_Mal4	SRR7632882	NA
Planctomycetes_bacterium_Mal4	SRR7632883	NA
Planctomycetes_bacterium_Mal4	SRR7632884	NA
Planctomycetes_bacterium_Mal4	SRR7632885	NA
Planctomycetes_bacterium_Mal4	SRR7632886	NA
Planctomycetes_bacterium_Mal4	SRR7632887	NA
Planctomycetes_bacterium_Mal4	SRR7632888	NA
Planctomycetes_bacterium_Mal4	SRR7632889	NA
Planctomycetes_bacterium_Mal4	SRR7632890	NA
Planctomycetes_bacterium_Mal4	SRR7632891	NA
Planctomycetes_bacterium_Mal4	SRR7632892	NA
Planctomycetes_bacterium_Mal4	SRR7632893	NA
Planctomycetes_bacterium_Mal4	SRR7632894	NA
Planctomycetes_bacterium_Mal4	SRR7632895	NA
Planctomycetes_bacterium_Mal4	SRR7632896	NA
Planctomycetes_bacterium_Mal4	SRR7632897	NA
Planctomycetes_bacterium_Mal4	SRR7632898	NA
Planctomycetes_bacterium_Mal4	SRR7632899	NA
Planctomycetes_bacterium_Mal4	SRR7632900	NA
Planctomycetes_bacterium_Mal4	SRR7632901	NA
Planctomycetes_bacterium_Mal4	SRR7632902	NA
Planctomycetes_bacterium_Mal4	SRR7632903	NA
Planctomycetes_bacterium_Mal4	SRR7632904	NA
Planctomycetes_bacterium_Mal4	SRR7632905	NA
Planctomycetes_bacterium_Mal4	SRR7632906	NA
Planctomycetes_bacterium_Mal4	SRR7632907	NA
Planctomycetes_bacterium_Mal4	SRR7632908	NA
Planctomycetes_bacterium_Mal4	SRR7632909	NA
Planctomycetes_bacterium_Mal4	SRR7632910	NA
Planctomycetes_bacterium_Mal4	SRR7632911	NA
Planctomycetes_bacterium_Mal4	SRR7632912	NA
Planctomycetes_bacterium_Mal4	SRR7632913	NA
Planctomycetes_bacterium_Mal4	SRR7632914	NA
Planctomycetes_bacterium_Mal4	SRR7632915	NA
Planctomycetes_bacterium_Mal4	SRR7632916	NA
Planctomycetes_bacterium_Mal4	SRR7632917	NA
Planctomycetes_bacterium_Mal4	SRR7632918	NA
Planctomycetes_bacterium_Mal4	SRR7632919	NA
Planctomycetes_bacterium_Mal4	SRR7632920	NA
Planctomycetes_bacterium_Mal4	SRR7632921	NA
Planctomycetes_bacterium_Mal4	SRR7632922	NA
Planctomycetes_bacterium_Mal4	SRR7632923	NA
Planctomycetes_bacterium_Mal4	SRR7632924	NA
Planctomycetes_bacterium_Mal4	SRR7632925	NA
Planctomycetes_bacterium_Mal4	SRR7632926	NA
Planctomycetes_bacterium_Mal4	SRR7632927	NA
Planctomycetes_bacterium_Mal4	SRR7632928	NA
Planctomycetes_bacterium_Mal4	SRR7632929	NA
Planctomycetes_bacterium_Mal4	SRR7632930	NA
Planctomycetes_bacterium_Mal4	SRR7632931	NA
Planctomycetes_bacterium_Mal4	SRR7632932	NA
Planctomycetes_bacterium_Mal4	SRR7632933	NA
Planctomycetes_bacterium_Mal4	SRR7632934	NA
Planctomycetes_bacterium_Mal4	SRR7632935	NA
Planctomycetes_bacterium_Mal4	SRR7632936	NA
Planctomycetes_bacterium_Mal4	SRR7632937	NA
Planctomycetes_bacterium_Mal4	SRR7632938	NA
Planctomycetes_bacterium_Mal4	SRR7632939	NA
Planctomycetes_bacterium_Mal4	SRR7632940	NA
Planctomycetes_bacterium_Mal4	SRR7632941	NA
Planctomycetes_bacterium_Mal4	SRR7632942	NA
Planctomycetes_bacterium_Mal4	SRR7632943	NA
Planctomycetes_bacterium_Mal4	SRR7632944	NA
Planctomycetes_bacterium_Mal4	SRR7632945	NA
Planctomycetes_bacterium_Mal4	SRR8928966	NA
Planctomycetes_bacterium_Mal4	SRR8928967	NA
Planctomycetes_bacterium_Mal4	SRR8928968	NA
Planctomycetes_bacterium_Mal4	SRR8928969	NA
Planctomycetes_bacterium_Mal4	SRR8928970	NA
Planctomycetes_bacterium_Mal4	SRR8928971	NA
Planctomycetes_bacterium_Mal4	SRR8928972	NA
Planctomycetes_bacterium_Mal4	SRR8928973	NA
Planctomycetes_bacterium_Mal4	SRR8928974	NA
Planctomycetes_bacterium_Mal4	SRR8928975	NA
Planctomycetes_bacterium_Mal4	SRR8928976	NA
Planctomycetes_bacterium_Mal4	SRR8928977	NA
Planctomycetes_bacterium_Mal4	SRR8928978	NA
Planctomycetes_bacterium_Mal4	SRR8928979	NA
Planctomycetes_bacterium_Mal4	SRR8928980	NA
Planctomycetes_bacterium_Mal4	SRR8928981	NA
Planctomycetes_bacterium_Mal4	SRR8928982	NA
Planctomycetes_bacterium_Mal4	SRR8928983	NA
Planctomycetes_bacterium_Mal4	SRR8928984	NA
Planctomycetes_bacterium_Mal4	SRR8928985	NA
Planctomycetes_bacterium_Mal4	SRR8928986	NA
Planctomycetes_bacterium_Mal4	SRR8928987	NA
Planctomycetes_bacterium_Mal4	SRR8928988	NA
Planctomycetes_bacterium_Mal4	SRR8928989	NA
Planctomycetes_bacterium_Mal4	SRR8928990	NA
Planctomycetes_bacterium_Mal4	SRR8928991	NA
Planctomycetes_bacterium_Mal4	SRR9835604	NA
Planctomycetes_bacterium_Mal4	SRR9835605	NA
Planctomycetes_bacterium_Mal4	SRR9835606	NA
Planctomycetes_bacterium_Mal4	SRR9835607	NA
Planctomycetes_bacterium_Mal4	SRR9835608	NA
Planctomycetes_bacterium_Mal4	SRR9835609	NA
Planctomycetes_bacterium_Mal4	SRR9835610	NA
Planctomycetes_bacterium_Mal4	SRR9835611	NA
Planctomycetes_bacterium_Mal4	SRR9835612	NA
Planctomycetes_bacterium_Mal4	SRR9835613	NA
Planctomycetes_bacterium_Mal4	SRR9835614	NA
Planctomycetes_bacterium_Mal4	SRR9835615	NA
Planctomycetes_bacterium_Mal4	SRR9835616	NA
Planctomycetes_bacterium_Mal4	SRR9835617	NA
Planctomycetes_bacterium_Mal4	SRR9835618	NA
Planctomycetes_bacterium_Mal4	SRR9835619	NA
Planctomycetes_bacterium_Mal4	SRR9835620	NA
Planctomycetes_bacterium_Mal4	SRR9835621	NA
Planctomycetes_bacterium_Mal4	SRR9835622	NA
Planctomycetes_bacterium_Mal4	SRR9835623	NA
Planctomycetes_bacterium_Mal4	SRR9835624	NA
Planctomycetes_bacterium_Mal4	SRR9835625	NA
Planctomycetes_bacterium_Mal4	SRR9835626	NA
Planctomycetes_bacterium_Mal4	SRR9835627	NA
Planctomycetes_bacterium_Mal4	SRR9835628	NA
Planctomycetes_bacterium_Mal4	SRR9835629	NA
Planctomycetes_bacterium_Mal4	SRR9835630	NA
Planctomycetes_bacterium_Mal4	SRR9835631	NA
Planctomycetes_bacterium_Mal4	SRR9835632	NA
Planctomycetes_bacterium_Mal4	SRR9835633	NA
Planctomycetes_bacterium_Mal4	SRR9835634	NA
Planctomycetes_bacterium_Mal4	SRR9835635	NA
Planctomycetes_bacterium_Mal4	SRR9835636	NA
Planctomycetes_bacterium_Mal4	SRR9835637	NA
Planctomycetes_bacterium_Mal4	SRR9835638	NA
Planctomycetes_bacterium_Mal4	SRR9835639	NA
Planctomycetes_bacterium_Mal4	SRR9835640	NA
Planctomycetes_bacterium_Mal4	SRR9835641	NA
Planctomycetes_bacterium_Mal4	SRR9835642	NA
Planctomycetes_bacterium_Mal4	SRR9835643	NA
Planctomycetes_bacterium_Mal4	SRR9835644	NA
Planctomycetes_bacterium_Mal4	SRR9835645	NA
Planctomycetes_bacterium_Mal4	SRR9835646	NA
Planctomycetes_bacterium_Mal4	SRR9835647	NA
Planctomycetes_bacterium_Mal4	SRR9835648	NA
Planctomycetes_bacterium_Mal4	SRR9835649	NA
Planctomycetes_bacterium_Mal4	SRR9835650	NA
Planctomycetes_bacterium_Mal4	SRR9835651	NA
Planctomycetes_bacterium_Mal4	SRR9835652	NA
Planctomycetes_bacterium_Mal4	SRR9835653	NA
Planctomycetes_bacterium_Mal4	SRR9835654	NA
Planctomycetes_bacterium_Mal4	SRR9835655	NA
Planctomycetes_bacterium_Mal4	SRR9835656	NA
Planctomycetes_bacterium_Mal4	SRR9835657	NA
Planctomycetes_bacterium_Mal4	SRR9835658	NA
Planctomycetes_bacterium_Mal4	SRR9835659	NA
Planctomycetes_bacterium_Mal4	SRR9835660	NA
Planctomycetes_bacterium_Mal4	SRR9835661	NA
Planctomycetes_bacterium_Mal4	SRR9835662	NA
Planctomycetes_bacterium_Mal4	SRR9835663	NA
Planctomycetes_bacterium_Mal4	SRR9835664	NA
Planctomycetes_bacterium_Mal4	SRR9835665	NA
Planctomycetes_bacterium_Mal4	SRR9835666	NA
Planctomycetes_bacterium_Mal4	SRR9835667	NA
Planctomycetes_bacterium_Mal4	SRR9835668	NA
Planctomycetes_bacterium_Mal4	SRR9835669	NA
Planctomycetes_bacterium_Mal4	SRR9835670	NA
Planctomycetes_bacterium_Mal4	SRR9835671	NA
Planctomycetes_bacterium_Mal4	SRR9835672	NA
Planctomycetes_bacterium_Mal4	SRR9835673	NA
Planctomycetes_bacterium_Mal4	SRR9835674	NA
Planctomycetes_bacterium_Mal4	SRR9835675	NA
Planctomycetes_bacterium_Mal4	SRR9835676	NA
Planctomycetes_bacterium_Mal4	SRR9835677	NA
Planctomycetes_bacterium_Mal4	SRR9835678	NA
Planctomycetes_bacterium_Mal4	SRR9835679	NA
Planctomycetes_bacterium_Mal4	SRR9835680	NA
Planctomycetes_bacterium_Mal4	SRR9835681	NA
Planctomycetes_bacterium_Mal4	SRR9835682	NA
Planctomycetes_bacterium_Mal4	SRR9835683	NA
Planctomycetes_bacterium_Mal4	SRR9835684	NA
Planctomycetes_bacterium_Mal4	SRR9835685	NA
Planctomycetes_bacterium_Mal4	SRR9835686	NA
Planctomycetes_bacterium_Mal4	SRR9835687	NA
Planctomycetes_bacterium_Mal4	SRR9835688	NA
Planctomycetes_bacterium_Mal4	SRR9835689	NA
Planctomycetes_bacterium_Mal4	SRR9835690	NA
Planctomycetes_bacterium_Mal4	SRR9835691	NA
Planctomycetes_bacterium_Mal4	SRR9835692	NA
Planctomycetes_bacterium_Mal4	SRR9835693	NA
Planctomycetes_bacterium_Mal4	SRR9835694	NA
Planctomycetes_bacterium_Mal4	SRR9835695	NA
Planctomycetes_bacterium_Mal4	SRR9835696	NA
Planctomycetes_bacterium_Mal4	SRR9835697	NA
Planctomycetes_bacterium_Mal4	SRR9835698	NA
Planctomycetes_bacterium_Mal4	SRR9835699	NA
Planctomycetes_bacterium_Mal4	SRR9835700	NA
Planctomycetes_bacterium_Mal4	SRR9835701	NA
Planctomycetes_bacterium_Mal4	SRR9835702	NA
Planctomycetes_bacterium_Mal4	SRR9835703	NA
Planctomycetes_bacterium_Mal4	SRR9835704	NA
Planctomycetes_bacterium_Mal4	SRR9835705	NA
Planctomycetes_bacterium_Mal4	SRR9835706	NA
Planctomycetes_bacterium_Mal4	SRR9835707	NA
Planctomycetes_bacterium_Mal4	SRR9835708	NA
Planctomycetes_bacterium_Mal4	SRR9835709	NA
Planctomycetes_bacterium_Mal4	SRR9835710	NA
Planctomycetes_bacterium_Mal4	SRR9835711	NA
Planctomycetes_bacterium_Mal4	SRR9835712	NA
Planctomycetes_bacterium_Mal4	SRR9835713	NA
Planctomycetes_bacterium_Mal4	SRR9835714	NA
Planctomycetes_bacterium_Mal4	SRR9835715	NA
Planctomycetes_bacterium_Mal4	SRR9835716	NA
Planctomycetes_bacterium_Mal4	SRR9835717	NA
Planctomycetes_bacterium_Mal4	SRR9835718	NA
Planctomycetes_bacterium_Mal4	SRR9835719	NA
Planctomycetes_bacterium_Mal4	SRR9835720	NA
Planctomycetes_bacterium_Mal4	SRR9835721	NA
Planctomycetes_bacterium_Mal4	SRR9835722	NA
Planctomycetes_bacterium_Mal4	SRR9835723	NA
Planctomycetes_bacterium_Mal4	SRR9835724	NA
Planctomycetes_bacterium_Mal4	SRR9835725	NA
Planctomycetes_bacterium_Mal4	SRR9835726	NA
Planctomycetes_bacterium_Mal4	SRR9835727	NA
Planctomycetes_bacterium_Mal4	SRR9835728	NA
Planctomycetes_bacterium_Mal4	SRR9835729	NA
Planctomycetes_bacterium_Mal4	SRR9835730	NA
Planctomycetes_bacterium_Mal4	SRR9835731	NA
Planctomycetes_bacterium_Mal4	SRR9835732	NA
Planctomycetes_bacterium_Mal4	SRR9835733	NA
Planctomycetes_bacterium_Mal4	SRR9835734	NA
Planctomycetes_bacterium_Mal4	SRR9835735	NA
Planctomycetes_bacterium_Mal4	SRR9835736	NA
Planctomycetes_bacterium_Mal4	SRR9835737	NA
Planctomycetes_bacterium_Mal4	SRR9835738	NA
Planctomycetes_bacterium_Mal4	SRR9835739	NA
Planctomycetes_bacterium_Mal4	SRR9835740	NA
Planctomycetes_bacterium_Mal4	SRR9835741	NA
Planctomycetes_bacterium_Mal4	SRR9835742	NA
Planctomycetes_bacterium_Mal4	SRR9835743	NA
Planctomycetes_bacterium_Mal4	SRR9835744	NA
Planctomycetes_bacterium_Mal4	SRR9835745	NA
Planctomycetes_bacterium_Mal4	SRR9835746	NA
Planctomycetes_bacterium_Mal4	SRR9835747	NA
Planctomycetes_bacterium_Mal4	SRR9835748	NA
Planctomycetes_bacterium_Mal4	SRR9835749	NA
Planctomycetes_bacterium_Mal4	SRR9835750	NA
Planctomycetes_bacterium_Mal4	SRR9835751	NA
Planctomycetes_bacterium_Mal4	SRR9835752	NA
Planctomycetes_bacterium_Mal4	SRR9835753	NA
Planctomycetes_bacterium_Mal4	SRR9835754	NA
Planctomycetes_bacterium_Mal4	SRR9835755	NA
Planctomycetes_bacterium_Mal4	SRR9835756	NA
Planctomycetes_bacterium_Mal4	SRR9835757	NA
Planctomycetes_bacterium_Mal4	SRR9835758	NA
Planctomycetes_bacterium_Mal4	SRR9835759	NA
Planctomycetes_bacterium_Mal4	SRR9835760	NA
Planctomycetes_bacterium_Mal4	SRR9835761	NA
Planctomycetes_bacterium_Mal4	SRR9835762	NA
Planctomycetes_bacterium_Mal4	SRR9835763	NA
Planctomycetes_bacterium_Mal4	SRR9835764	NA
Planctomycetes_bacterium_Mal4	SRR9835765	NA
Planctomycetes_bacterium_Mal4	SRR9835766	NA
Planctomycetes_bacterium_Mal4	SRR9835767	NA
Planctomycetes_bacterium_Mal4	SRR9835768	NA
Planctomycetes_bacterium_Mal4	SRR9835769	NA
Planctomycetes_bacterium_Mal4	SRR9835770	NA
Planctomycetes_bacterium_Mal4	SRR9835771	NA
Planctomycetes_bacterium_Mal4	SRR9835772	NA
Planctomycetes_bacterium_Mal4	SRR9835773	NA
Planctomycetes_bacterium_Mal4	SRR9835774	NA
Planctomycetes_bacterium_Mal4	SRR9835775	NA
Planctomycetes_bacterium_Mal4	SRR9835776	NA
Planctomycetes_bacterium_Mal4	SRR9835777	NA
Planctomycetes_bacterium_Mal4	SRR9835778	NA
Planctomycetes_bacterium_Mal4	SRR9835779	NA
Planctomycetes_bacterium_Mal4	SRR9835780	NA
Planctomycetes_bacterium_Mal4	SRR9835781	NA
Planctomycetes_bacterium_Mal4	SRR9835782	NA
Planctomycetes_bacterium_Mal4	SRR9835783	NA
Planctomycetes_bacterium_Mal4	SRR9835784	NA
Planctomycetes_bacterium_Mal4	SRR9835785	NA
Planctomycetes_bacterium_Mal4	SRR9835786	NA
Planctomycetes_bacterium_Mal4	SRR9835787	NA
Planctomycetes_bacterium_Mal4	SRR9835788	NA
Planctomycetes_bacterium_Mal4	SRR9835789	NA
Planctomycetes_bacterium_Mal4	SRR9835790	NA
Planctomycetes_bacterium_Mal4	SRR9835791	NA
Planctomycetes_bacterium_Mal4	SRR9835792	NA
Planctomycetes_bacterium_Mal4	SRR9835793	NA
Planctomycetes_bacterium_Mal4	SRR9835794	NA
Planctomycetes_bacterium_Mal4	SRR9835795	NA
Planctomycetes_bacterium_Mal4	SRR9835796	NA
Planctomycetes_bacterium_Mal4	SRR9835797	NA
Planctomycetes_bacterium_Mal4	SRR9835798	NA
Planctomycetes_bacterium_Mal4	SRR9835799	NA
Planctomycetes_bacterium_Mal4	SRR9835800	NA
Planctomycetes_bacterium_Mal4	SRR9835801	NA
Planctomycetes_bacterium_Mal4	SRR9835802	NA
Planctomycetes_bacterium_Mal4	SRR9867812	0
Planctomycetes_bacterium_Mal4	SRR9867813	2
Planctomycetes_bacterium_Mal4	SRR9867814	0
Planctomycetes_bacterium_Mal4	SRR9867815	0
Planctomycetes_bacterium_Mal4	SRR9867816	1
Planctomycetes_bacterium_Mal4	SRR9867817	3
Planctomycetes_bacterium_Mal4	SRR9867818	0
Planctomycetes_bacterium_Mal4	SRR9867819	0
Planctomycetes_bacterium_Mal4	SRR9867820	0
Planctomycetes_bacterium_Mal4	SRR9867821	0
Planctomycetes_bacterium_Mal4	SRR9867822	1
Planctomycetes_bacterium_Mal4	SRR9867823	1
Planctomycetes_bacterium_Mal4	SRR9867824	1
Planctomycetes_bacterium_Mal4	SRR9867825	0
Planctomycetes_bacterium_Mal4	SRR9867826	0
Planctomycetes_bacterium_Mal4	SRR9867827	0
Planctomycetes_bacterium_Mal4	SRR9867828	0
Planctomycetes_bacterium_Mal4	SRR9867829	1
Planctomycetes_bacterium_Mal4	SRR9867830	1
Planctomycetes_bacterium_Mal4	SRR9867831	1
Planctomycetes_bacterium_Mal4	SRR9879292	NA
Planctomycetes_bacterium_Mal4	SRR9879293	NA
Planctomycetes_bacterium_Mal4	SRR9879294	NA
Planctomycetes_bacterium_Mal4	SRR9879295	NA
Planctomycetes_bacterium_Mal4	SRR9879296	NA
Planctomycetes_bacterium_Mal4	SRR9879297	NA
Planctomycetes_bacterium_Mal4	SRR9879298	NA
Planctomycetes_bacterium_Mal4	SRR9879299	NA
Planctomycetes_bacterium_Mal4	SRR9879300	NA
Planctomycetes_bacterium_Mal4	SRR9879301	NA
Planctomycetes_bacterium_Mal4	SRR9879302	NA
Planctomycetes_bacterium_Mal4	SRR9879303	NA
Planctomycetes_bacterium_Mal4	SRR9879304	NA
Planctomycetes_bacterium_Mal4	SRR9879305	NA
Planctomycetes_bacterium_Mal4	SRR9879306	NA
Planctomycetes_bacterium_Mal4	SRR9879307	NA
Planctomycetes_bacterium_Mal4	SRR9879308	NA
Planctomycetes_bacterium_Mal4	SRR9879309	NA
Planctomycetes_bacterium_Mal4	T50_307	0
Planctomycetes_bacterium_Mal4	T50_313	1
Planctomycetes_bacterium_Mal4	T50_317	1
Planctomycetes_bacterium_Mal4	T50_324	0
Planctomycetes_bacterium_Mal4	T50_427	0
Planctomycetes_bacterium_Mal4	T50_428	0
Planctomycetes_bacterium_Mal4	T50_431	0
Planctomycetes_bacterium_Mal4	T50_436	0
Planctomycetes_bacterium_Mal4	T50_476	1
Planctomycetes_bacterium_Mal4	UN_307	0
Planctomycetes_bacterium_Mal4	UN_313	0
Planctomycetes_bacterium_Mal4	UN_317	0
Planctomycetes_bacterium_Mal4	UN_323	14
Planctomycetes_bacterium_Mal4	UN_324	0
Planctomycetes_bacterium_Mal4	UN_427	0
Planctomycetes_bacterium_Mal4	UN_428	1
Planctomycetes_bacterium_Mal4	UN_431	0
Planctomycetes_bacterium_Mal4	UN_436	0
Planctomycetes_bacterium_Mal4	UN_476	0
