Feature	sample	counts
Vitreoscilla_sp._C1	CM317	4
Vitreoscilla_sp._C1	CMCD140	0
Vitreoscilla_sp._C1	CMCD147	2
Vitreoscilla_sp._C1	CMCD152	0
Vitreoscilla_sp._C1	CMCD154	3
Vitreoscilla_sp._C1	CMCD159	0
Vitreoscilla_sp._C1	CMCD161	0
Vitreoscilla_sp._C1	CMCD174	10
Vitreoscilla_sp._C1	CMCD196	0
Vitreoscilla_sp._C1	CMCD198	0
Vitreoscilla_sp._C1	CMCD203	2
Vitreoscilla_sp._C1	CMCD211	0
Vitreoscilla_sp._C1	CMCD227	0
Vitreoscilla_sp._C1	CMCD240	0
Vitreoscilla_sp._C1	CMCD259	0
Vitreoscilla_sp._C1	CMCD270	0
Vitreoscilla_sp._C1	CMCD275	3
Vitreoscilla_sp._C1	CMCD282	0
Vitreoscilla_sp._C1	CMCD286	0
Vitreoscilla_sp._C1	CMCD287	0
Vitreoscilla_sp._C1	CMCD294	2
Vitreoscilla_sp._C1	CMCD327	0
Vitreoscilla_sp._C1	CMCD335	0
Vitreoscilla_sp._C1	CMCD337	0
Vitreoscilla_sp._C1	CMCD357	0
Vitreoscilla_sp._C1	CMCD398	0
Vitreoscilla_sp._C1	CMCD403	4
Vitreoscilla_sp._C1	CMCD422	1
Vitreoscilla_sp._C1	CMCD426	1
Vitreoscilla_sp._C1	CMCD71	0
Vitreoscilla_sp._C1	CMCD72	0
Vitreoscilla_sp._C1	CMCD76	0
Vitreoscilla_sp._C1	CMCD88	0
Vitreoscilla_sp._C1	CMSA256	0
Vitreoscilla_sp._C1	CMSA316	1
Vitreoscilla_sp._C1	CMUC110	0
Vitreoscilla_sp._C1	CMUC192	0
Vitreoscilla_sp._C1	CMUC199	0
Vitreoscilla_sp._C1	CMUC200	0
Vitreoscilla_sp._C1	CMUC208	0
Vitreoscilla_sp._C1	CMUC231	0
Vitreoscilla_sp._C1	CMUC234	0
Vitreoscilla_sp._C1	CMUC285	0
Vitreoscilla_sp._C1	CMUC291	0
Vitreoscilla_sp._C1	CMUC295	0
Vitreoscilla_sp._C1	CMUC299	0
Vitreoscilla_sp._C1	CMUC301	0
Vitreoscilla_sp._C1	CMUC307	0
Vitreoscilla_sp._C1	CMUC313	0
Vitreoscilla_sp._C1	CMUC314	0
Vitreoscilla_sp._C1	CMUC323	0
Vitreoscilla_sp._C1	CMUC324	0
Vitreoscilla_sp._C1	CMUC331	0
Vitreoscilla_sp._C1	CMUC333	1
Vitreoscilla_sp._C1	CMUC334	0
Vitreoscilla_sp._C1	CMUC346	0
Vitreoscilla_sp._C1	CMUC352	1
Vitreoscilla_sp._C1	CMUC360	0
Vitreoscilla_sp._C1	CMUC363	4
Vitreoscilla_sp._C1	CMUC365	0
Vitreoscilla_sp._C1	CMUC366	1
Vitreoscilla_sp._C1	CMUC368	0
Vitreoscilla_sp._C1	CMUC377	0
Vitreoscilla_sp._C1	CMUC379	0
Vitreoscilla_sp._C1	CMUC380	2
Vitreoscilla_sp._C1	CMUC383	0
Vitreoscilla_sp._C1	CMUC394	0
Vitreoscilla_sp._C1	CMUC419	0
Vitreoscilla_sp._C1	CMUC427	0
Vitreoscilla_sp._C1	CMUC428	0
Vitreoscilla_sp._C1	CMUC431	0
Vitreoscilla_sp._C1	CMUC435	0
Vitreoscilla_sp._C1	CMUC439	0
Vitreoscilla_sp._C1	CMUC89	0
Vitreoscilla_sp._C1	CS219	0
Vitreoscilla_sp._C1	CS256	0
Vitreoscilla_sp._C1	CS257	1
Vitreoscilla_sp._C1	CS259	0
Vitreoscilla_sp._C1	CS261	1
Vitreoscilla_sp._C1	CS266	0
Vitreoscilla_sp._C1	CS270	2
Vitreoscilla_sp._C1	CS277	1
Vitreoscilla_sp._C1	CS288	0
Vitreoscilla_sp._C1	CS290	0
Vitreoscilla_sp._C1	CS292	0
Vitreoscilla_sp._C1	CS293	0
Vitreoscilla_sp._C1	CS301	0
Vitreoscilla_sp._C1	CS306	6
Vitreoscilla_sp._C1	CS308	0
Vitreoscilla_sp._C1	CS315	7
Vitreoscilla_sp._C1	CS317	11
Vitreoscilla_sp._C1	CS322	0
Vitreoscilla_sp._C1	CS327	0
Vitreoscilla_sp._C1	CS328	21
Vitreoscilla_sp._C1	CS330	10
Vitreoscilla_sp._C1	CS331	0
Vitreoscilla_sp._C1	CS335	3
Vitreoscilla_sp._C1	CS338	0
Vitreoscilla_sp._C1	CS339	0
Vitreoscilla_sp._C1	CS343	0
Vitreoscilla_sp._C1	CS344	7
Vitreoscilla_sp._C1	CS350	4
Vitreoscilla_sp._C1	CS351	1
Vitreoscilla_sp._C1	CS361	2
Vitreoscilla_sp._C1	CS388	0
Vitreoscilla_sp._C1	CS396	0
Vitreoscilla_sp._C1	CS405	0
Vitreoscilla_sp._C1	CS415	6
Vitreoscilla_sp._C1	CS424	11
Vitreoscilla_sp._C1	IM293	0
Vitreoscilla_sp._C1	IM296	0
Vitreoscilla_sp._C1	IM297	1
Vitreoscilla_sp._C1	IM300	0
Vitreoscilla_sp._C1	IM305	0
Vitreoscilla_sp._C1	IM309	1
Vitreoscilla_sp._C1	IM310	1
Vitreoscilla_sp._C1	IM311	0
Vitreoscilla_sp._C1	IM316	0
Vitreoscilla_sp._C1	IM320	1
Vitreoscilla_sp._C1	IM330	0
Vitreoscilla_sp._C1	IM332	1
Vitreoscilla_sp._C1	IM340	21
Vitreoscilla_sp._C1	IM348	0
Vitreoscilla_sp._C1	IM354	0
Vitreoscilla_sp._C1	IM356	1
Vitreoscilla_sp._C1	IM364	0
Vitreoscilla_sp._C1	IM372	2
Vitreoscilla_sp._C1	IM374	1
Vitreoscilla_sp._C1	IM376	0
Vitreoscilla_sp._C1	IM381	1
Vitreoscilla_sp._C1	IM382	0
Vitreoscilla_sp._C1	IM385	0
Vitreoscilla_sp._C1	IM390	3
Vitreoscilla_sp._C1	IM397	0
Vitreoscilla_sp._C1	IM404	0
Vitreoscilla_sp._C1	IM409	0
Vitreoscilla_sp._C1	IM412	0
Vitreoscilla_sp._C1	IM421	1
Vitreoscilla_sp._C1	IM425	0
Vitreoscilla_sp._C1	IM432	1
Vitreoscilla_sp._C1	IM438	0
Vitreoscilla_sp._C1	IM442	2
Vitreoscilla_sp._C1	IM445	0
Vitreoscilla_sp._C1	IM448	0
Vitreoscilla_sp._C1	IM449	0
Vitreoscilla_sp._C1	IM451	0
Vitreoscilla_sp._C1	IMSA256	0
Vitreoscilla_sp._C1	IMSA276	0
Vitreoscilla_sp._C1	IMSA286	0
Vitreoscilla_sp._C1	IMSA343	6
Vitreoscilla_sp._C1	IS_238	0
Vitreoscilla_sp._C1	IS238	0
Vitreoscilla_sp._C1	IS243	0
Vitreoscilla_sp._C1	IS253	0
Vitreoscilla_sp._C1	IS283	0
Vitreoscilla_sp._C1	IS322	6
Vitreoscilla_sp._C1	IS399	1
Vitreoscilla_sp._C1	IS418	0
Vitreoscilla_sp._C1	IS430	1
Vitreoscilla_sp._C1	IS437	0
Vitreoscilla_sp._C1	IS444	0
Vitreoscilla_sp._C1	R276CMSA	0
Vitreoscilla_sp._C1	R286CMSA	0
Vitreoscilla_sp._C1	R292CMSA	0
Vitreoscilla_sp._C1	R292IMSA	0
Vitreoscilla_sp._C1	R308CMSA	0
Vitreoscilla_sp._C1	R316IMSA	1
Vitreoscilla_sp._C1	R347CMSA	1
Vitreoscilla_sp._C1	R347IMSA	0
Vitreoscilla_sp._C1	R371CMSA	0
Vitreoscilla_sp._C1	SRR10104064	NA
Vitreoscilla_sp._C1	SRR10104065	NA
Vitreoscilla_sp._C1	SRR10104066	NA
Vitreoscilla_sp._C1	SRR10104067	NA
Vitreoscilla_sp._C1	SRR10104068	NA
Vitreoscilla_sp._C1	SRR10104069	NA
Vitreoscilla_sp._C1	SRR10104070	NA
Vitreoscilla_sp._C1	SRR10104071	NA
Vitreoscilla_sp._C1	SRR10104072	NA
Vitreoscilla_sp._C1	SRR10104073	NA
Vitreoscilla_sp._C1	SRR10104074	NA
Vitreoscilla_sp._C1	SRR10104075	NA
Vitreoscilla_sp._C1	SRR10104076	NA
Vitreoscilla_sp._C1	SRR10104077	NA
Vitreoscilla_sp._C1	SRR10104078	NA
Vitreoscilla_sp._C1	SRR10104079	NA
Vitreoscilla_sp._C1	SRR10104080	NA
Vitreoscilla_sp._C1	SRR10104081	NA
Vitreoscilla_sp._C1	SRR10104082	NA
Vitreoscilla_sp._C1	SRR10104083	NA
Vitreoscilla_sp._C1	SRR10104084	NA
Vitreoscilla_sp._C1	SRR10104085	NA
Vitreoscilla_sp._C1	SRR10104086	NA
Vitreoscilla_sp._C1	SRR10104087	NA
Vitreoscilla_sp._C1	SRR10104088	NA
Vitreoscilla_sp._C1	SRR10104089	NA
Vitreoscilla_sp._C1	SRR10104090	NA
Vitreoscilla_sp._C1	SRR10104091	NA
Vitreoscilla_sp._C1	SRR10104092	NA
Vitreoscilla_sp._C1	SRR10104093	NA
Vitreoscilla_sp._C1	SRR10104094	NA
Vitreoscilla_sp._C1	SRR10104095	NA
Vitreoscilla_sp._C1	SRR10104096	NA
Vitreoscilla_sp._C1	SRR10104097	NA
Vitreoscilla_sp._C1	SRR10104098	NA
Vitreoscilla_sp._C1	SRR10104099	NA
Vitreoscilla_sp._C1	SRR10104100	NA
Vitreoscilla_sp._C1	SRR10104101	NA
Vitreoscilla_sp._C1	SRR10104102	NA
Vitreoscilla_sp._C1	SRR10104103	NA
Vitreoscilla_sp._C1	SRR10104104	NA
Vitreoscilla_sp._C1	SRR10104105	NA
Vitreoscilla_sp._C1	SRR10104106	NA
Vitreoscilla_sp._C1	SRR10104107	NA
Vitreoscilla_sp._C1	SRR10104108	NA
Vitreoscilla_sp._C1	SRR10104109	NA
Vitreoscilla_sp._C1	SRR10104110	NA
Vitreoscilla_sp._C1	SRR10104111	NA
Vitreoscilla_sp._C1	SRR10104112	NA
Vitreoscilla_sp._C1	SRR10104113	NA
Vitreoscilla_sp._C1	SRR10104114	NA
Vitreoscilla_sp._C1	SRR10104115	NA
Vitreoscilla_sp._C1	SRR10104116	NA
Vitreoscilla_sp._C1	SRR10104117	NA
Vitreoscilla_sp._C1	SRR10104118	NA
Vitreoscilla_sp._C1	SRR10104119	NA
Vitreoscilla_sp._C1	SRR10104120	NA
Vitreoscilla_sp._C1	SRR10104121	NA
Vitreoscilla_sp._C1	SRR10104122	NA
Vitreoscilla_sp._C1	SRR10104123	NA
Vitreoscilla_sp._C1	SRR10104124	NA
Vitreoscilla_sp._C1	SRR10104125	NA
Vitreoscilla_sp._C1	SRR10104126	NA
Vitreoscilla_sp._C1	SRR10104127	NA
Vitreoscilla_sp._C1	SRR10104128	NA
Vitreoscilla_sp._C1	SRR10104129	NA
Vitreoscilla_sp._C1	SRR10104130	NA
Vitreoscilla_sp._C1	SRR10104131	NA
Vitreoscilla_sp._C1	SRR10104132	NA
Vitreoscilla_sp._C1	SRR10104133	NA
Vitreoscilla_sp._C1	SRR10104134	NA
Vitreoscilla_sp._C1	SRR10104135	NA
Vitreoscilla_sp._C1	SRR10104136	NA
Vitreoscilla_sp._C1	SRR10104137	NA
Vitreoscilla_sp._C1	SRR10104138	NA
Vitreoscilla_sp._C1	SRR10104139	NA
Vitreoscilla_sp._C1	SRR10104140	NA
Vitreoscilla_sp._C1	SRR10104141	NA
Vitreoscilla_sp._C1	SRR10104142	NA
Vitreoscilla_sp._C1	SRR10104143	NA
Vitreoscilla_sp._C1	SRR10104144	NA
Vitreoscilla_sp._C1	SRR10104145	NA
Vitreoscilla_sp._C1	SRR10104146	NA
Vitreoscilla_sp._C1	SRR10104147	NA
Vitreoscilla_sp._C1	SRR10104148	NA
Vitreoscilla_sp._C1	SRR10104149	NA
Vitreoscilla_sp._C1	SRR10104150	NA
Vitreoscilla_sp._C1	SRR10104151	NA
Vitreoscilla_sp._C1	SRR10104152	NA
Vitreoscilla_sp._C1	SRR10104153	NA
Vitreoscilla_sp._C1	SRR10104154	NA
Vitreoscilla_sp._C1	SRR10104155	NA
Vitreoscilla_sp._C1	SRR10104156	NA
Vitreoscilla_sp._C1	SRR10104157	NA
Vitreoscilla_sp._C1	SRR10104158	NA
Vitreoscilla_sp._C1	SRR10104159	NA
Vitreoscilla_sp._C1	SRR10104160	NA
Vitreoscilla_sp._C1	SRR10104161	NA
Vitreoscilla_sp._C1	SRR10104162	NA
Vitreoscilla_sp._C1	SRR10104163	NA
Vitreoscilla_sp._C1	SRR10104164	NA
Vitreoscilla_sp._C1	SRR10104165	NA
Vitreoscilla_sp._C1	SRR10104166	NA
Vitreoscilla_sp._C1	SRR10104167	NA
Vitreoscilla_sp._C1	SRR10104168	NA
Vitreoscilla_sp._C1	SRR10104169	NA
Vitreoscilla_sp._C1	SRR10104170	NA
Vitreoscilla_sp._C1	SRR10104171	NA
Vitreoscilla_sp._C1	SRR10104172	NA
Vitreoscilla_sp._C1	SRR10104173	NA
Vitreoscilla_sp._C1	SRR10104174	NA
Vitreoscilla_sp._C1	SRR10104175	NA
Vitreoscilla_sp._C1	SRR10104176	NA
Vitreoscilla_sp._C1	SRR10104177	NA
Vitreoscilla_sp._C1	SRR10104178	NA
Vitreoscilla_sp._C1	SRR10104179	NA
Vitreoscilla_sp._C1	SRR10104180	NA
Vitreoscilla_sp._C1	SRR10104181	NA
Vitreoscilla_sp._C1	SRR10104182	NA
Vitreoscilla_sp._C1	SRR10104183	NA
Vitreoscilla_sp._C1	SRR10104184	NA
Vitreoscilla_sp._C1	SRR10104185	NA
Vitreoscilla_sp._C1	SRR10104186	NA
Vitreoscilla_sp._C1	SRR10104187	NA
Vitreoscilla_sp._C1	SRR10104188	NA
Vitreoscilla_sp._C1	SRR10104189	NA
Vitreoscilla_sp._C1	SRR10104190	NA
Vitreoscilla_sp._C1	SRR10104191	NA
Vitreoscilla_sp._C1	SRR10104192	NA
Vitreoscilla_sp._C1	SRR10104193	NA
Vitreoscilla_sp._C1	SRR10104194	NA
Vitreoscilla_sp._C1	SRR10104195	NA
Vitreoscilla_sp._C1	SRR10104196	NA
Vitreoscilla_sp._C1	SRR10104197	NA
Vitreoscilla_sp._C1	SRR10104198	NA
Vitreoscilla_sp._C1	SRR10104199	NA
Vitreoscilla_sp._C1	SRR10104200	NA
Vitreoscilla_sp._C1	SRR10104201	NA
Vitreoscilla_sp._C1	SRR10104202	NA
Vitreoscilla_sp._C1	SRR10104203	NA
Vitreoscilla_sp._C1	SRR10104204	NA
Vitreoscilla_sp._C1	SRR10104205	NA
Vitreoscilla_sp._C1	SRR10104206	NA
Vitreoscilla_sp._C1	SRR10104207	NA
Vitreoscilla_sp._C1	SRR10104208	NA
Vitreoscilla_sp._C1	SRR10104209	NA
Vitreoscilla_sp._C1	SRR10104210	NA
Vitreoscilla_sp._C1	SRR10104211	NA
Vitreoscilla_sp._C1	SRR10104212	NA
Vitreoscilla_sp._C1	SRR10104213	NA
Vitreoscilla_sp._C1	SRR10104214	NA
Vitreoscilla_sp._C1	SRR10104215	NA
Vitreoscilla_sp._C1	SRR10104216	NA
Vitreoscilla_sp._C1	SRR10104217	NA
Vitreoscilla_sp._C1	SRR10104218	NA
Vitreoscilla_sp._C1	SRR10104219	NA
Vitreoscilla_sp._C1	SRR10104220	NA
Vitreoscilla_sp._C1	SRR10104221	NA
Vitreoscilla_sp._C1	SRR10104222	NA
Vitreoscilla_sp._C1	SRR10104223	NA
Vitreoscilla_sp._C1	SRR10104224	NA
Vitreoscilla_sp._C1	SRR10104225	NA
Vitreoscilla_sp._C1	SRR10104226	NA
Vitreoscilla_sp._C1	SRR10104227	NA
Vitreoscilla_sp._C1	SRR10104228	NA
Vitreoscilla_sp._C1	SRR10104229	NA
Vitreoscilla_sp._C1	SRR10104230	NA
Vitreoscilla_sp._C1	SRR10104231	NA
Vitreoscilla_sp._C1	SRR10104232	NA
Vitreoscilla_sp._C1	SRR10104233	NA
Vitreoscilla_sp._C1	SRR10104234	NA
Vitreoscilla_sp._C1	SRR10104235	NA
Vitreoscilla_sp._C1	SRR10104236	NA
Vitreoscilla_sp._C1	SRR10104237	NA
Vitreoscilla_sp._C1	SRR10104238	NA
Vitreoscilla_sp._C1	SRR10104239	NA
Vitreoscilla_sp._C1	SRR10104240	NA
Vitreoscilla_sp._C1	SRR10104241	NA
Vitreoscilla_sp._C1	SRR10104242	NA
Vitreoscilla_sp._C1	SRR10104243	NA
Vitreoscilla_sp._C1	SRR10104244	NA
Vitreoscilla_sp._C1	SRR10104245	NA
Vitreoscilla_sp._C1	SRR10104246	NA
Vitreoscilla_sp._C1	SRR10104247	NA
Vitreoscilla_sp._C1	SRR10104248	NA
Vitreoscilla_sp._C1	SRR10104249	NA
Vitreoscilla_sp._C1	SRR10104250	NA
Vitreoscilla_sp._C1	SRR10104251	NA
Vitreoscilla_sp._C1	SRR10104252	NA
Vitreoscilla_sp._C1	SRR10104253	NA
Vitreoscilla_sp._C1	SRR10104254	NA
Vitreoscilla_sp._C1	SRR10104255	NA
Vitreoscilla_sp._C1	SRR10104256	NA
Vitreoscilla_sp._C1	SRR10104257	NA
Vitreoscilla_sp._C1	SRR10104258	NA
Vitreoscilla_sp._C1	SRR10224277	0
Vitreoscilla_sp._C1	SRR10224278	0
Vitreoscilla_sp._C1	SRR10224279	0
Vitreoscilla_sp._C1	SRR10224280	0
Vitreoscilla_sp._C1	SRR10224281	0
Vitreoscilla_sp._C1	SRR10224282	0
Vitreoscilla_sp._C1	SRR10224283	0
Vitreoscilla_sp._C1	SRR10224284	0
Vitreoscilla_sp._C1	SRR10224285	0
Vitreoscilla_sp._C1	SRR10224286	0
Vitreoscilla_sp._C1	SRR10224287	0
Vitreoscilla_sp._C1	SRR10224288	0
Vitreoscilla_sp._C1	SRR10224289	0
Vitreoscilla_sp._C1	SRR10224290	0
Vitreoscilla_sp._C1	SRR10224291	0
Vitreoscilla_sp._C1	SRR10224292	0
Vitreoscilla_sp._C1	SRR10224293	0
Vitreoscilla_sp._C1	SRR10224294	0
Vitreoscilla_sp._C1	SRR10224295	0
Vitreoscilla_sp._C1	SRR10224296	0
Vitreoscilla_sp._C1	SRR10224297	0
Vitreoscilla_sp._C1	SRR10224298	0
Vitreoscilla_sp._C1	SRR10318388	NA
Vitreoscilla_sp._C1	SRR10318389	NA
Vitreoscilla_sp._C1	SRR10318390	NA
Vitreoscilla_sp._C1	SRR10318391	NA
Vitreoscilla_sp._C1	SRR10318392	NA
Vitreoscilla_sp._C1	SRR10318393	NA
Vitreoscilla_sp._C1	SRR10318394	NA
Vitreoscilla_sp._C1	SRR10318395	NA
Vitreoscilla_sp._C1	SRR10318396	NA
Vitreoscilla_sp._C1	SRR10318397	NA
Vitreoscilla_sp._C1	SRR10318398	NA
Vitreoscilla_sp._C1	SRR10318399	NA
Vitreoscilla_sp._C1	SRR10318400	NA
Vitreoscilla_sp._C1	SRR10318401	NA
Vitreoscilla_sp._C1	SRR10318402	NA
Vitreoscilla_sp._C1	SRR10318403	NA
Vitreoscilla_sp._C1	SRR10318404	NA
Vitreoscilla_sp._C1	SRR10318405	NA
Vitreoscilla_sp._C1	SRR10318406	NA
Vitreoscilla_sp._C1	SRR10318407	NA
Vitreoscilla_sp._C1	SRR10318408	NA
Vitreoscilla_sp._C1	SRR10318409	NA
Vitreoscilla_sp._C1	SRR10318410	NA
Vitreoscilla_sp._C1	SRR10318411	NA
Vitreoscilla_sp._C1	SRR10318412	NA
Vitreoscilla_sp._C1	SRR10318413	NA
Vitreoscilla_sp._C1	SRR10318414	NA
Vitreoscilla_sp._C1	SRR10318415	NA
Vitreoscilla_sp._C1	SRR10318416	NA
Vitreoscilla_sp._C1	SRR10318417	NA
Vitreoscilla_sp._C1	SRR10318418	NA
Vitreoscilla_sp._C1	SRR10318419	NA
Vitreoscilla_sp._C1	SRR10318420	NA
Vitreoscilla_sp._C1	SRR10318421	NA
Vitreoscilla_sp._C1	SRR10318422	NA
Vitreoscilla_sp._C1	SRR10318423	NA
Vitreoscilla_sp._C1	SRR10318424	NA
Vitreoscilla_sp._C1	SRR10318425	NA
Vitreoscilla_sp._C1	SRR10318426	NA
Vitreoscilla_sp._C1	SRR10318427	NA
Vitreoscilla_sp._C1	SRR10318428	NA
Vitreoscilla_sp._C1	SRR10318429	NA
Vitreoscilla_sp._C1	SRR10318430	NA
Vitreoscilla_sp._C1	SRR10318431	NA
Vitreoscilla_sp._C1	SRR10318432	NA
Vitreoscilla_sp._C1	SRR10318433	NA
Vitreoscilla_sp._C1	SRR10318434	NA
Vitreoscilla_sp._C1	SRR10318435	NA
Vitreoscilla_sp._C1	SRR10318436	NA
Vitreoscilla_sp._C1	SRR10318437	NA
Vitreoscilla_sp._C1	SRR10318438	NA
Vitreoscilla_sp._C1	SRR10318439	NA
Vitreoscilla_sp._C1	SRR10318440	NA
Vitreoscilla_sp._C1	SRR10318441	NA
Vitreoscilla_sp._C1	SRR10318442	NA
Vitreoscilla_sp._C1	SRR10318443	NA
Vitreoscilla_sp._C1	SRR10318444	NA
Vitreoscilla_sp._C1	SRR10318445	NA
Vitreoscilla_sp._C1	SRR10318446	NA
Vitreoscilla_sp._C1	SRR10318447	NA
Vitreoscilla_sp._C1	SRR10318448	NA
Vitreoscilla_sp._C1	SRR10318449	NA
Vitreoscilla_sp._C1	SRR10318450	NA
Vitreoscilla_sp._C1	SRR10318451	NA
Vitreoscilla_sp._C1	SRR10318452	NA
Vitreoscilla_sp._C1	SRR10318453	NA
Vitreoscilla_sp._C1	SRR10318454	NA
Vitreoscilla_sp._C1	SRR10318455	NA
Vitreoscilla_sp._C1	SRR10318456	NA
Vitreoscilla_sp._C1	SRR10318457	NA
Vitreoscilla_sp._C1	SRR10318458	NA
Vitreoscilla_sp._C1	SRR10318459	NA
Vitreoscilla_sp._C1	SRR10318460	NA
Vitreoscilla_sp._C1	SRR10318461	NA
Vitreoscilla_sp._C1	SRR10318462	NA
Vitreoscilla_sp._C1	SRR10318463	NA
Vitreoscilla_sp._C1	SRR10318464	NA
Vitreoscilla_sp._C1	SRR10318465	NA
Vitreoscilla_sp._C1	SRR10318466	NA
Vitreoscilla_sp._C1	SRR10318467	NA
Vitreoscilla_sp._C1	SRR10318468	NA
Vitreoscilla_sp._C1	SRR10318469	NA
Vitreoscilla_sp._C1	SRR10318470	NA
Vitreoscilla_sp._C1	SRR10318471	NA
Vitreoscilla_sp._C1	SRR10318472	NA
Vitreoscilla_sp._C1	SRR10318473	NA
Vitreoscilla_sp._C1	SRR10318474	NA
Vitreoscilla_sp._C1	SRR10318475	NA
Vitreoscilla_sp._C1	SRR10318476	NA
Vitreoscilla_sp._C1	SRR10318495	NA
Vitreoscilla_sp._C1	SRR10318496	NA
Vitreoscilla_sp._C1	SRR10318497	NA
Vitreoscilla_sp._C1	SRR10318498	NA
Vitreoscilla_sp._C1	SRR10318499	NA
Vitreoscilla_sp._C1	SRR10318500	NA
Vitreoscilla_sp._C1	SRR10318501	NA
Vitreoscilla_sp._C1	SRR10318502	NA
Vitreoscilla_sp._C1	SRR10318503	NA
Vitreoscilla_sp._C1	SRR10318504	NA
Vitreoscilla_sp._C1	SRR10318505	NA
Vitreoscilla_sp._C1	SRR10318506	NA
Vitreoscilla_sp._C1	SRR10318507	NA
Vitreoscilla_sp._C1	SRR10318508	NA
Vitreoscilla_sp._C1	SRR10318509	NA
Vitreoscilla_sp._C1	SRR10318510	NA
Vitreoscilla_sp._C1	SRR10318511	NA
Vitreoscilla_sp._C1	SRR10318512	NA
Vitreoscilla_sp._C1	SRR10318513	NA
Vitreoscilla_sp._C1	SRR10318514	NA
Vitreoscilla_sp._C1	SRR10318515	NA
Vitreoscilla_sp._C1	SRR10318516	NA
Vitreoscilla_sp._C1	SRR10318517	NA
Vitreoscilla_sp._C1	SRR10318518	NA
Vitreoscilla_sp._C1	SRR10318519	NA
Vitreoscilla_sp._C1	SRR10318520	NA
Vitreoscilla_sp._C1	SRR10318521	NA
Vitreoscilla_sp._C1	SRR10318522	NA
Vitreoscilla_sp._C1	SRR10318523	NA
Vitreoscilla_sp._C1	SRR10318524	NA
Vitreoscilla_sp._C1	SRR10318525	NA
Vitreoscilla_sp._C1	SRR10318526	NA
Vitreoscilla_sp._C1	SRR10318527	NA
Vitreoscilla_sp._C1	SRR10318528	NA
Vitreoscilla_sp._C1	SRR10318529	NA
Vitreoscilla_sp._C1	SRR10318530	NA
Vitreoscilla_sp._C1	SRR10318531	NA
Vitreoscilla_sp._C1	SRR10318532	NA
Vitreoscilla_sp._C1	SRR10318533	NA
Vitreoscilla_sp._C1	SRR10318534	NA
Vitreoscilla_sp._C1	SRR10318535	NA
Vitreoscilla_sp._C1	SRR10318536	NA
Vitreoscilla_sp._C1	SRR10318537	NA
Vitreoscilla_sp._C1	SRR10318538	NA
Vitreoscilla_sp._C1	SRR10318539	NA
Vitreoscilla_sp._C1	SRR10318540	NA
Vitreoscilla_sp._C1	SRR10318541	NA
Vitreoscilla_sp._C1	SRR10318542	NA
Vitreoscilla_sp._C1	SRR10318543	NA
Vitreoscilla_sp._C1	SRR10318544	NA
Vitreoscilla_sp._C1	SRR10318545	NA
Vitreoscilla_sp._C1	SRR10318546	NA
Vitreoscilla_sp._C1	SRR10318547	NA
Vitreoscilla_sp._C1	SRR10318548	NA
Vitreoscilla_sp._C1	SRR10318549	NA
Vitreoscilla_sp._C1	SRR10318568	NA
Vitreoscilla_sp._C1	SRR10318569	NA
Vitreoscilla_sp._C1	SRR10318570	NA
Vitreoscilla_sp._C1	SRR10318571	NA
Vitreoscilla_sp._C1	SRR10318572	NA
Vitreoscilla_sp._C1	SRR10318573	NA
Vitreoscilla_sp._C1	SRR10318574	NA
Vitreoscilla_sp._C1	SRR10318575	NA
Vitreoscilla_sp._C1	SRR10318576	NA
Vitreoscilla_sp._C1	SRR10318577	NA
Vitreoscilla_sp._C1	SRR10318578	NA
Vitreoscilla_sp._C1	SRR10318579	NA
Vitreoscilla_sp._C1	SRR10318580	NA
Vitreoscilla_sp._C1	SRR10318581	NA
Vitreoscilla_sp._C1	SRR10875803	2
Vitreoscilla_sp._C1	SRR10875804	0
Vitreoscilla_sp._C1	SRR10875805	0
Vitreoscilla_sp._C1	SRR10875806	0
Vitreoscilla_sp._C1	SRR10875807	0
Vitreoscilla_sp._C1	SRR10875808	0
Vitreoscilla_sp._C1	SRR10875809	0
Vitreoscilla_sp._C1	SRR10875810	0
Vitreoscilla_sp._C1	SRR10875812	0
Vitreoscilla_sp._C1	SRR10875813	0
Vitreoscilla_sp._C1	SRR10875814	1
Vitreoscilla_sp._C1	SRR10875815	1
Vitreoscilla_sp._C1	SRR10875816	0
Vitreoscilla_sp._C1	SRR10875817	2
Vitreoscilla_sp._C1	SRR10875818	0
Vitreoscilla_sp._C1	SRR10875819	0
Vitreoscilla_sp._C1	SRR10875820	0
Vitreoscilla_sp._C1	SRR10875821	0
Vitreoscilla_sp._C1	SRR10875822	0
Vitreoscilla_sp._C1	SRR10875823	0
Vitreoscilla_sp._C1	SRR10875824	1
Vitreoscilla_sp._C1	SRR10875825	0
Vitreoscilla_sp._C1	SRR10875826	0
Vitreoscilla_sp._C1	SRR10875827	0
Vitreoscilla_sp._C1	SRR10875829	3
Vitreoscilla_sp._C1	SRR10875830	0
Vitreoscilla_sp._C1	SRR10875831	3
Vitreoscilla_sp._C1	SRR10875832	0
Vitreoscilla_sp._C1	SRR10875834	0
Vitreoscilla_sp._C1	SRR10875835	4
Vitreoscilla_sp._C1	SRR10875836	0
Vitreoscilla_sp._C1	SRR10875837	0
Vitreoscilla_sp._C1	SRR10875838	0
Vitreoscilla_sp._C1	SRR10875839	0
Vitreoscilla_sp._C1	SRR10875840	2
Vitreoscilla_sp._C1	SRR10875841	0
Vitreoscilla_sp._C1	SRR10875842	1
Vitreoscilla_sp._C1	SRR10875843	1
Vitreoscilla_sp._C1	SRR10875844	0
Vitreoscilla_sp._C1	SRR10875845	0
Vitreoscilla_sp._C1	SRR10875846	0
Vitreoscilla_sp._C1	SRR10875847	0
Vitreoscilla_sp._C1	SRR10875848	3
Vitreoscilla_sp._C1	SRR10875849	0
Vitreoscilla_sp._C1	SRR10875850	0
Vitreoscilla_sp._C1	SRR10875851	1
Vitreoscilla_sp._C1	SRR10875852	0
Vitreoscilla_sp._C1	SRR10875853	0
Vitreoscilla_sp._C1	SRR10875854	0
Vitreoscilla_sp._C1	SRR10875855	0
Vitreoscilla_sp._C1	SRR10875856	0
Vitreoscilla_sp._C1	SRR10875857	0
Vitreoscilla_sp._C1	SRR10875858	0
Vitreoscilla_sp._C1	SRR10875859	0
Vitreoscilla_sp._C1	SRR10875860	0
Vitreoscilla_sp._C1	SRR10875861	0
Vitreoscilla_sp._C1	SRR10875862	2
Vitreoscilla_sp._C1	SRR10875863	2
Vitreoscilla_sp._C1	SRR10875864	1
Vitreoscilla_sp._C1	SRR10875865	0
Vitreoscilla_sp._C1	SRR10875866	2
Vitreoscilla_sp._C1	SRR10875867	0
Vitreoscilla_sp._C1	SRR10875868	0
Vitreoscilla_sp._C1	SRR10875869	2
Vitreoscilla_sp._C1	SRR10875870	0
Vitreoscilla_sp._C1	SRR10875871	1
Vitreoscilla_sp._C1	SRR10875872	1
Vitreoscilla_sp._C1	SRR10875873	0
Vitreoscilla_sp._C1	SRR10875874	1
Vitreoscilla_sp._C1	SRR10875875	0
Vitreoscilla_sp._C1	SRR10875876	0
Vitreoscilla_sp._C1	SRR10875877	0
Vitreoscilla_sp._C1	SRR10875878	0
Vitreoscilla_sp._C1	SRR10875879	0
Vitreoscilla_sp._C1	SRR10875880	0
Vitreoscilla_sp._C1	SRR10875881	2
Vitreoscilla_sp._C1	SRR10875882	0
Vitreoscilla_sp._C1	SRR10875883	2
Vitreoscilla_sp._C1	SRR10875884	0
Vitreoscilla_sp._C1	SRR10875885	0
Vitreoscilla_sp._C1	SRR10875886	1
Vitreoscilla_sp._C1	SRR10875887	0
Vitreoscilla_sp._C1	SRR10875888	0
Vitreoscilla_sp._C1	SRR10875889	0
Vitreoscilla_sp._C1	SRR10875890	0
Vitreoscilla_sp._C1	SRR10875891	0
Vitreoscilla_sp._C1	SRR10875892	0
Vitreoscilla_sp._C1	SRR10875893	0
Vitreoscilla_sp._C1	SRR10875894	2
Vitreoscilla_sp._C1	SRR10875895	0
Vitreoscilla_sp._C1	SRR10875896	2
Vitreoscilla_sp._C1	SRR10875897	1
Vitreoscilla_sp._C1	SRR10875898	2
Vitreoscilla_sp._C1	SRR10875899	0
Vitreoscilla_sp._C1	SRR10875900	1
Vitreoscilla_sp._C1	SRR10875901	0
Vitreoscilla_sp._C1	SRR10875902	0
Vitreoscilla_sp._C1	SRR12430469	0
Vitreoscilla_sp._C1	SRR12430470	0
Vitreoscilla_sp._C1	SRR12430471	0
Vitreoscilla_sp._C1	SRR12430472	0
Vitreoscilla_sp._C1	SRR12430473	0
Vitreoscilla_sp._C1	SRR12430474	0
Vitreoscilla_sp._C1	SRR12430475	0
Vitreoscilla_sp._C1	SRR12430476	0
Vitreoscilla_sp._C1	SRR12765534	NA
Vitreoscilla_sp._C1	SRR12765535	NA
Vitreoscilla_sp._C1	SRR12765536	NA
Vitreoscilla_sp._C1	SRR12765537	NA
Vitreoscilla_sp._C1	SRR12765538	NA
Vitreoscilla_sp._C1	SRR12765539	NA
Vitreoscilla_sp._C1	SRR12765540	NA
Vitreoscilla_sp._C1	SRR12765541	NA
Vitreoscilla_sp._C1	SRR12765542	NA
Vitreoscilla_sp._C1	SRR12765543	NA
Vitreoscilla_sp._C1	SRR12765544	NA
Vitreoscilla_sp._C1	SRR12765545	NA
Vitreoscilla_sp._C1	SRR12765546	NA
Vitreoscilla_sp._C1	SRR12765547	NA
Vitreoscilla_sp._C1	SRR12765548	NA
Vitreoscilla_sp._C1	SRR12765549	NA
Vitreoscilla_sp._C1	SRR12765550	NA
Vitreoscilla_sp._C1	SRR12765551	NA
Vitreoscilla_sp._C1	SRR12765552	NA
Vitreoscilla_sp._C1	SRR12765553	NA
Vitreoscilla_sp._C1	SRR12765554	NA
Vitreoscilla_sp._C1	SRR12765555	NA
Vitreoscilla_sp._C1	SRR12765556	NA
Vitreoscilla_sp._C1	SRR12765557	NA
Vitreoscilla_sp._C1	SRR12765558	NA
Vitreoscilla_sp._C1	SRR12765559	NA
Vitreoscilla_sp._C1	SRR12765560	NA
Vitreoscilla_sp._C1	SRR12765561	NA
Vitreoscilla_sp._C1	SRR12765562	NA
Vitreoscilla_sp._C1	SRR12765563	NA
Vitreoscilla_sp._C1	SRR12765564	NA
Vitreoscilla_sp._C1	SRR12765565	NA
Vitreoscilla_sp._C1	SRR12765566	NA
Vitreoscilla_sp._C1	SRR12765567	NA
Vitreoscilla_sp._C1	SRR12765568	NA
Vitreoscilla_sp._C1	SRR12765569	NA
Vitreoscilla_sp._C1	SRR12765570	NA
Vitreoscilla_sp._C1	SRR12765571	NA
Vitreoscilla_sp._C1	SRR12765572	NA
Vitreoscilla_sp._C1	SRR12765573	NA
Vitreoscilla_sp._C1	SRR12765574	NA
Vitreoscilla_sp._C1	SRR12765575	NA
Vitreoscilla_sp._C1	SRR12765576	NA
Vitreoscilla_sp._C1	SRR12765577	NA
Vitreoscilla_sp._C1	SRR12765578	NA
Vitreoscilla_sp._C1	SRR12765579	NA
Vitreoscilla_sp._C1	SRR12765580	NA
Vitreoscilla_sp._C1	SRR12765581	NA
Vitreoscilla_sp._C1	SRR12765582	NA
Vitreoscilla_sp._C1	SRR12765583	NA
Vitreoscilla_sp._C1	SRR12765584	NA
Vitreoscilla_sp._C1	SRR12765585	NA
Vitreoscilla_sp._C1	SRR12765586	NA
Vitreoscilla_sp._C1	SRR12765587	NA
Vitreoscilla_sp._C1	SRR12765588	NA
Vitreoscilla_sp._C1	SRR12765589	NA
Vitreoscilla_sp._C1	SRR12765590	NA
Vitreoscilla_sp._C1	SRR12765591	NA
Vitreoscilla_sp._C1	SRR12765592	NA
Vitreoscilla_sp._C1	SRR12765593	NA
Vitreoscilla_sp._C1	SRR12765594	NA
Vitreoscilla_sp._C1	SRR12765595	NA
Vitreoscilla_sp._C1	SRR12765596	NA
Vitreoscilla_sp._C1	SRR12765597	NA
Vitreoscilla_sp._C1	SRR12765598	NA
Vitreoscilla_sp._C1	SRR12765599	NA
Vitreoscilla_sp._C1	SRR12765600	NA
Vitreoscilla_sp._C1	SRR12765601	NA
Vitreoscilla_sp._C1	SRR12765602	NA
Vitreoscilla_sp._C1	SRR12765603	NA
Vitreoscilla_sp._C1	SRR12765604	NA
Vitreoscilla_sp._C1	SRR12765605	NA
Vitreoscilla_sp._C1	SRR12765606	NA
Vitreoscilla_sp._C1	SRR12765607	NA
Vitreoscilla_sp._C1	SRR12765608	NA
Vitreoscilla_sp._C1	SRR12765609	NA
Vitreoscilla_sp._C1	SRR12765610	NA
Vitreoscilla_sp._C1	SRR12765611	NA
Vitreoscilla_sp._C1	SRR12765612	NA
Vitreoscilla_sp._C1	SRR12765613	NA
Vitreoscilla_sp._C1	SRR12765614	NA
Vitreoscilla_sp._C1	SRR12765615	NA
Vitreoscilla_sp._C1	SRR12765616	NA
Vitreoscilla_sp._C1	SRR12765617	NA
Vitreoscilla_sp._C1	SRR12765618	NA
Vitreoscilla_sp._C1	SRR12765619	NA
Vitreoscilla_sp._C1	SRR12765620	NA
Vitreoscilla_sp._C1	SRR12765621	NA
Vitreoscilla_sp._C1	SRR12765622	NA
Vitreoscilla_sp._C1	SRR12765623	NA
Vitreoscilla_sp._C1	SRR12765624	NA
Vitreoscilla_sp._C1	SRR12765625	NA
Vitreoscilla_sp._C1	SRR12765626	NA
Vitreoscilla_sp._C1	SRR12765627	NA
Vitreoscilla_sp._C1	SRR12765628	NA
Vitreoscilla_sp._C1	SRR12765629	NA
Vitreoscilla_sp._C1	SRR12765630	NA
Vitreoscilla_sp._C1	SRR12765631	NA
Vitreoscilla_sp._C1	SRR12765632	NA
Vitreoscilla_sp._C1	SRR12765633	NA
Vitreoscilla_sp._C1	SRR12765634	NA
Vitreoscilla_sp._C1	SRR12765635	NA
Vitreoscilla_sp._C1	SRR12765636	NA
Vitreoscilla_sp._C1	SRR12765637	NA
Vitreoscilla_sp._C1	SRR12765638	NA
Vitreoscilla_sp._C1	SRR12765639	NA
Vitreoscilla_sp._C1	SRR12765640	NA
Vitreoscilla_sp._C1	SRR12765641	NA
Vitreoscilla_sp._C1	SRR12765642	NA
Vitreoscilla_sp._C1	SRR12765643	NA
Vitreoscilla_sp._C1	SRR12765644	NA
Vitreoscilla_sp._C1	SRR12765645	NA
Vitreoscilla_sp._C1	SRR12765646	NA
Vitreoscilla_sp._C1	SRR12765647	NA
Vitreoscilla_sp._C1	SRR12765648	NA
Vitreoscilla_sp._C1	SRR12765649	NA
Vitreoscilla_sp._C1	SRR12765650	NA
Vitreoscilla_sp._C1	SRR12765651	NA
Vitreoscilla_sp._C1	SRR12765652	NA
Vitreoscilla_sp._C1	SRR12774664	0
Vitreoscilla_sp._C1	SRR12774665	0
Vitreoscilla_sp._C1	SRR12774666	0
Vitreoscilla_sp._C1	SRR12774667	0
Vitreoscilla_sp._C1	SRR12774668	0
Vitreoscilla_sp._C1	SRR12774669	0
Vitreoscilla_sp._C1	SRR12774670	0
Vitreoscilla_sp._C1	SRR12774671	0
Vitreoscilla_sp._C1	SRR12774672	0
Vitreoscilla_sp._C1	SRR12774673	0
Vitreoscilla_sp._C1	SRR12774674	0
Vitreoscilla_sp._C1	SRR12774675	0
Vitreoscilla_sp._C1	SRR12774676	0
Vitreoscilla_sp._C1	SRR12774677	0
Vitreoscilla_sp._C1	SRR12774678	0
Vitreoscilla_sp._C1	SRR12774679	0
Vitreoscilla_sp._C1	SRR12774680	0
Vitreoscilla_sp._C1	SRR12774681	2
Vitreoscilla_sp._C1	SRR12774682	0
Vitreoscilla_sp._C1	SRR12774683	0
Vitreoscilla_sp._C1	SRR12774684	1
Vitreoscilla_sp._C1	SRR12774685	0
Vitreoscilla_sp._C1	SRR12774686	0
Vitreoscilla_sp._C1	SRR12774687	0
Vitreoscilla_sp._C1	SRR1609360	0
Vitreoscilla_sp._C1	SRR1609361	1
Vitreoscilla_sp._C1	SRR1609362	0
Vitreoscilla_sp._C1	SRR1609363	0
Vitreoscilla_sp._C1	SRR1609364	0
Vitreoscilla_sp._C1	SRR1609365	0
Vitreoscilla_sp._C1	SRR1609366	0
Vitreoscilla_sp._C1	SRR1609367	0
Vitreoscilla_sp._C1	SRR1609368	0
Vitreoscilla_sp._C1	SRR1609369	0
Vitreoscilla_sp._C1	SRR1609370	0
Vitreoscilla_sp._C1	SRR1609371	0
Vitreoscilla_sp._C1	SRR1609372	0
Vitreoscilla_sp._C1	SRR1609373	0
Vitreoscilla_sp._C1	SRR1609374	0
Vitreoscilla_sp._C1	SRR1609375	0
Vitreoscilla_sp._C1	SRR1609376	0
Vitreoscilla_sp._C1	SRR1609377	0
Vitreoscilla_sp._C1	SRR1609378	0
Vitreoscilla_sp._C1	SRR1609379	0
Vitreoscilla_sp._C1	SRR1609380	0
Vitreoscilla_sp._C1	SRR1609381	0
Vitreoscilla_sp._C1	SRR1609382	0
Vitreoscilla_sp._C1	SRR1609383	0
Vitreoscilla_sp._C1	SRR1609384	0
Vitreoscilla_sp._C1	SRR1609385	0
Vitreoscilla_sp._C1	SRR1609386	0
Vitreoscilla_sp._C1	SRR1609387	0
Vitreoscilla_sp._C1	SRR1609388	0
Vitreoscilla_sp._C1	SRR1609389	0
Vitreoscilla_sp._C1	SRR1609390	0
Vitreoscilla_sp._C1	SRR1609391	0
Vitreoscilla_sp._C1	SRR1609392	0
Vitreoscilla_sp._C1	SRR1609393	0
Vitreoscilla_sp._C1	SRR1609394	0
Vitreoscilla_sp._C1	SRR1609395	0
Vitreoscilla_sp._C1	SRR1609396	0
Vitreoscilla_sp._C1	SRR1609397	0
Vitreoscilla_sp._C1	SRR1609398	0
Vitreoscilla_sp._C1	SRR1609399	0
Vitreoscilla_sp._C1	SRR1609400	0
Vitreoscilla_sp._C1	SRR1609401	0
Vitreoscilla_sp._C1	SRR1609402	0
Vitreoscilla_sp._C1	SRR1609403	0
Vitreoscilla_sp._C1	SRR1609404	0
Vitreoscilla_sp._C1	SRR1609405	0
Vitreoscilla_sp._C1	SRR1609406	0
Vitreoscilla_sp._C1	SRR1609407	0
Vitreoscilla_sp._C1	SRR1609408	0
Vitreoscilla_sp._C1	SRR1609409	0
Vitreoscilla_sp._C1	SRR1609410	0
Vitreoscilla_sp._C1	SRR1609411	0
Vitreoscilla_sp._C1	SRR1609412	0
Vitreoscilla_sp._C1	SRR1609413	0
Vitreoscilla_sp._C1	SRR1609414	0
Vitreoscilla_sp._C1	SRR1609415	0
Vitreoscilla_sp._C1	SRR1609416	0
Vitreoscilla_sp._C1	SRR1609417	0
Vitreoscilla_sp._C1	SRR1609418	0
Vitreoscilla_sp._C1	SRR1609419	0
Vitreoscilla_sp._C1	SRR1609420	0
Vitreoscilla_sp._C1	SRR1609421	0
Vitreoscilla_sp._C1	SRR1609422	0
Vitreoscilla_sp._C1	SRR1609423	0
Vitreoscilla_sp._C1	SRR1609424	0
Vitreoscilla_sp._C1	SRR1609425	0
Vitreoscilla_sp._C1	SRR1609426	0
Vitreoscilla_sp._C1	SRR1609427	0
Vitreoscilla_sp._C1	SRR1609428	0
Vitreoscilla_sp._C1	SRR1609429	0
Vitreoscilla_sp._C1	SRR1609430	0
Vitreoscilla_sp._C1	SRR1609431	0
Vitreoscilla_sp._C1	SRR1609432	0
Vitreoscilla_sp._C1	SRR1609433	0
Vitreoscilla_sp._C1	SRR1609434	0
Vitreoscilla_sp._C1	SRR1609435	0
Vitreoscilla_sp._C1	SRR1609436	0
Vitreoscilla_sp._C1	SRR1609437	0
Vitreoscilla_sp._C1	SRR1609438	0
Vitreoscilla_sp._C1	SRR1609439	0
Vitreoscilla_sp._C1	SRR1609440	0
Vitreoscilla_sp._C1	SRR1609441	0
Vitreoscilla_sp._C1	SRR1609442	0
Vitreoscilla_sp._C1	SRR1609443	0
Vitreoscilla_sp._C1	SRR1609444	0
Vitreoscilla_sp._C1	SRR1609445	0
Vitreoscilla_sp._C1	SRR1609446	0
Vitreoscilla_sp._C1	SRR1609447	0
Vitreoscilla_sp._C1	SRR1609448	0
Vitreoscilla_sp._C1	SRR1609449	0
Vitreoscilla_sp._C1	SRR1609450	0
Vitreoscilla_sp._C1	SRR1609451	0
Vitreoscilla_sp._C1	SRR1609452	0
Vitreoscilla_sp._C1	SRR1609453	0
Vitreoscilla_sp._C1	SRR1609454	0
Vitreoscilla_sp._C1	SRR1609455	0
Vitreoscilla_sp._C1	SRR1609456	0
Vitreoscilla_sp._C1	SRR1609457	0
Vitreoscilla_sp._C1	SRR1609458	0
Vitreoscilla_sp._C1	SRR1609459	0
Vitreoscilla_sp._C1	SRR1609460	0
Vitreoscilla_sp._C1	SRR1609461	0
Vitreoscilla_sp._C1	SRR1609462	0
Vitreoscilla_sp._C1	SRR1609463	0
Vitreoscilla_sp._C1	SRR1609464	0
Vitreoscilla_sp._C1	SRR1609465	0
Vitreoscilla_sp._C1	SRR1609466	0
Vitreoscilla_sp._C1	SRR1609467	0
Vitreoscilla_sp._C1	SRR1609468	0
Vitreoscilla_sp._C1	SRR1609469	0
Vitreoscilla_sp._C1	SRR1609470	0
Vitreoscilla_sp._C1	SRR1609471	0
Vitreoscilla_sp._C1	SRR1609472	0
Vitreoscilla_sp._C1	SRR1609473	0
Vitreoscilla_sp._C1	SRR1609474	0
Vitreoscilla_sp._C1	SRR1609475	0
Vitreoscilla_sp._C1	SRR1609476	0
Vitreoscilla_sp._C1	SRR1609477	0
Vitreoscilla_sp._C1	SRR1609478	0
Vitreoscilla_sp._C1	SRR1609479	0
Vitreoscilla_sp._C1	SRR1609480	0
Vitreoscilla_sp._C1	SRR1609481	0
Vitreoscilla_sp._C1	SRR1609482	0
Vitreoscilla_sp._C1	SRR1609483	0
Vitreoscilla_sp._C1	SRR1609484	0
Vitreoscilla_sp._C1	SRR1609485	0
Vitreoscilla_sp._C1	SRR1609486	0
Vitreoscilla_sp._C1	SRR1609487	0
Vitreoscilla_sp._C1	SRR1609488	0
Vitreoscilla_sp._C1	SRR1609489	0
Vitreoscilla_sp._C1	SRR1609490	0
Vitreoscilla_sp._C1	SRR1609491	0
Vitreoscilla_sp._C1	SRR1609492	0
Vitreoscilla_sp._C1	SRR1609493	0
Vitreoscilla_sp._C1	SRR1609494	0
Vitreoscilla_sp._C1	SRR1609495	0
Vitreoscilla_sp._C1	SRR1609496	0
Vitreoscilla_sp._C1	SRR1609497	0
Vitreoscilla_sp._C1	SRR1609498	0
Vitreoscilla_sp._C1	SRR1609499	0
Vitreoscilla_sp._C1	SRR1609500	0
Vitreoscilla_sp._C1	SRR1609501	0
Vitreoscilla_sp._C1	SRR1609502	0
Vitreoscilla_sp._C1	SRR1609503	0
Vitreoscilla_sp._C1	SRR1609504	0
Vitreoscilla_sp._C1	SRR1609505	0
Vitreoscilla_sp._C1	SRR1609506	0
Vitreoscilla_sp._C1	SRR1609507	0
Vitreoscilla_sp._C1	SRR1609508	0
Vitreoscilla_sp._C1	SRR1609509	0
Vitreoscilla_sp._C1	SRR1609510	0
Vitreoscilla_sp._C1	SRR1609511	0
Vitreoscilla_sp._C1	SRR1609512	0
Vitreoscilla_sp._C1	SRR1609513	0
Vitreoscilla_sp._C1	SRR1609514	0
Vitreoscilla_sp._C1	SRR1609515	0
Vitreoscilla_sp._C1	SRR1609516	0
Vitreoscilla_sp._C1	SRR1609517	0
Vitreoscilla_sp._C1	SRR1609518	0
Vitreoscilla_sp._C1	SRR1609519	0
Vitreoscilla_sp._C1	SRR1609520	0
Vitreoscilla_sp._C1	SRR1609521	0
Vitreoscilla_sp._C1	SRR1609522	0
Vitreoscilla_sp._C1	SRR1609523	0
Vitreoscilla_sp._C1	SRR1609524	0
Vitreoscilla_sp._C1	SRR1609525	0
Vitreoscilla_sp._C1	SRR1609526	0
Vitreoscilla_sp._C1	SRR1609527	0
Vitreoscilla_sp._C1	SRR1609528	0
Vitreoscilla_sp._C1	SRR1609529	0
Vitreoscilla_sp._C1	SRR1609530	0
Vitreoscilla_sp._C1	SRR1609531	0
Vitreoscilla_sp._C1	SRR1609532	0
Vitreoscilla_sp._C1	SRR1609533	0
Vitreoscilla_sp._C1	SRR1609534	0
Vitreoscilla_sp._C1	SRR1609535	0
Vitreoscilla_sp._C1	SRR1609536	0
Vitreoscilla_sp._C1	SRR1609537	0
Vitreoscilla_sp._C1	SRR1609538	0
Vitreoscilla_sp._C1	SRR1609539	0
Vitreoscilla_sp._C1	SRR1609540	0
Vitreoscilla_sp._C1	SRR1609541	0
Vitreoscilla_sp._C1	SRR1609542	0
Vitreoscilla_sp._C1	SRR1609543	0
Vitreoscilla_sp._C1	SRR1609544	0
Vitreoscilla_sp._C1	SRR1609545	0
Vitreoscilla_sp._C1	SRR1609546	0
Vitreoscilla_sp._C1	SRR1609547	0
Vitreoscilla_sp._C1	SRR1609548	0
Vitreoscilla_sp._C1	SRR1609549	0
Vitreoscilla_sp._C1	SRR1609550	0
Vitreoscilla_sp._C1	SRR1609551	0
Vitreoscilla_sp._C1	SRR1609552	0
Vitreoscilla_sp._C1	SRR1609553	0
Vitreoscilla_sp._C1	SRR1609554	0
Vitreoscilla_sp._C1	SRR1609555	0
Vitreoscilla_sp._C1	SRR1609556	0
Vitreoscilla_sp._C1	SRR1609557	0
Vitreoscilla_sp._C1	SRR1609558	0
Vitreoscilla_sp._C1	SRR1609559	0
Vitreoscilla_sp._C1	SRR1609560	0
Vitreoscilla_sp._C1	SRR1609561	0
Vitreoscilla_sp._C1	SRR1609562	0
Vitreoscilla_sp._C1	SRR1609563	0
Vitreoscilla_sp._C1	SRR1609564	0
Vitreoscilla_sp._C1	SRR1609565	0
Vitreoscilla_sp._C1	SRR1609566	0
Vitreoscilla_sp._C1	SRR1609567	0
Vitreoscilla_sp._C1	SRR1609568	0
Vitreoscilla_sp._C1	SRR1609569	0
Vitreoscilla_sp._C1	SRR1609570	0
Vitreoscilla_sp._C1	SRR1609571	0
Vitreoscilla_sp._C1	SRR1609572	0
Vitreoscilla_sp._C1	SRR1609573	0
Vitreoscilla_sp._C1	SRR1609574	0
Vitreoscilla_sp._C1	SRR1609575	0
Vitreoscilla_sp._C1	SRR1609576	0
Vitreoscilla_sp._C1	SRR1609577	0
Vitreoscilla_sp._C1	SRR1609578	0
Vitreoscilla_sp._C1	SRR1609579	0
Vitreoscilla_sp._C1	SRR1609580	0
Vitreoscilla_sp._C1	SRR1609581	0
Vitreoscilla_sp._C1	SRR1609582	0
Vitreoscilla_sp._C1	SRR1609583	0
Vitreoscilla_sp._C1	SRR1609584	0
Vitreoscilla_sp._C1	SRR1609585	0
Vitreoscilla_sp._C1	SRR1609586	0
Vitreoscilla_sp._C1	SRR1609587	0
Vitreoscilla_sp._C1	SRR1609588	0
Vitreoscilla_sp._C1	SRR1609589	0
Vitreoscilla_sp._C1	SRR1609590	0
Vitreoscilla_sp._C1	SRR1609591	0
Vitreoscilla_sp._C1	SRR1609592	0
Vitreoscilla_sp._C1	SRR1609593	0
Vitreoscilla_sp._C1	SRR1609594	0
Vitreoscilla_sp._C1	SRR1609595	0
Vitreoscilla_sp._C1	SRR1609596	0
Vitreoscilla_sp._C1	SRR1609597	0
Vitreoscilla_sp._C1	SRR1609598	0
Vitreoscilla_sp._C1	SRR1609599	0
Vitreoscilla_sp._C1	SRR1609600	0
Vitreoscilla_sp._C1	SRR1609601	0
Vitreoscilla_sp._C1	SRR1609602	0
Vitreoscilla_sp._C1	SRR1609603	0
Vitreoscilla_sp._C1	SRR1609604	0
Vitreoscilla_sp._C1	SRR1609605	0
Vitreoscilla_sp._C1	SRR1609606	0
Vitreoscilla_sp._C1	SRR1609607	0
Vitreoscilla_sp._C1	SRR1609608	0
Vitreoscilla_sp._C1	SRR1609609	0
Vitreoscilla_sp._C1	SRR1609610	0
Vitreoscilla_sp._C1	SRR1609611	0
Vitreoscilla_sp._C1	SRR1609612	0
Vitreoscilla_sp._C1	SRR1609613	0
Vitreoscilla_sp._C1	SRR1609614	0
Vitreoscilla_sp._C1	SRR1609615	0
Vitreoscilla_sp._C1	SRR1609616	0
Vitreoscilla_sp._C1	SRR1609617	0
Vitreoscilla_sp._C1	SRR1609618	0
Vitreoscilla_sp._C1	SRR1609619	0
Vitreoscilla_sp._C1	SRR1609620	0
Vitreoscilla_sp._C1	SRR1609621	0
Vitreoscilla_sp._C1	SRR1609622	0
Vitreoscilla_sp._C1	SRR1609623	0
Vitreoscilla_sp._C1	SRR1609624	0
Vitreoscilla_sp._C1	SRR1609625	0
Vitreoscilla_sp._C1	SRR1609626	0
Vitreoscilla_sp._C1	SRR1609627	0
Vitreoscilla_sp._C1	SRR1609628	0
Vitreoscilla_sp._C1	SRR1609629	0
Vitreoscilla_sp._C1	SRR1609630	0
Vitreoscilla_sp._C1	SRR1609631	0
Vitreoscilla_sp._C1	SRR1609632	0
Vitreoscilla_sp._C1	SRR1609633	0
Vitreoscilla_sp._C1	SRR1609634	0
Vitreoscilla_sp._C1	SRR1609635	0
Vitreoscilla_sp._C1	SRR1609636	0
Vitreoscilla_sp._C1	SRR1609637	0
Vitreoscilla_sp._C1	SRR1609638	0
Vitreoscilla_sp._C1	SRR1609639	0
Vitreoscilla_sp._C1	SRR1609640	0
Vitreoscilla_sp._C1	SRR1609641	0
Vitreoscilla_sp._C1	SRR1609642	0
Vitreoscilla_sp._C1	SRR1609643	0
Vitreoscilla_sp._C1	SRR1609644	0
Vitreoscilla_sp._C1	SRR1609645	0
Vitreoscilla_sp._C1	SRR1609646	0
Vitreoscilla_sp._C1	SRR1609647	0
Vitreoscilla_sp._C1	SRR1609648	0
Vitreoscilla_sp._C1	SRR1609649	0
Vitreoscilla_sp._C1	SRR1609650	0
Vitreoscilla_sp._C1	SRR1609651	0
Vitreoscilla_sp._C1	SRR1609652	0
Vitreoscilla_sp._C1	SRR1609653	0
Vitreoscilla_sp._C1	SRR1609654	0
Vitreoscilla_sp._C1	SRR1609655	0
Vitreoscilla_sp._C1	SRR1609656	0
Vitreoscilla_sp._C1	SRR1609657	0
Vitreoscilla_sp._C1	SRR1609658	0
Vitreoscilla_sp._C1	SRR1609659	0
Vitreoscilla_sp._C1	SRR1609660	0
Vitreoscilla_sp._C1	SRR1609661	0
Vitreoscilla_sp._C1	SRR1609662	0
Vitreoscilla_sp._C1	SRR1609663	0
Vitreoscilla_sp._C1	SRR1609664	0
Vitreoscilla_sp._C1	SRR1609665	0
Vitreoscilla_sp._C1	SRR1609666	0
Vitreoscilla_sp._C1	SRR1609667	0
Vitreoscilla_sp._C1	SRR1609668	0
Vitreoscilla_sp._C1	SRR1609669	0
Vitreoscilla_sp._C1	SRR1746771	NA
Vitreoscilla_sp._C1	SRR1746772	NA
Vitreoscilla_sp._C1	SRR1746773	NA
Vitreoscilla_sp._C1	SRR1746774	NA
Vitreoscilla_sp._C1	SRR1746775	NA
Vitreoscilla_sp._C1	SRR1746776	NA
Vitreoscilla_sp._C1	SRR1746777	NA
Vitreoscilla_sp._C1	SRR1746778	NA
Vitreoscilla_sp._C1	SRR1746779	NA
Vitreoscilla_sp._C1	SRR1746780	NA
Vitreoscilla_sp._C1	SRR1746781	NA
Vitreoscilla_sp._C1	SRR1746782	NA
Vitreoscilla_sp._C1	SRR1746783	NA
Vitreoscilla_sp._C1	SRR1746784	NA
Vitreoscilla_sp._C1	SRR1782685	0
Vitreoscilla_sp._C1	SRR1782686	0
Vitreoscilla_sp._C1	SRR1782687	0
Vitreoscilla_sp._C1	SRR1782688	0
Vitreoscilla_sp._C1	SRR1782689	0
Vitreoscilla_sp._C1	SRR1782690	0
Vitreoscilla_sp._C1	SRR1782691	0
Vitreoscilla_sp._C1	SRR1782692	0
Vitreoscilla_sp._C1	SRR1782693	0
Vitreoscilla_sp._C1	SRR1782694	0
Vitreoscilla_sp._C1	SRR1782695	0
Vitreoscilla_sp._C1	SRR1782696	0
Vitreoscilla_sp._C1	SRR1782697	0
Vitreoscilla_sp._C1	SRR1782698	0
Vitreoscilla_sp._C1	SRR1782699	0
Vitreoscilla_sp._C1	SRR1782700	0
Vitreoscilla_sp._C1	SRR1782701	0
Vitreoscilla_sp._C1	SRR1782702	0
Vitreoscilla_sp._C1	SRR1782703	0
Vitreoscilla_sp._C1	SRR1782704	0
Vitreoscilla_sp._C1	SRR1782705	0
Vitreoscilla_sp._C1	SRR1782706	0
Vitreoscilla_sp._C1	SRR1782707	0
Vitreoscilla_sp._C1	SRR1782708	0
Vitreoscilla_sp._C1	SRR1782709	0
Vitreoscilla_sp._C1	SRR1782710	0
Vitreoscilla_sp._C1	SRR1782711	0
Vitreoscilla_sp._C1	SRR1782712	0
Vitreoscilla_sp._C1	SRR1782713	0
Vitreoscilla_sp._C1	SRR1782714	0
Vitreoscilla_sp._C1	SRR1782715	0
Vitreoscilla_sp._C1	SRR1782716	0
Vitreoscilla_sp._C1	SRR1782717	0
Vitreoscilla_sp._C1	SRR1782718	0
Vitreoscilla_sp._C1	SRR1782719	0
Vitreoscilla_sp._C1	SRR1782720	0
Vitreoscilla_sp._C1	SRR1782721	0
Vitreoscilla_sp._C1	SRR1782722	0
Vitreoscilla_sp._C1	SRR1782723	0
Vitreoscilla_sp._C1	SRR1782724	0
Vitreoscilla_sp._C1	SRR1782725	0
Vitreoscilla_sp._C1	SRR1782726	0
Vitreoscilla_sp._C1	SRR1782727	0
Vitreoscilla_sp._C1	SRR1782728	0
Vitreoscilla_sp._C1	SRR1782729	0
Vitreoscilla_sp._C1	SRR1782730	0
Vitreoscilla_sp._C1	SRR1782731	0
Vitreoscilla_sp._C1	SRR1782732	0
Vitreoscilla_sp._C1	SRR1782733	0
Vitreoscilla_sp._C1	SRR1782734	0
Vitreoscilla_sp._C1	SRR1782735	0
Vitreoscilla_sp._C1	SRR1782736	0
Vitreoscilla_sp._C1	SRR1782737	0
Vitreoscilla_sp._C1	SRR1782738	0
Vitreoscilla_sp._C1	SRR1782739	0
Vitreoscilla_sp._C1	SRR1782740	0
Vitreoscilla_sp._C1	SRR1782741	0
Vitreoscilla_sp._C1	SRR1782742	0
Vitreoscilla_sp._C1	SRR1782743	0
Vitreoscilla_sp._C1	SRR1782744	0
Vitreoscilla_sp._C1	SRR1782745	0
Vitreoscilla_sp._C1	SRR1782746	0
Vitreoscilla_sp._C1	SRR1782747	0
Vitreoscilla_sp._C1	SRR1782748	0
Vitreoscilla_sp._C1	SRR1782749	0
Vitreoscilla_sp._C1	SRR1782750	0
Vitreoscilla_sp._C1	SRR1782751	0
Vitreoscilla_sp._C1	SRR1782752	0
Vitreoscilla_sp._C1	SRR1782753	0
Vitreoscilla_sp._C1	SRR1782754	0
Vitreoscilla_sp._C1	SRR1782755	0
Vitreoscilla_sp._C1	SRR1782756	0
Vitreoscilla_sp._C1	SRR1782757	0
Vitreoscilla_sp._C1	SRR1782758	0
Vitreoscilla_sp._C1	SRR1782759	0
Vitreoscilla_sp._C1	SRR1782760	0
Vitreoscilla_sp._C1	SRR1782761	0
Vitreoscilla_sp._C1	SRR1782762	0
Vitreoscilla_sp._C1	SRR1782763	0
Vitreoscilla_sp._C1	SRR1782764	0
Vitreoscilla_sp._C1	SRR1782765	0
Vitreoscilla_sp._C1	SRR1782766	0
Vitreoscilla_sp._C1	SRR1782767	0
Vitreoscilla_sp._C1	SRR1782768	0
Vitreoscilla_sp._C1	SRR1782769	0
Vitreoscilla_sp._C1	SRR1782770	0
Vitreoscilla_sp._C1	SRR1782771	0
Vitreoscilla_sp._C1	SRR1782772	0
Vitreoscilla_sp._C1	SRR1782773	0
Vitreoscilla_sp._C1	SRR1782774	0
Vitreoscilla_sp._C1	SRR1782775	0
Vitreoscilla_sp._C1	SRR1782776	0
Vitreoscilla_sp._C1	SRR1782777	0
Vitreoscilla_sp._C1	SRR1782778	0
Vitreoscilla_sp._C1	SRR1782779	0
Vitreoscilla_sp._C1	SRR1782780	0
Vitreoscilla_sp._C1	SRR1782781	0
Vitreoscilla_sp._C1	SRR1782782	0
Vitreoscilla_sp._C1	SRR1782783	0
Vitreoscilla_sp._C1	SRR1782784	0
Vitreoscilla_sp._C1	SRR1782785	0
Vitreoscilla_sp._C1	SRR1782786	0
Vitreoscilla_sp._C1	SRR1782787	0
Vitreoscilla_sp._C1	SRR1782788	0
Vitreoscilla_sp._C1	SRR1782789	0
Vitreoscilla_sp._C1	SRR1782790	0
Vitreoscilla_sp._C1	SRR1782791	0
Vitreoscilla_sp._C1	SRR1782792	0
Vitreoscilla_sp._C1	SRR1782793	0
Vitreoscilla_sp._C1	SRR1782794	0
Vitreoscilla_sp._C1	SRR1782795	0
Vitreoscilla_sp._C1	SRR1782796	0
Vitreoscilla_sp._C1	SRR1782797	0
Vitreoscilla_sp._C1	SRR1782798	0
Vitreoscilla_sp._C1	SRR1782799	0
Vitreoscilla_sp._C1	SRR1782800	0
Vitreoscilla_sp._C1	SRR1782801	0
Vitreoscilla_sp._C1	SRR1782802	0
Vitreoscilla_sp._C1	SRR1782803	0
Vitreoscilla_sp._C1	SRR1782804	0
Vitreoscilla_sp._C1	SRR1782805	0
Vitreoscilla_sp._C1	SRR1782806	0
Vitreoscilla_sp._C1	SRR1782807	0
Vitreoscilla_sp._C1	SRR1782808	0
Vitreoscilla_sp._C1	SRR1782809	0
Vitreoscilla_sp._C1	SRR1782810	0
Vitreoscilla_sp._C1	SRR1782811	0
Vitreoscilla_sp._C1	SRR1782812	0
Vitreoscilla_sp._C1	SRR1782813	0
Vitreoscilla_sp._C1	SRR1782814	1
Vitreoscilla_sp._C1	SRR1782815	0
Vitreoscilla_sp._C1	SRR1782816	0
Vitreoscilla_sp._C1	SRR1782817	0
Vitreoscilla_sp._C1	SRR1782818	0
Vitreoscilla_sp._C1	SRR1782819	0
Vitreoscilla_sp._C1	SRR1782820	0
Vitreoscilla_sp._C1	SRR1782821	0
Vitreoscilla_sp._C1	SRR1782822	0
Vitreoscilla_sp._C1	SRR1782823	0
Vitreoscilla_sp._C1	SRR1782824	0
Vitreoscilla_sp._C1	SRR1782825	0
Vitreoscilla_sp._C1	SRR1782826	0
Vitreoscilla_sp._C1	SRR1782827	0
Vitreoscilla_sp._C1	SRR1782828	0
Vitreoscilla_sp._C1	SRR1782829	0
Vitreoscilla_sp._C1	SRR1782830	0
Vitreoscilla_sp._C1	SRR1782831	0
Vitreoscilla_sp._C1	SRR1782832	0
Vitreoscilla_sp._C1	SRR1782833	0
Vitreoscilla_sp._C1	SRR1782834	0
Vitreoscilla_sp._C1	SRR1782835	0
Vitreoscilla_sp._C1	SRR1782836	0
Vitreoscilla_sp._C1	SRR1782837	0
Vitreoscilla_sp._C1	SRR1782838	0
Vitreoscilla_sp._C1	SRR1782839	0
Vitreoscilla_sp._C1	SRR1782840	0
Vitreoscilla_sp._C1	SRR1782841	0
Vitreoscilla_sp._C1	SRR1782842	0
Vitreoscilla_sp._C1	SRR1782843	0
Vitreoscilla_sp._C1	SRR1782844	0
Vitreoscilla_sp._C1	SRR1782845	0
Vitreoscilla_sp._C1	SRR1782846	0
Vitreoscilla_sp._C1	SRR1782847	0
Vitreoscilla_sp._C1	SRR1782848	0
Vitreoscilla_sp._C1	SRR1782849	0
Vitreoscilla_sp._C1	SRR1782850	0
Vitreoscilla_sp._C1	SRR1782851	0
Vitreoscilla_sp._C1	SRR1782852	0
Vitreoscilla_sp._C1	SRR1782853	0
Vitreoscilla_sp._C1	SRR1782854	0
Vitreoscilla_sp._C1	SRR1782855	0
Vitreoscilla_sp._C1	SRR1782856	0
Vitreoscilla_sp._C1	SRR1782857	0
Vitreoscilla_sp._C1	SRR1782858	0
Vitreoscilla_sp._C1	SRR1782859	0
Vitreoscilla_sp._C1	SRR1782860	0
Vitreoscilla_sp._C1	SRR1782861	0
Vitreoscilla_sp._C1	SRR1782862	0
Vitreoscilla_sp._C1	SRR1782863	0
Vitreoscilla_sp._C1	SRR1782864	0
Vitreoscilla_sp._C1	SRR1782865	0
Vitreoscilla_sp._C1	SRR1782866	0
Vitreoscilla_sp._C1	SRR1782867	0
Vitreoscilla_sp._C1	SRR1782868	0
Vitreoscilla_sp._C1	SRR1782869	0
Vitreoscilla_sp._C1	SRR1782870	0
Vitreoscilla_sp._C1	SRR1782871	0
Vitreoscilla_sp._C1	SRR1782872	0
Vitreoscilla_sp._C1	SRR1782873	0
Vitreoscilla_sp._C1	SRR1782874	0
Vitreoscilla_sp._C1	SRR1782875	0
Vitreoscilla_sp._C1	SRR1782876	0
Vitreoscilla_sp._C1	SRR1782877	0
Vitreoscilla_sp._C1	SRR1782878	0
Vitreoscilla_sp._C1	SRR1782879	0
Vitreoscilla_sp._C1	SRR1782880	0
Vitreoscilla_sp._C1	SRR1782881	0
Vitreoscilla_sp._C1	SRR1782882	0
Vitreoscilla_sp._C1	SRR1782883	0
Vitreoscilla_sp._C1	SRR1782884	0
Vitreoscilla_sp._C1	SRR1782885	0
Vitreoscilla_sp._C1	SRR1782886	0
Vitreoscilla_sp._C1	SRR1782887	0
Vitreoscilla_sp._C1	SRR1782888	0
Vitreoscilla_sp._C1	SRR1782889	0
Vitreoscilla_sp._C1	SRR1782890	0
Vitreoscilla_sp._C1	SRR1782891	0
Vitreoscilla_sp._C1	SRR1782892	0
Vitreoscilla_sp._C1	SRR1782893	0
Vitreoscilla_sp._C1	SRR1782894	0
Vitreoscilla_sp._C1	SRR1782895	0
Vitreoscilla_sp._C1	SRR1782896	0
Vitreoscilla_sp._C1	SRR1782897	0
Vitreoscilla_sp._C1	SRR1782898	0
Vitreoscilla_sp._C1	SRR1782899	0
Vitreoscilla_sp._C1	SRR1782900	0
Vitreoscilla_sp._C1	SRR1782901	0
Vitreoscilla_sp._C1	SRR1782902	0
Vitreoscilla_sp._C1	SRR1782903	0
Vitreoscilla_sp._C1	SRR1782904	0
Vitreoscilla_sp._C1	SRR1782905	0
Vitreoscilla_sp._C1	SRR1782906	0
Vitreoscilla_sp._C1	SRR1782907	0
Vitreoscilla_sp._C1	SRR1782908	0
Vitreoscilla_sp._C1	SRR1782909	0
Vitreoscilla_sp._C1	SRR1782910	0
Vitreoscilla_sp._C1	SRR1782911	0
Vitreoscilla_sp._C1	SRR1782912	0
Vitreoscilla_sp._C1	SRR1782913	0
Vitreoscilla_sp._C1	SRR1782914	0
Vitreoscilla_sp._C1	SRR1782915	0
Vitreoscilla_sp._C1	SRR1782916	0
Vitreoscilla_sp._C1	SRR1782917	0
Vitreoscilla_sp._C1	SRR1782918	0
Vitreoscilla_sp._C1	SRR1782919	0
Vitreoscilla_sp._C1	SRR1782920	0
Vitreoscilla_sp._C1	SRR1782921	0
Vitreoscilla_sp._C1	SRR1782922	0
Vitreoscilla_sp._C1	SRR1782923	0
Vitreoscilla_sp._C1	SRR1782924	0
Vitreoscilla_sp._C1	SRR1782925	0
Vitreoscilla_sp._C1	SRR1782926	0
Vitreoscilla_sp._C1	SRR1782927	0
Vitreoscilla_sp._C1	SRR1782928	0
Vitreoscilla_sp._C1	SRR1782929	0
Vitreoscilla_sp._C1	SRR1782930	0
Vitreoscilla_sp._C1	SRR1782931	0
Vitreoscilla_sp._C1	SRR1782932	0
Vitreoscilla_sp._C1	SRR1782933	0
Vitreoscilla_sp._C1	SRR1782934	0
Vitreoscilla_sp._C1	SRR1782935	0
Vitreoscilla_sp._C1	SRR1782936	0
Vitreoscilla_sp._C1	SRR1782937	0
Vitreoscilla_sp._C1	SRR1782938	0
Vitreoscilla_sp._C1	SRR1782939	0
Vitreoscilla_sp._C1	SRR1782940	0
Vitreoscilla_sp._C1	SRR1782941	0
Vitreoscilla_sp._C1	SRR1782942	0
Vitreoscilla_sp._C1	SRR1782943	0
Vitreoscilla_sp._C1	SRR1782944	0
Vitreoscilla_sp._C1	SRR1782945	0
Vitreoscilla_sp._C1	SRR1782946	0
Vitreoscilla_sp._C1	SRR1782947	0
Vitreoscilla_sp._C1	SRR1782948	0
Vitreoscilla_sp._C1	SRR1782949	0
Vitreoscilla_sp._C1	SRR1782950	0
Vitreoscilla_sp._C1	SRR1782951	0
Vitreoscilla_sp._C1	SRR1782952	0
Vitreoscilla_sp._C1	SRR1782953	0
Vitreoscilla_sp._C1	SRR1782954	0
Vitreoscilla_sp._C1	SRR1782955	0
Vitreoscilla_sp._C1	SRR1782956	0
Vitreoscilla_sp._C1	SRR1782957	0
Vitreoscilla_sp._C1	SRR1782958	0
Vitreoscilla_sp._C1	SRR1782959	0
Vitreoscilla_sp._C1	SRR1782960	0
Vitreoscilla_sp._C1	SRR1782961	0
Vitreoscilla_sp._C1	SRR1782962	0
Vitreoscilla_sp._C1	SRR1782963	0
Vitreoscilla_sp._C1	SRR1782964	0
Vitreoscilla_sp._C1	SRR1782965	0
Vitreoscilla_sp._C1	SRR1782966	0
Vitreoscilla_sp._C1	SRR1782967	0
Vitreoscilla_sp._C1	SRR1782968	0
Vitreoscilla_sp._C1	SRR1782969	0
Vitreoscilla_sp._C1	SRR1782970	0
Vitreoscilla_sp._C1	SRR1782971	0
Vitreoscilla_sp._C1	SRR1782972	0
Vitreoscilla_sp._C1	SRR1782973	0
Vitreoscilla_sp._C1	SRR1782974	0
Vitreoscilla_sp._C1	SRR1782975	0
Vitreoscilla_sp._C1	SRR1782976	0
Vitreoscilla_sp._C1	SRR1782977	0
Vitreoscilla_sp._C1	SRR1782978	0
Vitreoscilla_sp._C1	SRR1782979	0
Vitreoscilla_sp._C1	SRR1782980	0
Vitreoscilla_sp._C1	SRR1782981	0
Vitreoscilla_sp._C1	SRR1782982	0
Vitreoscilla_sp._C1	SRR1782983	0
Vitreoscilla_sp._C1	SRR1782984	0
Vitreoscilla_sp._C1	SRR1782985	0
Vitreoscilla_sp._C1	SRR1782986	0
Vitreoscilla_sp._C1	SRR1782987	0
Vitreoscilla_sp._C1	SRR1782988	0
Vitreoscilla_sp._C1	SRR1782989	0
Vitreoscilla_sp._C1	SRR1782990	0
Vitreoscilla_sp._C1	SRR1782991	0
Vitreoscilla_sp._C1	SRR1782992	0
Vitreoscilla_sp._C1	SRR1782993	0
Vitreoscilla_sp._C1	SRR1782994	0
Vitreoscilla_sp._C1	SRR1782995	0
Vitreoscilla_sp._C1	SRR1782996	0
Vitreoscilla_sp._C1	SRR1782997	0
Vitreoscilla_sp._C1	SRR1782998	0
Vitreoscilla_sp._C1	SRR1782999	0
Vitreoscilla_sp._C1	SRR1783000	0
Vitreoscilla_sp._C1	SRR1783001	0
Vitreoscilla_sp._C1	SRR1783002	0
Vitreoscilla_sp._C1	SRR1783003	0
Vitreoscilla_sp._C1	SRR1783004	0
Vitreoscilla_sp._C1	SRR1783005	0
Vitreoscilla_sp._C1	SRR1783006	0
Vitreoscilla_sp._C1	SRR1813867	NA
Vitreoscilla_sp._C1	SRR1813868	NA
Vitreoscilla_sp._C1	SRR1813869	NA
Vitreoscilla_sp._C1	SRR1813870	NA
Vitreoscilla_sp._C1	SRR1813871	NA
Vitreoscilla_sp._C1	SRR1813872	NA
Vitreoscilla_sp._C1	SRR1813873	NA
Vitreoscilla_sp._C1	SRR1813874	NA
Vitreoscilla_sp._C1	SRR1813875	NA
Vitreoscilla_sp._C1	SRR1813876	NA
Vitreoscilla_sp._C1	SRR1813877	NA
Vitreoscilla_sp._C1	SRR1813878	NA
Vitreoscilla_sp._C1	SRR1813879	NA
Vitreoscilla_sp._C1	SRR1813880	NA
Vitreoscilla_sp._C1	SRR1813881	NA
Vitreoscilla_sp._C1	SRR1813882	NA
Vitreoscilla_sp._C1	SRR1813883	NA
Vitreoscilla_sp._C1	SRR1813884	NA
Vitreoscilla_sp._C1	SRR1813885	NA
Vitreoscilla_sp._C1	SRR1813886	NA
Vitreoscilla_sp._C1	SRR1813887	NA
Vitreoscilla_sp._C1	SRR1928188	NA
Vitreoscilla_sp._C1	SRR1928189	NA
Vitreoscilla_sp._C1	SRR1928190	NA
Vitreoscilla_sp._C1	SRR1928191	NA
Vitreoscilla_sp._C1	SRR1928192	NA
Vitreoscilla_sp._C1	SRR1928193	NA
Vitreoscilla_sp._C1	SRR2046996	3
Vitreoscilla_sp._C1	SRR2046997	0
Vitreoscilla_sp._C1	SRR2046998	0
Vitreoscilla_sp._C1	SRR2046999	0
Vitreoscilla_sp._C1	SRR2047000	0
Vitreoscilla_sp._C1	SRR2047001	0
Vitreoscilla_sp._C1	SRR2047002	0
Vitreoscilla_sp._C1	SRR2047003	0
Vitreoscilla_sp._C1	SRR2047004	0
Vitreoscilla_sp._C1	SRR2047005	0
Vitreoscilla_sp._C1	SRR2047006	0
Vitreoscilla_sp._C1	SRR2047007	0
Vitreoscilla_sp._C1	SRR2047008	0
Vitreoscilla_sp._C1	SRR2047009	0
Vitreoscilla_sp._C1	SRR2313973	NA
Vitreoscilla_sp._C1	SRR2313974	NA
Vitreoscilla_sp._C1	SRR2313975	NA
Vitreoscilla_sp._C1	SRR2313976	NA
Vitreoscilla_sp._C1	SRR2313977	NA
Vitreoscilla_sp._C1	SRR2313978	NA
Vitreoscilla_sp._C1	SRR2313979	NA
Vitreoscilla_sp._C1	SRR2313980	NA
Vitreoscilla_sp._C1	SRR2313981	NA
Vitreoscilla_sp._C1	SRR2313982	NA
Vitreoscilla_sp._C1	SRR2313983	NA
Vitreoscilla_sp._C1	SRR2313984	NA
Vitreoscilla_sp._C1	SRR2313985	NA
Vitreoscilla_sp._C1	SRR2313986	NA
Vitreoscilla_sp._C1	SRR2313987	NA
Vitreoscilla_sp._C1	SRR2313988	NA
Vitreoscilla_sp._C1	SRR2313989	NA
Vitreoscilla_sp._C1	SRR2313990	NA
Vitreoscilla_sp._C1	SRR2313991	NA
Vitreoscilla_sp._C1	SRR2313992	NA
Vitreoscilla_sp._C1	SRR2313993	NA
Vitreoscilla_sp._C1	SRR2313994	NA
Vitreoscilla_sp._C1	SRR2313995	NA
Vitreoscilla_sp._C1	SRR2313996	NA
Vitreoscilla_sp._C1	SRR2313997	NA
Vitreoscilla_sp._C1	SRR2313998	NA
Vitreoscilla_sp._C1	SRR2313999	NA
Vitreoscilla_sp._C1	SRR2314000	NA
Vitreoscilla_sp._C1	SRR2314001	NA
Vitreoscilla_sp._C1	SRR2314002	NA
Vitreoscilla_sp._C1	SRR2314003	NA
Vitreoscilla_sp._C1	SRR2314004	NA
Vitreoscilla_sp._C1	SRR2314005	NA
Vitreoscilla_sp._C1	SRR2314006	NA
Vitreoscilla_sp._C1	SRR2314007	NA
Vitreoscilla_sp._C1	SRR2314008	NA
Vitreoscilla_sp._C1	SRR2314009	NA
Vitreoscilla_sp._C1	SRR2314010	NA
Vitreoscilla_sp._C1	SRR2314011	NA
Vitreoscilla_sp._C1	SRR2314012	NA
Vitreoscilla_sp._C1	SRR2314013	NA
Vitreoscilla_sp._C1	SRR2314014	NA
Vitreoscilla_sp._C1	SRR2314015	NA
Vitreoscilla_sp._C1	SRR2314016	NA
Vitreoscilla_sp._C1	SRR2314017	NA
Vitreoscilla_sp._C1	SRR2314018	NA
Vitreoscilla_sp._C1	SRR2314019	NA
Vitreoscilla_sp._C1	SRR2314020	NA
Vitreoscilla_sp._C1	SRR2314021	NA
Vitreoscilla_sp._C1	SRR2314022	NA
Vitreoscilla_sp._C1	SRR2314023	NA
Vitreoscilla_sp._C1	SRR2314024	NA
Vitreoscilla_sp._C1	SRR2314025	NA
Vitreoscilla_sp._C1	SRR2314026	NA
Vitreoscilla_sp._C1	SRR2314027	NA
Vitreoscilla_sp._C1	SRR2314028	NA
Vitreoscilla_sp._C1	SRR2314029	NA
Vitreoscilla_sp._C1	SRR2314030	NA
Vitreoscilla_sp._C1	SRR2314031	NA
Vitreoscilla_sp._C1	SRR2314032	NA
Vitreoscilla_sp._C1	SRR2314033	NA
Vitreoscilla_sp._C1	SRR2314034	NA
Vitreoscilla_sp._C1	SRR2314035	NA
Vitreoscilla_sp._C1	SRR2314036	NA
Vitreoscilla_sp._C1	SRR2314037	NA
Vitreoscilla_sp._C1	SRR2314038	NA
Vitreoscilla_sp._C1	SRR2314039	NA
Vitreoscilla_sp._C1	SRR2314040	NA
Vitreoscilla_sp._C1	SRR2314041	NA
Vitreoscilla_sp._C1	SRR2314042	NA
Vitreoscilla_sp._C1	SRR2314043	NA
Vitreoscilla_sp._C1	SRR2314044	NA
Vitreoscilla_sp._C1	SRR2314045	NA
Vitreoscilla_sp._C1	SRR3493774	0
Vitreoscilla_sp._C1	SRR3493775	0
Vitreoscilla_sp._C1	SRR3493776	0
Vitreoscilla_sp._C1	SRR3493777	0
Vitreoscilla_sp._C1	SRR3493778	0
Vitreoscilla_sp._C1	SRR3493779	0
Vitreoscilla_sp._C1	SRR3493780	0
Vitreoscilla_sp._C1	SRR3493781	0
Vitreoscilla_sp._C1	SRR3493782	0
Vitreoscilla_sp._C1	SRR3493783	0
Vitreoscilla_sp._C1	SRR3493784	0
Vitreoscilla_sp._C1	SRR3493785	0
Vitreoscilla_sp._C1	SRR3493786	0
Vitreoscilla_sp._C1	SRR3493787	0
Vitreoscilla_sp._C1	SRR3493788	0
Vitreoscilla_sp._C1	SRR3493789	0
Vitreoscilla_sp._C1	SRR3493790	0
Vitreoscilla_sp._C1	SRR3493791	0
Vitreoscilla_sp._C1	SRR3493792	0
Vitreoscilla_sp._C1	SRR3493793	1
Vitreoscilla_sp._C1	SRR3493794	1
Vitreoscilla_sp._C1	SRR3493795	2
Vitreoscilla_sp._C1	SRR3493796	0
Vitreoscilla_sp._C1	SRR3493797	1
Vitreoscilla_sp._C1	SRR3493798	0
Vitreoscilla_sp._C1	SRR3493799	0
Vitreoscilla_sp._C1	SRR3493800	0
Vitreoscilla_sp._C1	SRR3493801	0
Vitreoscilla_sp._C1	SRR3493802	0
Vitreoscilla_sp._C1	SRR3493803	3
Vitreoscilla_sp._C1	SRR3493804	0
Vitreoscilla_sp._C1	SRR3493805	0
Vitreoscilla_sp._C1	SRR3493806	0
Vitreoscilla_sp._C1	SRR3493807	0
Vitreoscilla_sp._C1	SRR3493808	1
Vitreoscilla_sp._C1	SRR3493809	1
Vitreoscilla_sp._C1	SRR3493810	0
Vitreoscilla_sp._C1	SRR3493811	1
Vitreoscilla_sp._C1	SRR3493812	0
Vitreoscilla_sp._C1	SRR3493813	1
Vitreoscilla_sp._C1	SRR3493814	0
Vitreoscilla_sp._C1	SRR3493815	0
Vitreoscilla_sp._C1	SRR3493816	2
Vitreoscilla_sp._C1	SRR3493817	0
Vitreoscilla_sp._C1	SRR3493818	1
Vitreoscilla_sp._C1	SRR3493819	1
Vitreoscilla_sp._C1	SRR3493820	0
Vitreoscilla_sp._C1	SRR3493821	2
Vitreoscilla_sp._C1	SRR3493822	0
Vitreoscilla_sp._C1	SRR3493823	0
Vitreoscilla_sp._C1	SRR3493824	0
Vitreoscilla_sp._C1	SRR3493825	0
Vitreoscilla_sp._C1	SRR3493826	0
Vitreoscilla_sp._C1	SRR3493827	0
Vitreoscilla_sp._C1	SRR3493828	3
Vitreoscilla_sp._C1	SRR3493829	1
Vitreoscilla_sp._C1	SRR3493830	0
Vitreoscilla_sp._C1	SRR3493831	1
Vitreoscilla_sp._C1	SRR3493832	1
Vitreoscilla_sp._C1	SRR3493833	0
Vitreoscilla_sp._C1	SRR3493834	1
Vitreoscilla_sp._C1	SRR3493835	6
Vitreoscilla_sp._C1	SRR3493836	1
Vitreoscilla_sp._C1	SRR3493837	0
Vitreoscilla_sp._C1	SRR3493838	0
Vitreoscilla_sp._C1	SRR3493839	0
Vitreoscilla_sp._C1	SRR3493840	0
Vitreoscilla_sp._C1	SRR3493841	0
Vitreoscilla_sp._C1	SRR3493846	0
Vitreoscilla_sp._C1	SRR3493847	0
Vitreoscilla_sp._C1	SRR3493848	0
Vitreoscilla_sp._C1	SRR3493849	2
Vitreoscilla_sp._C1	SRR3493850	0
Vitreoscilla_sp._C1	SRR3714631	NA
Vitreoscilla_sp._C1	SRR3714632	NA
Vitreoscilla_sp._C1	SRR3714633	NA
Vitreoscilla_sp._C1	SRR3714634	NA
Vitreoscilla_sp._C1	SRR3714635	NA
Vitreoscilla_sp._C1	SRR3714636	NA
Vitreoscilla_sp._C1	SRR3714637	NA
Vitreoscilla_sp._C1	SRR3714638	NA
Vitreoscilla_sp._C1	SRR3714639	NA
Vitreoscilla_sp._C1	SRR3714640	NA
Vitreoscilla_sp._C1	SRR3714641	NA
Vitreoscilla_sp._C1	SRR3714642	NA
Vitreoscilla_sp._C1	SRR3714643	NA
Vitreoscilla_sp._C1	SRR3714644	NA
Vitreoscilla_sp._C1	SRR3714645	NA
Vitreoscilla_sp._C1	SRR3714646	NA
Vitreoscilla_sp._C1	SRR3714648	NA
Vitreoscilla_sp._C1	SRR3714649	NA
Vitreoscilla_sp._C1	SRR3714650	NA
Vitreoscilla_sp._C1	SRR3714651	NA
Vitreoscilla_sp._C1	SRR3714652	NA
Vitreoscilla_sp._C1	SRR3714653	NA
Vitreoscilla_sp._C1	SRR3714654	NA
Vitreoscilla_sp._C1	SRR3714655	NA
Vitreoscilla_sp._C1	SRR3714656	NA
Vitreoscilla_sp._C1	SRR3714657	NA
Vitreoscilla_sp._C1	SRR3714658	NA
Vitreoscilla_sp._C1	SRR3714659	NA
Vitreoscilla_sp._C1	SRR3714660	NA
Vitreoscilla_sp._C1	SRR3714661	NA
Vitreoscilla_sp._C1	SRR3714662	NA
Vitreoscilla_sp._C1	SRR3714663	NA
Vitreoscilla_sp._C1	SRR3714664	NA
Vitreoscilla_sp._C1	SRR3714665	NA
Vitreoscilla_sp._C1	SRR3714666	NA
Vitreoscilla_sp._C1	SRR3714667	NA
Vitreoscilla_sp._C1	SRR3714668	NA
Vitreoscilla_sp._C1	SRR3714669	NA
Vitreoscilla_sp._C1	SRR3714670	NA
Vitreoscilla_sp._C1	SRR3714671	NA
Vitreoscilla_sp._C1	SRR3714672	NA
Vitreoscilla_sp._C1	SRR3714673	NA
Vitreoscilla_sp._C1	SRR3714674	NA
Vitreoscilla_sp._C1	SRR3714675	NA
Vitreoscilla_sp._C1	SRR3714676	NA
Vitreoscilla_sp._C1	SRR3714677	NA
Vitreoscilla_sp._C1	SRR3714678	NA
Vitreoscilla_sp._C1	SRR3714679	NA
Vitreoscilla_sp._C1	SRR3714680	NA
Vitreoscilla_sp._C1	SRR3714681	NA
Vitreoscilla_sp._C1	SRR3714682	NA
Vitreoscilla_sp._C1	SRR3714683	NA
Vitreoscilla_sp._C1	SRR3714684	NA
Vitreoscilla_sp._C1	SRR3714685	NA
Vitreoscilla_sp._C1	SRR3714686	NA
Vitreoscilla_sp._C1	SRR3714688	NA
Vitreoscilla_sp._C1	SRR3714689	NA
Vitreoscilla_sp._C1	SRR3714690	NA
Vitreoscilla_sp._C1	SRR3714691	NA
Vitreoscilla_sp._C1	SRR3714692	NA
Vitreoscilla_sp._C1	SRR3714693	NA
Vitreoscilla_sp._C1	SRR3714694	NA
Vitreoscilla_sp._C1	SRR3714695	NA
Vitreoscilla_sp._C1	SRR3714696	NA
Vitreoscilla_sp._C1	SRR3714697	NA
Vitreoscilla_sp._C1	SRR3714698	NA
Vitreoscilla_sp._C1	SRR3714699	NA
Vitreoscilla_sp._C1	SRR3714700	NA
Vitreoscilla_sp._C1	SRR3714701	NA
Vitreoscilla_sp._C1	SRR3714702	NA
Vitreoscilla_sp._C1	SRR3714703	NA
Vitreoscilla_sp._C1	SRR3714704	NA
Vitreoscilla_sp._C1	SRR3714705	NA
Vitreoscilla_sp._C1	SRR3714706	NA
Vitreoscilla_sp._C1	SRR3714707	NA
Vitreoscilla_sp._C1	SRR3714708	NA
Vitreoscilla_sp._C1	SRR3714709	NA
Vitreoscilla_sp._C1	SRR3714710	NA
Vitreoscilla_sp._C1	SRR3714711	NA
Vitreoscilla_sp._C1	SRR3714712	NA
Vitreoscilla_sp._C1	SRR3714713	NA
Vitreoscilla_sp._C1	SRR3714714	NA
Vitreoscilla_sp._C1	SRR3714715	NA
Vitreoscilla_sp._C1	SRR3714716	NA
Vitreoscilla_sp._C1	SRR3714717	NA
Vitreoscilla_sp._C1	SRR3714718	NA
Vitreoscilla_sp._C1	SRR3714719	NA
Vitreoscilla_sp._C1	SRR3714720	NA
Vitreoscilla_sp._C1	SRR3714721	NA
Vitreoscilla_sp._C1	SRR3714723	NA
Vitreoscilla_sp._C1	SRR3714724	NA
Vitreoscilla_sp._C1	SRR3714725	NA
Vitreoscilla_sp._C1	SRR3714726	NA
Vitreoscilla_sp._C1	SRR3714727	NA
Vitreoscilla_sp._C1	SRR3714728	NA
Vitreoscilla_sp._C1	SRR3714729	NA
Vitreoscilla_sp._C1	SRR3714730	NA
Vitreoscilla_sp._C1	SRR3714731	NA
Vitreoscilla_sp._C1	SRR3714732	NA
Vitreoscilla_sp._C1	SRR3714734	NA
Vitreoscilla_sp._C1	SRR3714735	NA
Vitreoscilla_sp._C1	SRR3714736	NA
Vitreoscilla_sp._C1	SRR3714737	NA
Vitreoscilla_sp._C1	SRR3714738	NA
Vitreoscilla_sp._C1	SRR3714739	NA
Vitreoscilla_sp._C1	SRR3714740	NA
Vitreoscilla_sp._C1	SRR3714741	NA
Vitreoscilla_sp._C1	SRR3714744	NA
Vitreoscilla_sp._C1	SRR3714745	NA
Vitreoscilla_sp._C1	SRR3714746	NA
Vitreoscilla_sp._C1	SRR3714747	NA
Vitreoscilla_sp._C1	SRR3714748	NA
Vitreoscilla_sp._C1	SRR3714749	NA
Vitreoscilla_sp._C1	SRR3714750	NA
Vitreoscilla_sp._C1	SRR3714751	NA
Vitreoscilla_sp._C1	SRR3714752	NA
Vitreoscilla_sp._C1	SRR3714753	NA
Vitreoscilla_sp._C1	SRR3714754	NA
Vitreoscilla_sp._C1	SRR3714755	NA
Vitreoscilla_sp._C1	SRR3714756	NA
Vitreoscilla_sp._C1	SRR3714757	NA
Vitreoscilla_sp._C1	SRR3714758	NA
Vitreoscilla_sp._C1	SRR3714759	NA
Vitreoscilla_sp._C1	SRR3714760	NA
Vitreoscilla_sp._C1	SRR3714761	NA
Vitreoscilla_sp._C1	SRR3714762	NA
Vitreoscilla_sp._C1	SRR3714764	NA
Vitreoscilla_sp._C1	SRR3714765	NA
Vitreoscilla_sp._C1	SRR3714766	NA
Vitreoscilla_sp._C1	SRR3714767	NA
Vitreoscilla_sp._C1	SRR3714768	NA
Vitreoscilla_sp._C1	SRR5176628	0
Vitreoscilla_sp._C1	SRR5176629	0
Vitreoscilla_sp._C1	SRR5176630	0
Vitreoscilla_sp._C1	SRR5176631	0
Vitreoscilla_sp._C1	SRR5176632	0
Vitreoscilla_sp._C1	SRR5176633	0
Vitreoscilla_sp._C1	SRR5176634	0
Vitreoscilla_sp._C1	SRR5176635	0
Vitreoscilla_sp._C1	SRR5176636	0
Vitreoscilla_sp._C1	SRR5176637	0
Vitreoscilla_sp._C1	SRR5176638	0
Vitreoscilla_sp._C1	SRR5176639	0
Vitreoscilla_sp._C1	SRR5176640	0
Vitreoscilla_sp._C1	SRR5176641	0
Vitreoscilla_sp._C1	SRR5176642	0
Vitreoscilla_sp._C1	SRR5176643	0
Vitreoscilla_sp._C1	SRR5176644	0
Vitreoscilla_sp._C1	SRR5176645	0
Vitreoscilla_sp._C1	SRR5176646	0
Vitreoscilla_sp._C1	SRR5176647	0
Vitreoscilla_sp._C1	SRR5176648	0
Vitreoscilla_sp._C1	SRR5176649	0
Vitreoscilla_sp._C1	SRR5176650	0
Vitreoscilla_sp._C1	SRR5176651	0
Vitreoscilla_sp._C1	SRR5176652	0
Vitreoscilla_sp._C1	SRR5176653	0
Vitreoscilla_sp._C1	SRR5176654	0
Vitreoscilla_sp._C1	SRR5176655	0
Vitreoscilla_sp._C1	SRR5176656	0
Vitreoscilla_sp._C1	SRR5176657	0
Vitreoscilla_sp._C1	SRR5176658	0
Vitreoscilla_sp._C1	SRR5176659	0
Vitreoscilla_sp._C1	SRR5176660	0
Vitreoscilla_sp._C1	SRR5176661	0
Vitreoscilla_sp._C1	SRR5176662	0
Vitreoscilla_sp._C1	SRR5176663	0
Vitreoscilla_sp._C1	SRR5176664	0
Vitreoscilla_sp._C1	SRR5176665	0
Vitreoscilla_sp._C1	SRR5176666	0
Vitreoscilla_sp._C1	SRR5176667	0
Vitreoscilla_sp._C1	SRR5176668	0
Vitreoscilla_sp._C1	SRR5176669	0
Vitreoscilla_sp._C1	SRR5176670	0
Vitreoscilla_sp._C1	SRR5176671	0
Vitreoscilla_sp._C1	SRR5176672	0
Vitreoscilla_sp._C1	SRR5176673	0
Vitreoscilla_sp._C1	SRR5176674	0
Vitreoscilla_sp._C1	SRR5176675	0
Vitreoscilla_sp._C1	SRR5176676	0
Vitreoscilla_sp._C1	SRR5176677	0
Vitreoscilla_sp._C1	SRR5176678	0
Vitreoscilla_sp._C1	SRR5176679	0
Vitreoscilla_sp._C1	SRR5176680	0
Vitreoscilla_sp._C1	SRR5176681	0
Vitreoscilla_sp._C1	SRR5176682	0
Vitreoscilla_sp._C1	SRR5176683	0
Vitreoscilla_sp._C1	SRR5176684	0
Vitreoscilla_sp._C1	SRR5176685	0
Vitreoscilla_sp._C1	SRR5176686	0
Vitreoscilla_sp._C1	SRR5176687	0
Vitreoscilla_sp._C1	SRR5176688	0
Vitreoscilla_sp._C1	SRR5176689	0
Vitreoscilla_sp._C1	SRR5176690	0
Vitreoscilla_sp._C1	SRR5176691	0
Vitreoscilla_sp._C1	SRR5176692	0
Vitreoscilla_sp._C1	SRR5176693	0
Vitreoscilla_sp._C1	SRR5176694	0
Vitreoscilla_sp._C1	SRR5176695	0
Vitreoscilla_sp._C1	SRR5176696	0
Vitreoscilla_sp._C1	SRR5176697	0
Vitreoscilla_sp._C1	SRR5176698	0
Vitreoscilla_sp._C1	SRR5176699	0
Vitreoscilla_sp._C1	SRR5176700	0
Vitreoscilla_sp._C1	SRR5176701	0
Vitreoscilla_sp._C1	SRR5176702	0
Vitreoscilla_sp._C1	SRR5176703	0
Vitreoscilla_sp._C1	SRR5176704	0
Vitreoscilla_sp._C1	SRR5176705	0
Vitreoscilla_sp._C1	SRR5176706	0
Vitreoscilla_sp._C1	SRR5176707	0
Vitreoscilla_sp._C1	SRR5176708	0
Vitreoscilla_sp._C1	SRR5176709	0
Vitreoscilla_sp._C1	SRR5176710	0
Vitreoscilla_sp._C1	SRR5176711	0
Vitreoscilla_sp._C1	SRR5176712	0
Vitreoscilla_sp._C1	SRR5176713	0
Vitreoscilla_sp._C1	SRR5176714	0
Vitreoscilla_sp._C1	SRR5176715	0
Vitreoscilla_sp._C1	SRR5176716	0
Vitreoscilla_sp._C1	SRR5176717	0
Vitreoscilla_sp._C1	SRR5176718	0
Vitreoscilla_sp._C1	SRR5176719	0
Vitreoscilla_sp._C1	SRR5176720	0
Vitreoscilla_sp._C1	SRR5176721	0
Vitreoscilla_sp._C1	SRR5176722	0
Vitreoscilla_sp._C1	SRR5176723	0
Vitreoscilla_sp._C1	SRR5176724	0
Vitreoscilla_sp._C1	SRR5176725	0
Vitreoscilla_sp._C1	SRR5176726	0
Vitreoscilla_sp._C1	SRR5176727	0
Vitreoscilla_sp._C1	SRR5176728	0
Vitreoscilla_sp._C1	SRR5176729	0
Vitreoscilla_sp._C1	SRR5176730	0
Vitreoscilla_sp._C1	SRR5176731	0
Vitreoscilla_sp._C1	SRR5176732	0
Vitreoscilla_sp._C1	SRR5176733	0
Vitreoscilla_sp._C1	SRR5176734	0
Vitreoscilla_sp._C1	SRR5176735	0
Vitreoscilla_sp._C1	SRR5176736	0
Vitreoscilla_sp._C1	SRR5176737	0
Vitreoscilla_sp._C1	SRR5176738	0
Vitreoscilla_sp._C1	SRR5176739	0
Vitreoscilla_sp._C1	SRR5176740	0
Vitreoscilla_sp._C1	SRR5176741	0
Vitreoscilla_sp._C1	SRR5176742	0
Vitreoscilla_sp._C1	SRR5176743	0
Vitreoscilla_sp._C1	SRR5176744	0
Vitreoscilla_sp._C1	SRR5176745	0
Vitreoscilla_sp._C1	SRR5176746	0
Vitreoscilla_sp._C1	SRR5176747	0
Vitreoscilla_sp._C1	SRR5176748	0
Vitreoscilla_sp._C1	SRR5176749	0
Vitreoscilla_sp._C1	SRR5176750	0
Vitreoscilla_sp._C1	SRR5176751	0
Vitreoscilla_sp._C1	SRR5176752	0
Vitreoscilla_sp._C1	SRR5176753	0
Vitreoscilla_sp._C1	SRR5176754	0
Vitreoscilla_sp._C1	SRR5176755	0
Vitreoscilla_sp._C1	SRR5176756	1
Vitreoscilla_sp._C1	SRR5176757	0
Vitreoscilla_sp._C1	SRR5176758	0
Vitreoscilla_sp._C1	SRR5176759	0
Vitreoscilla_sp._C1	SRR5176760	0
Vitreoscilla_sp._C1	SRR5176761	0
Vitreoscilla_sp._C1	SRR5176762	0
Vitreoscilla_sp._C1	SRR5176763	0
Vitreoscilla_sp._C1	SRR5176764	0
Vitreoscilla_sp._C1	SRR5176765	0
Vitreoscilla_sp._C1	SRR5176766	0
Vitreoscilla_sp._C1	SRR5176767	0
Vitreoscilla_sp._C1	SRR5176768	0
Vitreoscilla_sp._C1	SRR5176769	0
Vitreoscilla_sp._C1	SRR5176770	0
Vitreoscilla_sp._C1	SRR5176771	0
Vitreoscilla_sp._C1	SRR5176772	0
Vitreoscilla_sp._C1	SRR5176773	0
Vitreoscilla_sp._C1	SRR5176774	0
Vitreoscilla_sp._C1	SRR5176775	0
Vitreoscilla_sp._C1	SRR5176776	0
Vitreoscilla_sp._C1	SRR5176777	0
Vitreoscilla_sp._C1	SRR5176778	0
Vitreoscilla_sp._C1	SRR5176779	0
Vitreoscilla_sp._C1	SRR5176780	0
Vitreoscilla_sp._C1	SRR5176781	0
Vitreoscilla_sp._C1	SRR5176782	0
Vitreoscilla_sp._C1	SRR5176783	0
Vitreoscilla_sp._C1	SRR5176784	0
Vitreoscilla_sp._C1	SRR5176785	0
Vitreoscilla_sp._C1	SRR5176786	0
Vitreoscilla_sp._C1	SRR5176787	0
Vitreoscilla_sp._C1	SRR5176788	0
Vitreoscilla_sp._C1	SRR5176789	0
Vitreoscilla_sp._C1	SRR5176790	0
Vitreoscilla_sp._C1	SRR5176791	0
Vitreoscilla_sp._C1	SRR5176792	0
Vitreoscilla_sp._C1	SRR5176793	0
Vitreoscilla_sp._C1	SRR5176794	0
Vitreoscilla_sp._C1	SRR5176795	0
Vitreoscilla_sp._C1	SRR5176796	0
Vitreoscilla_sp._C1	SRR5176797	0
Vitreoscilla_sp._C1	SRR5176798	0
Vitreoscilla_sp._C1	SRR5176799	0
Vitreoscilla_sp._C1	SRR5176800	0
Vitreoscilla_sp._C1	SRR5176801	0
Vitreoscilla_sp._C1	SRR5176802	0
Vitreoscilla_sp._C1	SRR5176803	0
Vitreoscilla_sp._C1	SRR5176804	0
Vitreoscilla_sp._C1	SRR5176805	0
Vitreoscilla_sp._C1	SRR5176806	0
Vitreoscilla_sp._C1	SRR5176807	0
Vitreoscilla_sp._C1	SRR5176808	0
Vitreoscilla_sp._C1	SRR5176809	0
Vitreoscilla_sp._C1	SRR5176810	0
Vitreoscilla_sp._C1	SRR5176811	0
Vitreoscilla_sp._C1	SRR5176812	0
Vitreoscilla_sp._C1	SRR5176813	0
Vitreoscilla_sp._C1	SRR5176814	0
Vitreoscilla_sp._C1	SRR5176815	0
Vitreoscilla_sp._C1	SRR5176816	0
Vitreoscilla_sp._C1	SRR5176817	0
Vitreoscilla_sp._C1	SRR5176818	0
Vitreoscilla_sp._C1	SRR5176819	0
Vitreoscilla_sp._C1	SRR5176820	0
Vitreoscilla_sp._C1	SRR5176821	0
Vitreoscilla_sp._C1	SRR5176822	0
Vitreoscilla_sp._C1	SRR5176823	0
Vitreoscilla_sp._C1	SRR5176824	0
Vitreoscilla_sp._C1	SRR5176825	0
Vitreoscilla_sp._C1	SRR5176826	0
Vitreoscilla_sp._C1	SRR5176827	0
Vitreoscilla_sp._C1	SRR5176828	0
Vitreoscilla_sp._C1	SRR5176829	0
Vitreoscilla_sp._C1	SRR5176830	0
Vitreoscilla_sp._C1	SRR5176831	0
Vitreoscilla_sp._C1	SRR5176832	0
Vitreoscilla_sp._C1	SRR5176833	0
Vitreoscilla_sp._C1	SRR5176834	0
Vitreoscilla_sp._C1	SRR5176835	0
Vitreoscilla_sp._C1	SRR5176836	0
Vitreoscilla_sp._C1	SRR5176837	0
Vitreoscilla_sp._C1	SRR5176838	0
Vitreoscilla_sp._C1	SRR5176839	0
Vitreoscilla_sp._C1	SRR5176840	0
Vitreoscilla_sp._C1	SRR5176841	0
Vitreoscilla_sp._C1	SRR5176842	0
Vitreoscilla_sp._C1	SRR5176843	0
Vitreoscilla_sp._C1	SRR5176844	0
Vitreoscilla_sp._C1	SRR5176845	0
Vitreoscilla_sp._C1	SRR5176846	0
Vitreoscilla_sp._C1	SRR5176847	0
Vitreoscilla_sp._C1	SRR5176848	0
Vitreoscilla_sp._C1	SRR5176849	0
Vitreoscilla_sp._C1	SRR5176850	0
Vitreoscilla_sp._C1	SRR5176851	0
Vitreoscilla_sp._C1	SRR5176852	0
Vitreoscilla_sp._C1	SRR5176853	0
Vitreoscilla_sp._C1	SRR5176854	0
Vitreoscilla_sp._C1	SRR5176855	0
Vitreoscilla_sp._C1	SRR5176856	0
Vitreoscilla_sp._C1	SRR5176857	0
Vitreoscilla_sp._C1	SRR5176858	0
Vitreoscilla_sp._C1	SRR5176859	0
Vitreoscilla_sp._C1	SRR5176860	0
Vitreoscilla_sp._C1	SRR5176861	0
Vitreoscilla_sp._C1	SRR5176862	0
Vitreoscilla_sp._C1	SRR5176863	0
Vitreoscilla_sp._C1	SRR5176864	0
Vitreoscilla_sp._C1	SRR5176865	0
Vitreoscilla_sp._C1	SRR5176866	0
Vitreoscilla_sp._C1	SRR5176867	0
Vitreoscilla_sp._C1	SRR5176868	0
Vitreoscilla_sp._C1	SRR5176869	0
Vitreoscilla_sp._C1	SRR5176870	0
Vitreoscilla_sp._C1	SRR5176871	0
Vitreoscilla_sp._C1	SRR5176872	0
Vitreoscilla_sp._C1	SRR5861974	NA
Vitreoscilla_sp._C1	SRR5861975	NA
Vitreoscilla_sp._C1	SRR5861976	NA
Vitreoscilla_sp._C1	SRR5861977	NA
Vitreoscilla_sp._C1	SRR5861978	NA
Vitreoscilla_sp._C1	SRR5861979	NA
Vitreoscilla_sp._C1	SRR5861980	NA
Vitreoscilla_sp._C1	SRR5861981	NA
Vitreoscilla_sp._C1	SRR5861982	NA
Vitreoscilla_sp._C1	SRR5861983	NA
Vitreoscilla_sp._C1	SRR5861984	NA
Vitreoscilla_sp._C1	SRR5861985	NA
Vitreoscilla_sp._C1	SRR5861986	NA
Vitreoscilla_sp._C1	SRR5861987	NA
Vitreoscilla_sp._C1	SRR5861988	NA
Vitreoscilla_sp._C1	SRR5861989	NA
Vitreoscilla_sp._C1	SRR5861990	NA
Vitreoscilla_sp._C1	SRR5861991	NA
Vitreoscilla_sp._C1	SRR5861992	NA
Vitreoscilla_sp._C1	SRR5861993	NA
Vitreoscilla_sp._C1	SRR5861994	NA
Vitreoscilla_sp._C1	SRR5861995	NA
Vitreoscilla_sp._C1	SRR5861996	NA
Vitreoscilla_sp._C1	SRR5861997	NA
Vitreoscilla_sp._C1	SRR5861998	NA
Vitreoscilla_sp._C1	SRR5861999	NA
Vitreoscilla_sp._C1	SRR5862000	NA
Vitreoscilla_sp._C1	SRR5862001	NA
Vitreoscilla_sp._C1	SRR5862002	NA
Vitreoscilla_sp._C1	SRR5862003	NA
Vitreoscilla_sp._C1	SRR5862004	NA
Vitreoscilla_sp._C1	SRR5862005	NA
Vitreoscilla_sp._C1	SRR5862006	NA
Vitreoscilla_sp._C1	SRR5862007	NA
Vitreoscilla_sp._C1	SRR5862008	NA
Vitreoscilla_sp._C1	SRR5862009	NA
Vitreoscilla_sp._C1	SRR5862010	NA
Vitreoscilla_sp._C1	SRR5862011	NA
Vitreoscilla_sp._C1	SRR5862012	NA
Vitreoscilla_sp._C1	SRR5862013	NA
Vitreoscilla_sp._C1	SRR5862014	NA
Vitreoscilla_sp._C1	SRR5862015	NA
Vitreoscilla_sp._C1	SRR5862016	NA
Vitreoscilla_sp._C1	SRR5862017	NA
Vitreoscilla_sp._C1	SRR5862018	NA
Vitreoscilla_sp._C1	SRR5862019	NA
Vitreoscilla_sp._C1	SRR5862020	NA
Vitreoscilla_sp._C1	SRR5862021	NA
Vitreoscilla_sp._C1	SRR5862022	NA
Vitreoscilla_sp._C1	SRR5862023	NA
Vitreoscilla_sp._C1	SRR5862024	NA
Vitreoscilla_sp._C1	SRR5862025	NA
Vitreoscilla_sp._C1	SRR5862026	NA
Vitreoscilla_sp._C1	SRR5862027	NA
Vitreoscilla_sp._C1	SRR5862028	NA
Vitreoscilla_sp._C1	SRR5862029	NA
Vitreoscilla_sp._C1	SRR5862030	NA
Vitreoscilla_sp._C1	SRR5862031	NA
Vitreoscilla_sp._C1	SRR5862032	NA
Vitreoscilla_sp._C1	SRR5862033	NA
Vitreoscilla_sp._C1	SRR5862034	NA
Vitreoscilla_sp._C1	SRR5862035	NA
Vitreoscilla_sp._C1	SRR5862036	NA
Vitreoscilla_sp._C1	SRR5862037	NA
Vitreoscilla_sp._C1	SRR5862038	NA
Vitreoscilla_sp._C1	SRR5862039	NA
Vitreoscilla_sp._C1	SRR5862040	NA
Vitreoscilla_sp._C1	SRR5862041	NA
Vitreoscilla_sp._C1	SRR5862042	NA
Vitreoscilla_sp._C1	SRR5862043	NA
Vitreoscilla_sp._C1	SRR5862044	NA
Vitreoscilla_sp._C1	SRR5862045	NA
Vitreoscilla_sp._C1	SRR5862046	NA
Vitreoscilla_sp._C1	SRR5862047	NA
Vitreoscilla_sp._C1	SRR5862048	NA
Vitreoscilla_sp._C1	SRR5862049	NA
Vitreoscilla_sp._C1	SRR5862050	NA
Vitreoscilla_sp._C1	SRR5862051	NA
Vitreoscilla_sp._C1	SRR5862052	NA
Vitreoscilla_sp._C1	SRR5862053	NA
Vitreoscilla_sp._C1	SRR5862054	NA
Vitreoscilla_sp._C1	SRR5862055	NA
Vitreoscilla_sp._C1	SRR5862056	NA
Vitreoscilla_sp._C1	SRR5862057	NA
Vitreoscilla_sp._C1	SRR5862058	NA
Vitreoscilla_sp._C1	SRR5862059	NA
Vitreoscilla_sp._C1	SRR5862060	NA
Vitreoscilla_sp._C1	SRR5862061	NA
Vitreoscilla_sp._C1	SRR5862062	NA
Vitreoscilla_sp._C1	SRR5862063	NA
Vitreoscilla_sp._C1	SRR5862064	NA
Vitreoscilla_sp._C1	SRR5862065	NA
Vitreoscilla_sp._C1	SRR5862066	NA
Vitreoscilla_sp._C1	SRR5862067	NA
Vitreoscilla_sp._C1	SRR5862068	NA
Vitreoscilla_sp._C1	SRR5862069	NA
Vitreoscilla_sp._C1	SRR5862070	NA
Vitreoscilla_sp._C1	SRR5862071	NA
Vitreoscilla_sp._C1	SRR5862072	NA
Vitreoscilla_sp._C1	SRR5862073	NA
Vitreoscilla_sp._C1	SRR5862074	NA
Vitreoscilla_sp._C1	SRR5862075	NA
Vitreoscilla_sp._C1	SRR5862076	NA
Vitreoscilla_sp._C1	SRR5862077	NA
Vitreoscilla_sp._C1	SRR5862078	NA
Vitreoscilla_sp._C1	SRR5862079	NA
Vitreoscilla_sp._C1	SRR5862080	NA
Vitreoscilla_sp._C1	SRR5862081	NA
Vitreoscilla_sp._C1	SRR5862082	NA
Vitreoscilla_sp._C1	SRR5862083	NA
Vitreoscilla_sp._C1	SRR5862084	NA
Vitreoscilla_sp._C1	SRR5862085	NA
Vitreoscilla_sp._C1	SRR5862086	NA
Vitreoscilla_sp._C1	SRR5862087	NA
Vitreoscilla_sp._C1	SRR5862088	NA
Vitreoscilla_sp._C1	SRR5862089	NA
Vitreoscilla_sp._C1	SRR5862090	NA
Vitreoscilla_sp._C1	SRR5862091	NA
Vitreoscilla_sp._C1	SRR5862092	NA
Vitreoscilla_sp._C1	SRR5862093	NA
Vitreoscilla_sp._C1	SRR5862094	NA
Vitreoscilla_sp._C1	SRR5862095	NA
Vitreoscilla_sp._C1	SRR5862096	NA
Vitreoscilla_sp._C1	SRR5862097	NA
Vitreoscilla_sp._C1	SRR5862098	NA
Vitreoscilla_sp._C1	SRR5862099	NA
Vitreoscilla_sp._C1	SRR5862100	NA
Vitreoscilla_sp._C1	SRR5862101	NA
Vitreoscilla_sp._C1	SRR5862102	NA
Vitreoscilla_sp._C1	SRR5862103	NA
Vitreoscilla_sp._C1	SRR5862104	NA
Vitreoscilla_sp._C1	SRR5862105	NA
Vitreoscilla_sp._C1	SRR5862106	NA
Vitreoscilla_sp._C1	SRR5862107	NA
Vitreoscilla_sp._C1	SRR5862108	NA
Vitreoscilla_sp._C1	SRR5862109	NA
Vitreoscilla_sp._C1	SRR5862110	NA
Vitreoscilla_sp._C1	SRR5862111	NA
Vitreoscilla_sp._C1	SRR5862112	NA
Vitreoscilla_sp._C1	SRR5862113	NA
Vitreoscilla_sp._C1	SRR5862114	NA
Vitreoscilla_sp._C1	SRR5862115	NA
Vitreoscilla_sp._C1	SRR5862116	NA
Vitreoscilla_sp._C1	SRR5862117	NA
Vitreoscilla_sp._C1	SRR5862118	NA
Vitreoscilla_sp._C1	SRR5862119	NA
Vitreoscilla_sp._C1	SRR5862120	NA
Vitreoscilla_sp._C1	SRR5862121	NA
Vitreoscilla_sp._C1	SRR5862122	NA
Vitreoscilla_sp._C1	SRR5862123	NA
Vitreoscilla_sp._C1	SRR5862124	NA
Vitreoscilla_sp._C1	SRR5862125	NA
Vitreoscilla_sp._C1	SRR5862126	NA
Vitreoscilla_sp._C1	SRR5862127	NA
Vitreoscilla_sp._C1	SRR5862128	NA
Vitreoscilla_sp._C1	SRR5862129	NA
Vitreoscilla_sp._C1	SRR5862130	NA
Vitreoscilla_sp._C1	SRR5862131	NA
Vitreoscilla_sp._C1	SRR5862132	NA
Vitreoscilla_sp._C1	SRR5862133	NA
Vitreoscilla_sp._C1	SRR5862134	NA
Vitreoscilla_sp._C1	SRR5862135	NA
Vitreoscilla_sp._C1	SRR5862136	NA
Vitreoscilla_sp._C1	SRR5862137	NA
Vitreoscilla_sp._C1	SRR5862138	NA
Vitreoscilla_sp._C1	SRR5862139	NA
Vitreoscilla_sp._C1	SRR5862140	NA
Vitreoscilla_sp._C1	SRR5862141	NA
Vitreoscilla_sp._C1	SRR5862142	NA
Vitreoscilla_sp._C1	SRR5862143	NA
Vitreoscilla_sp._C1	SRR5862144	NA
Vitreoscilla_sp._C1	SRR5862145	NA
Vitreoscilla_sp._C1	SRR5862146	NA
Vitreoscilla_sp._C1	SRR5862147	NA
Vitreoscilla_sp._C1	SRR5862148	NA
Vitreoscilla_sp._C1	SRR5862149	NA
Vitreoscilla_sp._C1	SRR5862150	NA
Vitreoscilla_sp._C1	SRR5862151	NA
Vitreoscilla_sp._C1	SRR5862152	NA
Vitreoscilla_sp._C1	SRR5862153	NA
Vitreoscilla_sp._C1	SRR5862154	NA
Vitreoscilla_sp._C1	SRR5862155	NA
Vitreoscilla_sp._C1	SRR5862156	NA
Vitreoscilla_sp._C1	SRR5862157	NA
Vitreoscilla_sp._C1	SRR5862158	NA
Vitreoscilla_sp._C1	SRR5862159	NA
Vitreoscilla_sp._C1	SRR5862160	NA
Vitreoscilla_sp._C1	SRR5862161	NA
Vitreoscilla_sp._C1	SRR5862162	NA
Vitreoscilla_sp._C1	SRR5862163	NA
Vitreoscilla_sp._C1	SRR5862164	NA
Vitreoscilla_sp._C1	SRR5862165	NA
Vitreoscilla_sp._C1	SRR5862166	NA
Vitreoscilla_sp._C1	SRR5862167	NA
Vitreoscilla_sp._C1	SRR5862168	NA
Vitreoscilla_sp._C1	SRR5862169	NA
Vitreoscilla_sp._C1	SRR5862170	NA
Vitreoscilla_sp._C1	SRR5862171	NA
Vitreoscilla_sp._C1	SRR5862172	NA
Vitreoscilla_sp._C1	SRR5862173	NA
Vitreoscilla_sp._C1	SRR5862174	NA
Vitreoscilla_sp._C1	SRR5862175	NA
Vitreoscilla_sp._C1	SRR5862176	NA
Vitreoscilla_sp._C1	SRR5862177	NA
Vitreoscilla_sp._C1	SRR5862178	NA
Vitreoscilla_sp._C1	SRR5862179	NA
Vitreoscilla_sp._C1	SRR5862180	NA
Vitreoscilla_sp._C1	SRR5862181	NA
Vitreoscilla_sp._C1	SRR5862182	NA
Vitreoscilla_sp._C1	SRR5862183	NA
Vitreoscilla_sp._C1	SRR5862184	NA
Vitreoscilla_sp._C1	SRR5862185	NA
Vitreoscilla_sp._C1	SRR5862186	NA
Vitreoscilla_sp._C1	SRR5862187	NA
Vitreoscilla_sp._C1	SRR5862188	NA
Vitreoscilla_sp._C1	SRR5862189	NA
Vitreoscilla_sp._C1	SRR5862190	NA
Vitreoscilla_sp._C1	SRR5862191	NA
Vitreoscilla_sp._C1	SRR5862192	NA
Vitreoscilla_sp._C1	SRR5862193	NA
Vitreoscilla_sp._C1	SRR5862194	NA
Vitreoscilla_sp._C1	SRR5862195	NA
Vitreoscilla_sp._C1	SRR5862196	NA
Vitreoscilla_sp._C1	SRR5862197	NA
Vitreoscilla_sp._C1	SRR5862198	NA
Vitreoscilla_sp._C1	SRR5862199	NA
Vitreoscilla_sp._C1	SRR5862200	NA
Vitreoscilla_sp._C1	SRR5862201	NA
Vitreoscilla_sp._C1	SRR5862202	NA
Vitreoscilla_sp._C1	SRR5862203	NA
Vitreoscilla_sp._C1	SRR5862204	NA
Vitreoscilla_sp._C1	SRR5862205	NA
Vitreoscilla_sp._C1	SRR5862206	NA
Vitreoscilla_sp._C1	SRR5862207	NA
Vitreoscilla_sp._C1	SRR5862208	NA
Vitreoscilla_sp._C1	SRR5862209	NA
Vitreoscilla_sp._C1	SRR5862210	NA
Vitreoscilla_sp._C1	SRR5862211	NA
Vitreoscilla_sp._C1	SRR5862212	NA
Vitreoscilla_sp._C1	SRR5862213	NA
Vitreoscilla_sp._C1	SRR5862214	NA
Vitreoscilla_sp._C1	SRR5862215	NA
Vitreoscilla_sp._C1	SRR5862216	NA
Vitreoscilla_sp._C1	SRR5862217	NA
Vitreoscilla_sp._C1	SRR5862218	NA
Vitreoscilla_sp._C1	SRR5862219	NA
Vitreoscilla_sp._C1	SRR5862220	NA
Vitreoscilla_sp._C1	SRR5862221	NA
Vitreoscilla_sp._C1	SRR5862222	NA
Vitreoscilla_sp._C1	SRR5862223	NA
Vitreoscilla_sp._C1	SRR5862224	NA
Vitreoscilla_sp._C1	SRR5862225	NA
Vitreoscilla_sp._C1	SRR5862226	NA
Vitreoscilla_sp._C1	SRR5862227	NA
Vitreoscilla_sp._C1	SRR5862228	NA
Vitreoscilla_sp._C1	SRR5862229	NA
Vitreoscilla_sp._C1	SRR5862230	NA
Vitreoscilla_sp._C1	SRR5862231	NA
Vitreoscilla_sp._C1	SRR5862232	NA
Vitreoscilla_sp._C1	SRR5862233	NA
Vitreoscilla_sp._C1	SRR5862234	NA
Vitreoscilla_sp._C1	SRR5862235	NA
Vitreoscilla_sp._C1	SRR5862236	NA
Vitreoscilla_sp._C1	SRR5862237	NA
Vitreoscilla_sp._C1	SRR5862238	NA
Vitreoscilla_sp._C1	SRR5862239	NA
Vitreoscilla_sp._C1	SRR5862240	NA
Vitreoscilla_sp._C1	SRR5862241	NA
Vitreoscilla_sp._C1	SRR5862242	NA
Vitreoscilla_sp._C1	SRR5862243	NA
Vitreoscilla_sp._C1	SRR5862244	NA
Vitreoscilla_sp._C1	SRR5862245	NA
Vitreoscilla_sp._C1	SRR5862246	NA
Vitreoscilla_sp._C1	SRR5862247	NA
Vitreoscilla_sp._C1	SRR5862248	NA
Vitreoscilla_sp._C1	SRR5862249	NA
Vitreoscilla_sp._C1	SRR5862250	NA
Vitreoscilla_sp._C1	SRR5862251	NA
Vitreoscilla_sp._C1	SRR5862252	NA
Vitreoscilla_sp._C1	SRR5862253	NA
Vitreoscilla_sp._C1	SRR5862254	NA
Vitreoscilla_sp._C1	SRR5862255	NA
Vitreoscilla_sp._C1	SRR5862256	NA
Vitreoscilla_sp._C1	SRR5862257	NA
Vitreoscilla_sp._C1	SRR5862258	NA
Vitreoscilla_sp._C1	SRR5862259	NA
Vitreoscilla_sp._C1	SRR5862260	NA
Vitreoscilla_sp._C1	SRR5862261	NA
Vitreoscilla_sp._C1	SRR5862262	NA
Vitreoscilla_sp._C1	SRR5862263	NA
Vitreoscilla_sp._C1	SRR5862264	NA
Vitreoscilla_sp._C1	SRR5862265	NA
Vitreoscilla_sp._C1	SRR5862266	NA
Vitreoscilla_sp._C1	SRR5862267	NA
Vitreoscilla_sp._C1	SRR5862268	NA
Vitreoscilla_sp._C1	SRR5862269	NA
Vitreoscilla_sp._C1	SRR5862270	NA
Vitreoscilla_sp._C1	SRR5862271	NA
Vitreoscilla_sp._C1	SRR5862272	NA
Vitreoscilla_sp._C1	SRR5862273	NA
Vitreoscilla_sp._C1	SRR5862274	NA
Vitreoscilla_sp._C1	SRR5862275	NA
Vitreoscilla_sp._C1	SRR5862276	NA
Vitreoscilla_sp._C1	SRR5862277	NA
Vitreoscilla_sp._C1	SRR5949109	6
Vitreoscilla_sp._C1	SRR5949110	0
Vitreoscilla_sp._C1	SRR5949111	22
Vitreoscilla_sp._C1	SRR5949112	0
Vitreoscilla_sp._C1	SRR5949113	5
Vitreoscilla_sp._C1	SRR5949114	0
Vitreoscilla_sp._C1	SRR5949115	14
Vitreoscilla_sp._C1	SRR5949116	0
Vitreoscilla_sp._C1	SRR5949117	0
Vitreoscilla_sp._C1	SRR5949118	25
Vitreoscilla_sp._C1	SRR5949119	0
Vitreoscilla_sp._C1	SRR5949120	7
Vitreoscilla_sp._C1	SRR5949121	0
Vitreoscilla_sp._C1	SRR5949122	1
Vitreoscilla_sp._C1	SRR5949123	0
Vitreoscilla_sp._C1	SRR5949124	0
Vitreoscilla_sp._C1	SRR5949125	0
Vitreoscilla_sp._C1	SRR5949126	0
Vitreoscilla_sp._C1	SRR5949127	1
Vitreoscilla_sp._C1	SRR5949128	0
Vitreoscilla_sp._C1	SRR5949129	108
Vitreoscilla_sp._C1	SRR5949130	0
Vitreoscilla_sp._C1	SRR5949131	0
Vitreoscilla_sp._C1	SRR5949132	0
Vitreoscilla_sp._C1	SRR5949133	2
Vitreoscilla_sp._C1	SRR5949134	1
Vitreoscilla_sp._C1	SRR5949135	3
Vitreoscilla_sp._C1	SRR5949136	35
Vitreoscilla_sp._C1	SRR5949137	5
Vitreoscilla_sp._C1	SRR5949138	32
Vitreoscilla_sp._C1	SRR5949139	4
Vitreoscilla_sp._C1	SRR5949140	0
Vitreoscilla_sp._C1	SRR5949141	0
Vitreoscilla_sp._C1	SRR5949142	19
Vitreoscilla_sp._C1	SRR5949143	0
Vitreoscilla_sp._C1	SRR5949144	45
Vitreoscilla_sp._C1	SRR5949145	7
Vitreoscilla_sp._C1	SRR5949146	6
Vitreoscilla_sp._C1	SRR5949147	0
Vitreoscilla_sp._C1	SRR5949148	3
Vitreoscilla_sp._C1	SRR5949149	0
Vitreoscilla_sp._C1	SRR5949150	0
Vitreoscilla_sp._C1	SRR5949151	8
Vitreoscilla_sp._C1	SRR5949152	0
Vitreoscilla_sp._C1	SRR5949153	1
Vitreoscilla_sp._C1	SRR5949154	13
Vitreoscilla_sp._C1	SRR5949155	21
Vitreoscilla_sp._C1	SRR5949156	0
Vitreoscilla_sp._C1	SRR5949157	0
Vitreoscilla_sp._C1	SRR5949158	17
Vitreoscilla_sp._C1	SRR5949159	0
Vitreoscilla_sp._C1	SRR5949160	1
Vitreoscilla_sp._C1	SRR5949161	1
Vitreoscilla_sp._C1	SRR5949162	7
Vitreoscilla_sp._C1	SRR5949163	0
Vitreoscilla_sp._C1	SRR5949164	0
Vitreoscilla_sp._C1	SRR5949165	5
Vitreoscilla_sp._C1	SRR5949166	10
Vitreoscilla_sp._C1	SRR5949167	11
Vitreoscilla_sp._C1	SRR5949168	6
Vitreoscilla_sp._C1	SRR5949169	4
Vitreoscilla_sp._C1	SRR5949170	0
Vitreoscilla_sp._C1	SRR5949171	0
Vitreoscilla_sp._C1	SRR5949172	2
Vitreoscilla_sp._C1	SRR5949173	0
Vitreoscilla_sp._C1	SRR5949174	0
Vitreoscilla_sp._C1	SRR5949175	0
Vitreoscilla_sp._C1	SRR5949176	9
Vitreoscilla_sp._C1	SRR5949177	15
Vitreoscilla_sp._C1	SRR5949178	0
Vitreoscilla_sp._C1	SRR5949179	21
Vitreoscilla_sp._C1	SRR5949180	3
Vitreoscilla_sp._C1	SRR5949181	0
Vitreoscilla_sp._C1	SRR5949182	34
Vitreoscilla_sp._C1	SRR5949183	6
Vitreoscilla_sp._C1	SRR5949184	5
Vitreoscilla_sp._C1	SRR5949185	0
Vitreoscilla_sp._C1	SRR5949186	2
Vitreoscilla_sp._C1	SRR5949187	0
Vitreoscilla_sp._C1	SRR5949188	0
Vitreoscilla_sp._C1	SRR5949189	4
Vitreoscilla_sp._C1	SRR5949190	5
Vitreoscilla_sp._C1	SRR5949191	6
Vitreoscilla_sp._C1	SRR5949192	4
Vitreoscilla_sp._C1	SRR5949193	0
Vitreoscilla_sp._C1	SRR5949194	0
Vitreoscilla_sp._C1	SRR5949195	2
Vitreoscilla_sp._C1	SRR5949196	3
Vitreoscilla_sp._C1	SRR5949197	0
Vitreoscilla_sp._C1	SRR5949198	0
Vitreoscilla_sp._C1	SRR5949199	128
Vitreoscilla_sp._C1	SRR5949200	0
Vitreoscilla_sp._C1	SRR5949201	28
Vitreoscilla_sp._C1	SRR5949202	9
Vitreoscilla_sp._C1	SRR5949203	12
Vitreoscilla_sp._C1	SRR5949204	0
Vitreoscilla_sp._C1	SRR5949205	0
Vitreoscilla_sp._C1	SRR5949206	11
Vitreoscilla_sp._C1	SRR5949207	2
Vitreoscilla_sp._C1	SRR5949208	8
Vitreoscilla_sp._C1	SRR5949209	9
Vitreoscilla_sp._C1	SRR5949210	0
Vitreoscilla_sp._C1	SRR5949211	0
Vitreoscilla_sp._C1	SRR5949212	4
Vitreoscilla_sp._C1	SRR5949213	30
Vitreoscilla_sp._C1	SRR5949214	78
Vitreoscilla_sp._C1	SRR5949215	0
Vitreoscilla_sp._C1	SRR5949216	118
Vitreoscilla_sp._C1	SRR5949217	13
Vitreoscilla_sp._C1	SRR5949218	1
Vitreoscilla_sp._C1	SRR5949219	0
Vitreoscilla_sp._C1	SRR5949220	1
Vitreoscilla_sp._C1	SRR5949221	6
Vitreoscilla_sp._C1	SRR5949222	6
Vitreoscilla_sp._C1	SRR5949223	0
Vitreoscilla_sp._C1	SRR5949224	10
Vitreoscilla_sp._C1	SRR5949225	3
Vitreoscilla_sp._C1	SRR5949226	15
Vitreoscilla_sp._C1	SRR5949227	0
Vitreoscilla_sp._C1	SRR5949228	0
Vitreoscilla_sp._C1	SRR5949229	0
Vitreoscilla_sp._C1	SRR5949230	0
Vitreoscilla_sp._C1	SRR5949231	19
Vitreoscilla_sp._C1	SRR5949232	0
Vitreoscilla_sp._C1	SRR5949233	1
Vitreoscilla_sp._C1	SRR5949234	15
Vitreoscilla_sp._C1	SRR5949235	0
Vitreoscilla_sp._C1	SRR5949236	11
Vitreoscilla_sp._C1	SRR5949237	15
Vitreoscilla_sp._C1	SRR5949238	0
Vitreoscilla_sp._C1	SRR5949239	2
Vitreoscilla_sp._C1	SRR5949240	0
Vitreoscilla_sp._C1	SRR5949241	0
Vitreoscilla_sp._C1	SRR5949242	2
Vitreoscilla_sp._C1	SRR5949243	1
Vitreoscilla_sp._C1	SRR5949244	0
Vitreoscilla_sp._C1	SRR5949245	6
Vitreoscilla_sp._C1	SRR5949246	2
Vitreoscilla_sp._C1	SRR5949247	0
Vitreoscilla_sp._C1	SRR5949248	1
Vitreoscilla_sp._C1	SRR5949249	4
Vitreoscilla_sp._C1	SRR5949250	0
Vitreoscilla_sp._C1	SRR5949251	15
Vitreoscilla_sp._C1	SRR5949252	44
Vitreoscilla_sp._C1	SRR5949253	3
Vitreoscilla_sp._C1	SRR5949254	0
Vitreoscilla_sp._C1	SRR5949255	4
Vitreoscilla_sp._C1	SRR5949256	5
Vitreoscilla_sp._C1	SRR5949257	12
Vitreoscilla_sp._C1	SRR5949258	21
Vitreoscilla_sp._C1	SRR5949259	0
Vitreoscilla_sp._C1	SRR5949260	1
Vitreoscilla_sp._C1	SRR5949261	0
Vitreoscilla_sp._C1	SRR5949262	13
Vitreoscilla_sp._C1	SRR5949263	19
Vitreoscilla_sp._C1	SRR5949264	7
Vitreoscilla_sp._C1	SRR5949265	4
Vitreoscilla_sp._C1	SRR5949266	6
Vitreoscilla_sp._C1	SRR5949267	4
Vitreoscilla_sp._C1	SRR5949268	0
Vitreoscilla_sp._C1	SRR5949269	11
Vitreoscilla_sp._C1	SRR5949270	1
Vitreoscilla_sp._C1	SRR5949271	0
Vitreoscilla_sp._C1	SRR5949272	2
Vitreoscilla_sp._C1	SRR5949273	14
Vitreoscilla_sp._C1	SRR5949274	12
Vitreoscilla_sp._C1	SRR5949275	0
Vitreoscilla_sp._C1	SRR5949276	3
Vitreoscilla_sp._C1	SRR5949277	0
Vitreoscilla_sp._C1	SRR5949278	12
Vitreoscilla_sp._C1	SRR5949279	21
Vitreoscilla_sp._C1	SRR5949280	7
Vitreoscilla_sp._C1	SRR5949281	15
Vitreoscilla_sp._C1	SRR5949282	0
Vitreoscilla_sp._C1	SRR5949283	1
Vitreoscilla_sp._C1	SRR5949284	0
Vitreoscilla_sp._C1	SRR5949285	6
Vitreoscilla_sp._C1	SRR5949286	0
Vitreoscilla_sp._C1	SRR5949287	0
Vitreoscilla_sp._C1	SRR5949288	45
Vitreoscilla_sp._C1	SRR5949289	0
Vitreoscilla_sp._C1	SRR5949290	0
Vitreoscilla_sp._C1	SRR5949291	0
Vitreoscilla_sp._C1	SRR5949292	17
Vitreoscilla_sp._C1	SRR5949293	1
Vitreoscilla_sp._C1	SRR5949294	8
Vitreoscilla_sp._C1	SRR5949295	2
Vitreoscilla_sp._C1	SRR5949296	3
Vitreoscilla_sp._C1	SRR5949297	0
Vitreoscilla_sp._C1	SRR5949298	7
Vitreoscilla_sp._C1	SRR5949299	4
Vitreoscilla_sp._C1	SRR5949300	2
Vitreoscilla_sp._C1	SRR5949301	0
Vitreoscilla_sp._C1	SRR5949302	5
Vitreoscilla_sp._C1	SRR5949303	0
Vitreoscilla_sp._C1	SRR5949304	0
Vitreoscilla_sp._C1	SRR5949305	0
Vitreoscilla_sp._C1	SRR5949306	11
Vitreoscilla_sp._C1	SRR5949307	0
Vitreoscilla_sp._C1	SRR5949308	7
Vitreoscilla_sp._C1	SRR5949309	0
Vitreoscilla_sp._C1	SRR5949310	0
Vitreoscilla_sp._C1	SRR5949311	23
Vitreoscilla_sp._C1	SRR5949312	2
Vitreoscilla_sp._C1	SRR5949313	3
Vitreoscilla_sp._C1	SRR5949314	5
Vitreoscilla_sp._C1	SRR5949315	8
Vitreoscilla_sp._C1	SRR5949316	1
Vitreoscilla_sp._C1	SRR5949317	7
Vitreoscilla_sp._C1	SRR5949318	0
Vitreoscilla_sp._C1	SRR5949319	0
Vitreoscilla_sp._C1	SRR5949320	0
Vitreoscilla_sp._C1	SRR5949321	8
Vitreoscilla_sp._C1	SRR5949322	0
Vitreoscilla_sp._C1	SRR5949323	0
Vitreoscilla_sp._C1	SRR5949324	0
Vitreoscilla_sp._C1	SRR5949325	9
Vitreoscilla_sp._C1	SRR5949326	7
Vitreoscilla_sp._C1	SRR5949327	13
Vitreoscilla_sp._C1	SRR5949328	6
Vitreoscilla_sp._C1	SRR5949329	1
Vitreoscilla_sp._C1	SRR5949330	0
Vitreoscilla_sp._C1	SRR5949331	15
Vitreoscilla_sp._C1	SRR5949332	3
Vitreoscilla_sp._C1	SRR5949333	15
Vitreoscilla_sp._C1	SRR5949334	1
Vitreoscilla_sp._C1	SRR5949335	7
Vitreoscilla_sp._C1	SRR5949336	0
Vitreoscilla_sp._C1	SRR5949337	0
Vitreoscilla_sp._C1	SRR5949338	0
Vitreoscilla_sp._C1	SRR5949339	20
Vitreoscilla_sp._C1	SRR5949340	0
Vitreoscilla_sp._C1	SRR5949341	1
Vitreoscilla_sp._C1	SRR5949342	0
Vitreoscilla_sp._C1	SRR5949343	38
Vitreoscilla_sp._C1	SRR5949344	7
Vitreoscilla_sp._C1	SRR5949345	0
Vitreoscilla_sp._C1	SRR5949346	9
Vitreoscilla_sp._C1	SRR5949347	3
Vitreoscilla_sp._C1	SRR5949348	19
Vitreoscilla_sp._C1	SRR5949349	0
Vitreoscilla_sp._C1	SRR5949350	0
Vitreoscilla_sp._C1	SRR5949351	2
Vitreoscilla_sp._C1	SRR5949352	0
Vitreoscilla_sp._C1	SRR5949353	3
Vitreoscilla_sp._C1	SRR5949354	0
Vitreoscilla_sp._C1	SRR5949355	0
Vitreoscilla_sp._C1	SRR5949356	0
Vitreoscilla_sp._C1	SRR5949357	0
Vitreoscilla_sp._C1	SRR5949358	0
Vitreoscilla_sp._C1	SRR5949359	0
Vitreoscilla_sp._C1	SRR5949360	5
Vitreoscilla_sp._C1	SRR5949361	1
Vitreoscilla_sp._C1	SRR5949362	68
Vitreoscilla_sp._C1	SRR5949363	0
Vitreoscilla_sp._C1	SRR5949364	1
Vitreoscilla_sp._C1	SRR5949365	5
Vitreoscilla_sp._C1	SRR5949366	0
Vitreoscilla_sp._C1	SRR5949367	0
Vitreoscilla_sp._C1	SRR5949368	5
Vitreoscilla_sp._C1	SRR5949369	0
Vitreoscilla_sp._C1	SRR5949370	1
Vitreoscilla_sp._C1	SRR5949371	0
Vitreoscilla_sp._C1	SRR5949372	0
Vitreoscilla_sp._C1	SRR5949373	12
Vitreoscilla_sp._C1	SRR5949374	0
Vitreoscilla_sp._C1	SRR5949375	0
Vitreoscilla_sp._C1	SRR5949376	0
Vitreoscilla_sp._C1	SRR5949377	25
Vitreoscilla_sp._C1	SRR5949378	0
Vitreoscilla_sp._C1	SRR5949379	13
Vitreoscilla_sp._C1	SRR5949380	0
Vitreoscilla_sp._C1	SRR5949381	0
Vitreoscilla_sp._C1	SRR5949382	4
Vitreoscilla_sp._C1	SRR5949383	7
Vitreoscilla_sp._C1	SRR5949384	23
Vitreoscilla_sp._C1	SRR5949385	0
Vitreoscilla_sp._C1	SRR5949386	0
Vitreoscilla_sp._C1	SRR5949387	1
Vitreoscilla_sp._C1	SRR5949388	0
Vitreoscilla_sp._C1	SRR5949389	0
Vitreoscilla_sp._C1	SRR5949390	0
Vitreoscilla_sp._C1	SRR5949391	0
Vitreoscilla_sp._C1	SRR5949392	12
Vitreoscilla_sp._C1	SRR5949393	0
Vitreoscilla_sp._C1	SRR5949394	0
Vitreoscilla_sp._C1	SRR5949395	0
Vitreoscilla_sp._C1	SRR5949396	0
Vitreoscilla_sp._C1	SRR5949397	6
Vitreoscilla_sp._C1	SRR5949398	12
Vitreoscilla_sp._C1	SRR5949399	0
Vitreoscilla_sp._C1	SRR5949400	1
Vitreoscilla_sp._C1	SRR5949401	0
Vitreoscilla_sp._C1	SRR5949402	0
Vitreoscilla_sp._C1	SRR5949403	0
Vitreoscilla_sp._C1	SRR5949404	4
Vitreoscilla_sp._C1	SRR5949405	60
Vitreoscilla_sp._C1	SRR5949406	1
Vitreoscilla_sp._C1	SRR5949407	0
Vitreoscilla_sp._C1	SRR5949408	5
Vitreoscilla_sp._C1	SRR5949409	8
Vitreoscilla_sp._C1	SRR5949410	0
Vitreoscilla_sp._C1	SRR5949411	4
Vitreoscilla_sp._C1	SRR5949412	0
Vitreoscilla_sp._C1	SRR5949413	0
Vitreoscilla_sp._C1	SRR5949414	0
Vitreoscilla_sp._C1	SRR5949415	1
Vitreoscilla_sp._C1	SRR5949416	6
Vitreoscilla_sp._C1	SRR5949417	0
Vitreoscilla_sp._C1	SRR5949418	0
Vitreoscilla_sp._C1	SRR5949419	5
Vitreoscilla_sp._C1	SRR5949420	1
Vitreoscilla_sp._C1	SRR5949421	5
Vitreoscilla_sp._C1	SRR5949422	0
Vitreoscilla_sp._C1	SRR5949423	0
Vitreoscilla_sp._C1	SRR5949424	0
Vitreoscilla_sp._C1	SRR5949425	2
Vitreoscilla_sp._C1	SRR5949426	9
Vitreoscilla_sp._C1	SRR5949427	0
Vitreoscilla_sp._C1	SRR5949428	19
Vitreoscilla_sp._C1	SRR5949429	0
Vitreoscilla_sp._C1	SRR5949430	2
Vitreoscilla_sp._C1	SRR5949431	22
Vitreoscilla_sp._C1	SRR5949432	1
Vitreoscilla_sp._C1	SRR5949433	0
Vitreoscilla_sp._C1	SRR5949434	0
Vitreoscilla_sp._C1	SRR5949435	1
Vitreoscilla_sp._C1	SRR5949436	61
Vitreoscilla_sp._C1	SRR5949437	8
Vitreoscilla_sp._C1	SRR5949438	0
Vitreoscilla_sp._C1	SRR5949439	1
Vitreoscilla_sp._C1	SRR5949440	0
Vitreoscilla_sp._C1	SRR5949441	6
Vitreoscilla_sp._C1	SRR5949442	0
Vitreoscilla_sp._C1	SRR5949443	0
Vitreoscilla_sp._C1	SRR5949444	1
Vitreoscilla_sp._C1	SRR5949445	0
Vitreoscilla_sp._C1	SRR5949446	2
Vitreoscilla_sp._C1	SRR5949447	38
Vitreoscilla_sp._C1	SRR5949448	3
Vitreoscilla_sp._C1	SRR5949449	0
Vitreoscilla_sp._C1	SRR5949450	7
Vitreoscilla_sp._C1	SRR5949451	0
Vitreoscilla_sp._C1	SRR5949452	2
Vitreoscilla_sp._C1	SRR5949453	2
Vitreoscilla_sp._C1	SRR5949454	34
Vitreoscilla_sp._C1	SRR5949455	9
Vitreoscilla_sp._C1	SRR5949456	0
Vitreoscilla_sp._C1	SRR5949457	0
Vitreoscilla_sp._C1	SRR5949458	0
Vitreoscilla_sp._C1	SRR5949459	9
Vitreoscilla_sp._C1	SRR5949460	6
Vitreoscilla_sp._C1	SRR5949461	10
Vitreoscilla_sp._C1	SRR5949462	15
Vitreoscilla_sp._C1	SRR5949463	3
Vitreoscilla_sp._C1	SRR5949464	0
Vitreoscilla_sp._C1	SRR5949465	8
Vitreoscilla_sp._C1	SRR5949466	0
Vitreoscilla_sp._C1	SRR5949467	0
Vitreoscilla_sp._C1	SRR5949468	4
Vitreoscilla_sp._C1	SRR5949469	82
Vitreoscilla_sp._C1	SRR5949470	0
Vitreoscilla_sp._C1	SRR5949471	8
Vitreoscilla_sp._C1	SRR5949472	0
Vitreoscilla_sp._C1	SRR5949473	32
Vitreoscilla_sp._C1	SRR5949474	1
Vitreoscilla_sp._C1	SRR5949475	0
Vitreoscilla_sp._C1	SRR5949476	2
Vitreoscilla_sp._C1	SRR5949477	5
Vitreoscilla_sp._C1	SRR5949478	1
Vitreoscilla_sp._C1	SRR5949479	0
Vitreoscilla_sp._C1	SRR5949480	1
Vitreoscilla_sp._C1	SRR5949481	4
Vitreoscilla_sp._C1	SRR5949482	1
Vitreoscilla_sp._C1	SRR5949483	13
Vitreoscilla_sp._C1	SRR5949484	5
Vitreoscilla_sp._C1	SRR5949485	4
Vitreoscilla_sp._C1	SRR5949486	0
Vitreoscilla_sp._C1	SRR5949487	1
Vitreoscilla_sp._C1	SRR5949488	3
Vitreoscilla_sp._C1	SRR5949489	1
Vitreoscilla_sp._C1	SRR5949490	0
Vitreoscilla_sp._C1	SRR5949491	10
Vitreoscilla_sp._C1	SRR5949492	0
Vitreoscilla_sp._C1	SRR5949493	17
Vitreoscilla_sp._C1	SRR5949494	0
Vitreoscilla_sp._C1	SRR5949495	26
Vitreoscilla_sp._C1	SRR5949496	1
Vitreoscilla_sp._C1	SRR5949497	0
Vitreoscilla_sp._C1	SRR5949498	40
Vitreoscilla_sp._C1	SRR5949499	0
Vitreoscilla_sp._C1	SRR5949500	0
Vitreoscilla_sp._C1	SRR5949501	3
Vitreoscilla_sp._C1	SRR5949502	0
Vitreoscilla_sp._C1	SRR5949503	13
Vitreoscilla_sp._C1	SRR5949504	0
Vitreoscilla_sp._C1	SRR5949505	8
Vitreoscilla_sp._C1	SRR5949506	0
Vitreoscilla_sp._C1	SRR5949507	0
Vitreoscilla_sp._C1	SRR5949508	1
Vitreoscilla_sp._C1	SRR5949509	4
Vitreoscilla_sp._C1	SRR5949510	0
Vitreoscilla_sp._C1	SRR5949511	0
Vitreoscilla_sp._C1	SRR5949512	5
Vitreoscilla_sp._C1	SRR5949513	0
Vitreoscilla_sp._C1	SRR5949514	0
Vitreoscilla_sp._C1	SRR5949515	2
Vitreoscilla_sp._C1	SRR5949516	9
Vitreoscilla_sp._C1	SRR5949517	17
Vitreoscilla_sp._C1	SRR5949518	0
Vitreoscilla_sp._C1	SRR5949519	3
Vitreoscilla_sp._C1	SRR5949520	6
Vitreoscilla_sp._C1	SRR5949521	9
Vitreoscilla_sp._C1	SRR5949522	0
Vitreoscilla_sp._C1	SRR5949523	0
Vitreoscilla_sp._C1	SRR5949524	10
Vitreoscilla_sp._C1	SRR5949525	8
Vitreoscilla_sp._C1	SRR5949526	0
Vitreoscilla_sp._C1	SRR5949527	24
Vitreoscilla_sp._C1	SRR5949528	1
Vitreoscilla_sp._C1	SRR5949529	1
Vitreoscilla_sp._C1	SRR5949530	0
Vitreoscilla_sp._C1	SRR5949531	0
Vitreoscilla_sp._C1	SRR5949532	9
Vitreoscilla_sp._C1	SRR5949533	0
Vitreoscilla_sp._C1	SRR5949534	0
Vitreoscilla_sp._C1	SRR5949535	26
Vitreoscilla_sp._C1	SRR5949536	3
Vitreoscilla_sp._C1	SRR5949537	1
Vitreoscilla_sp._C1	SRR5949538	0
Vitreoscilla_sp._C1	SRR5949539	16
Vitreoscilla_sp._C1	SRR5949540	2
Vitreoscilla_sp._C1	SRR5949541	4
Vitreoscilla_sp._C1	SRR5949542	0
Vitreoscilla_sp._C1	SRR5949543	4
Vitreoscilla_sp._C1	SRR5949544	1
Vitreoscilla_sp._C1	SRR5949545	8
Vitreoscilla_sp._C1	SRR5949546	5
Vitreoscilla_sp._C1	SRR5949547	0
Vitreoscilla_sp._C1	SRR5949548	11
Vitreoscilla_sp._C1	SRR5949549	0
Vitreoscilla_sp._C1	SRR5949550	0
Vitreoscilla_sp._C1	SRR5949551	14
Vitreoscilla_sp._C1	SRR5949552	0
Vitreoscilla_sp._C1	SRR5949553	0
Vitreoscilla_sp._C1	SRR5949554	0
Vitreoscilla_sp._C1	SRR5949555	2
Vitreoscilla_sp._C1	SRR5949556	2
Vitreoscilla_sp._C1	SRR5949557	3
Vitreoscilla_sp._C1	SRR5949558	0
Vitreoscilla_sp._C1	SRR5949559	1
Vitreoscilla_sp._C1	SRR5949560	2
Vitreoscilla_sp._C1	SRR5949561	0
Vitreoscilla_sp._C1	SRR5949562	6
Vitreoscilla_sp._C1	SRR5949563	3
Vitreoscilla_sp._C1	SRR5949564	32
Vitreoscilla_sp._C1	SRR5949565	5
Vitreoscilla_sp._C1	SRR5949566	4
Vitreoscilla_sp._C1	SRR5949567	5
Vitreoscilla_sp._C1	SRR5949568	0
Vitreoscilla_sp._C1	SRR5949569	0
Vitreoscilla_sp._C1	SRR5949570	0
Vitreoscilla_sp._C1	SRR5949571	0
Vitreoscilla_sp._C1	SRR5949572	1
Vitreoscilla_sp._C1	SRR5949573	0
Vitreoscilla_sp._C1	SRR5949574	0
Vitreoscilla_sp._C1	SRR5949575	1
Vitreoscilla_sp._C1	SRR5949576	12
Vitreoscilla_sp._C1	SRR5949577	0
Vitreoscilla_sp._C1	SRR5949578	0
Vitreoscilla_sp._C1	SRR5949579	37
Vitreoscilla_sp._C1	SRR5949580	3
Vitreoscilla_sp._C1	SRR5949581	14
Vitreoscilla_sp._C1	SRR5949582	56
Vitreoscilla_sp._C1	SRR5949583	11
Vitreoscilla_sp._C1	SRR5949584	17
Vitreoscilla_sp._C1	SRR5949585	5
Vitreoscilla_sp._C1	SRR5949586	23
Vitreoscilla_sp._C1	SRR5949587	3
Vitreoscilla_sp._C1	SRR5949588	4
Vitreoscilla_sp._C1	SRR5949589	0
Vitreoscilla_sp._C1	SRR5949590	27
Vitreoscilla_sp._C1	SRR5949591	0
Vitreoscilla_sp._C1	SRR5949592	1
Vitreoscilla_sp._C1	SRR5949593	0
Vitreoscilla_sp._C1	SRR5949594	0
Vitreoscilla_sp._C1	SRR5949595	0
Vitreoscilla_sp._C1	SRR5949596	10
Vitreoscilla_sp._C1	SRR5949597	0
Vitreoscilla_sp._C1	SRR5949598	7
Vitreoscilla_sp._C1	SRR5949599	0
Vitreoscilla_sp._C1	SRR5949600	6
Vitreoscilla_sp._C1	SRR5949601	0
Vitreoscilla_sp._C1	SRR5949602	1
Vitreoscilla_sp._C1	SRR5949603	8
Vitreoscilla_sp._C1	SRR5949604	0
Vitreoscilla_sp._C1	SRR5949605	10
Vitreoscilla_sp._C1	SRR5949606	0
Vitreoscilla_sp._C1	SRR5949607	9
Vitreoscilla_sp._C1	SRR5949608	0
Vitreoscilla_sp._C1	SRR5950246	0
Vitreoscilla_sp._C1	SRR5950247	30
Vitreoscilla_sp._C1	SRR5950248	1
Vitreoscilla_sp._C1	SRR5950249	0
Vitreoscilla_sp._C1	SRR5950250	0
Vitreoscilla_sp._C1	SRR5950251	39
Vitreoscilla_sp._C1	SRR5950252	8
Vitreoscilla_sp._C1	SRR5950253	45
Vitreoscilla_sp._C1	SRR5950254	158
Vitreoscilla_sp._C1	SRR5950255	1
Vitreoscilla_sp._C1	SRR5950256	0
Vitreoscilla_sp._C1	SRR5950257	9
Vitreoscilla_sp._C1	SRR5950258	0
Vitreoscilla_sp._C1	SRR5950259	0
Vitreoscilla_sp._C1	SRR5950260	20
Vitreoscilla_sp._C1	SRR5950261	25
Vitreoscilla_sp._C1	SRR5950262	9
Vitreoscilla_sp._C1	SRR5950263	39
Vitreoscilla_sp._C1	SRR5950264	13
Vitreoscilla_sp._C1	SRR5950265	47
Vitreoscilla_sp._C1	SRR5950266	0
Vitreoscilla_sp._C1	SRR5950267	0
Vitreoscilla_sp._C1	SRR5950268	4
Vitreoscilla_sp._C1	SRR5950269	3
Vitreoscilla_sp._C1	SRR5950270	102
Vitreoscilla_sp._C1	SRR5950271	0
Vitreoscilla_sp._C1	SRR5950272	0
Vitreoscilla_sp._C1	SRR5950273	0
Vitreoscilla_sp._C1	SRR5950274	0
Vitreoscilla_sp._C1	SRR5950275	3
Vitreoscilla_sp._C1	SRR5950276	0
Vitreoscilla_sp._C1	SRR5950277	0
Vitreoscilla_sp._C1	SRR5950278	1
Vitreoscilla_sp._C1	SRR5950279	40
Vitreoscilla_sp._C1	SRR5950280	40
Vitreoscilla_sp._C1	SRR5950281	23
Vitreoscilla_sp._C1	SRR5950282	49
Vitreoscilla_sp._C1	SRR5950283	15
Vitreoscilla_sp._C1	SRR5950284	3
Vitreoscilla_sp._C1	SRR5950285	0
Vitreoscilla_sp._C1	SRR5950286	2
Vitreoscilla_sp._C1	SRR5950287	9
Vitreoscilla_sp._C1	SRR5950288	0
Vitreoscilla_sp._C1	SRR5950289	22
Vitreoscilla_sp._C1	SRR5950290	0
Vitreoscilla_sp._C1	SRR5950291	1
Vitreoscilla_sp._C1	SRR5950292	0
Vitreoscilla_sp._C1	SRR5950293	0
Vitreoscilla_sp._C1	SRR5950294	4
Vitreoscilla_sp._C1	SRR5950295	140
Vitreoscilla_sp._C1	SRR5950296	1
Vitreoscilla_sp._C1	SRR5950297	51
Vitreoscilla_sp._C1	SRR5950298	0
Vitreoscilla_sp._C1	SRR5950299	127
Vitreoscilla_sp._C1	SRR5950300	34
Vitreoscilla_sp._C1	SRR5950301	37
Vitreoscilla_sp._C1	SRR5950302	7
Vitreoscilla_sp._C1	SRR5950303	8
Vitreoscilla_sp._C1	SRR5950304	17
Vitreoscilla_sp._C1	SRR5950305	22
Vitreoscilla_sp._C1	SRR5950306	2
Vitreoscilla_sp._C1	SRR5950307	0
Vitreoscilla_sp._C1	SRR5950308	64
Vitreoscilla_sp._C1	SRR5950309	152
Vitreoscilla_sp._C1	SRR5950310	10
Vitreoscilla_sp._C1	SRR5950311	10
Vitreoscilla_sp._C1	SRR5950312	4
Vitreoscilla_sp._C1	SRR5950313	52
Vitreoscilla_sp._C1	SRR5950314	10
Vitreoscilla_sp._C1	SRR5950315	4
Vitreoscilla_sp._C1	SRR5950316	15
Vitreoscilla_sp._C1	SRR5950317	48
Vitreoscilla_sp._C1	SRR5950318	1
Vitreoscilla_sp._C1	SRR5950319	20
Vitreoscilla_sp._C1	SRR5950320	6
Vitreoscilla_sp._C1	SRR5950321	1
Vitreoscilla_sp._C1	SRR5950322	14
Vitreoscilla_sp._C1	SRR5950323	116
Vitreoscilla_sp._C1	SRR5950324	4
Vitreoscilla_sp._C1	SRR5950325	0
Vitreoscilla_sp._C1	SRR5950326	4
Vitreoscilla_sp._C1	SRR5950327	2
Vitreoscilla_sp._C1	SRR5950328	1
Vitreoscilla_sp._C1	SRR5950329	15
Vitreoscilla_sp._C1	SRR5950330	0
Vitreoscilla_sp._C1	SRR5950331	0
Vitreoscilla_sp._C1	SRR5950332	0
Vitreoscilla_sp._C1	SRR5950333	57
Vitreoscilla_sp._C1	SRR5950334	1
Vitreoscilla_sp._C1	SRR5950335	22
Vitreoscilla_sp._C1	SRR5950336	0
Vitreoscilla_sp._C1	SRR5950337	0
Vitreoscilla_sp._C1	SRR5950338	0
Vitreoscilla_sp._C1	SRR5950339	0
Vitreoscilla_sp._C1	SRR5950340	7
Vitreoscilla_sp._C1	SRR5950341	4
Vitreoscilla_sp._C1	SRR5950342	0
Vitreoscilla_sp._C1	SRR5950343	21
Vitreoscilla_sp._C1	SRR5950344	0
Vitreoscilla_sp._C1	SRR5950345	3
Vitreoscilla_sp._C1	SRR5950346	3
Vitreoscilla_sp._C1	SRR5950347	4
Vitreoscilla_sp._C1	SRR5950348	40
Vitreoscilla_sp._C1	SRR5950349	9
Vitreoscilla_sp._C1	SRR5950350	10
Vitreoscilla_sp._C1	SRR5950351	18
Vitreoscilla_sp._C1	SRR5950352	16
Vitreoscilla_sp._C1	SRR5950353	0
Vitreoscilla_sp._C1	SRR5950354	28
Vitreoscilla_sp._C1	SRR5950355	0
Vitreoscilla_sp._C1	SRR5950356	0
Vitreoscilla_sp._C1	SRR5950357	42
Vitreoscilla_sp._C1	SRR5950358	0
Vitreoscilla_sp._C1	SRR5950359	9
Vitreoscilla_sp._C1	SRR5950360	24
Vitreoscilla_sp._C1	SRR5950361	34
Vitreoscilla_sp._C1	SRR5950362	5
Vitreoscilla_sp._C1	SRR5950363	88
Vitreoscilla_sp._C1	SRR5950364	0
Vitreoscilla_sp._C1	SRR5950365	0
Vitreoscilla_sp._C1	SRR5950366	5
Vitreoscilla_sp._C1	SRR5950367	0
Vitreoscilla_sp._C1	SRR5950368	57
Vitreoscilla_sp._C1	SRR5950369	5
Vitreoscilla_sp._C1	SRR5950370	17
Vitreoscilla_sp._C1	SRR5950371	0
Vitreoscilla_sp._C1	SRR5950372	1
Vitreoscilla_sp._C1	SRR5950373	1
Vitreoscilla_sp._C1	SRR5950374	7
Vitreoscilla_sp._C1	SRR5950375	15
Vitreoscilla_sp._C1	SRR5950376	7
Vitreoscilla_sp._C1	SRR5950377	0
Vitreoscilla_sp._C1	SRR5950378	14
Vitreoscilla_sp._C1	SRR5950379	64
Vitreoscilla_sp._C1	SRR5950380	0
Vitreoscilla_sp._C1	SRR5950381	0
Vitreoscilla_sp._C1	SRR5950382	0
Vitreoscilla_sp._C1	SRR5950383	22
Vitreoscilla_sp._C1	SRR5950384	1
Vitreoscilla_sp._C1	SRR5950385	0
Vitreoscilla_sp._C1	SRR5950386	0
Vitreoscilla_sp._C1	SRR5950387	25
Vitreoscilla_sp._C1	SRR5950388	4
Vitreoscilla_sp._C1	SRR5950389	30
Vitreoscilla_sp._C1	SRR5950390	16
Vitreoscilla_sp._C1	SRR5950391	0
Vitreoscilla_sp._C1	SRR5950392	2
Vitreoscilla_sp._C1	SRR5950393	2
Vitreoscilla_sp._C1	SRR5950394	20
Vitreoscilla_sp._C1	SRR5950395	1
Vitreoscilla_sp._C1	SRR5950396	0
Vitreoscilla_sp._C1	SRR5950397	0
Vitreoscilla_sp._C1	SRR5950398	6
Vitreoscilla_sp._C1	SRR5950399	0
Vitreoscilla_sp._C1	SRR5950400	0
Vitreoscilla_sp._C1	SRR5950401	32
Vitreoscilla_sp._C1	SRR5950402	0
Vitreoscilla_sp._C1	SRR5950403	2
Vitreoscilla_sp._C1	SRR5950404	19
Vitreoscilla_sp._C1	SRR5950405	0
Vitreoscilla_sp._C1	SRR5950406	0
Vitreoscilla_sp._C1	SRR5950407	1
Vitreoscilla_sp._C1	SRR5950408	0
Vitreoscilla_sp._C1	SRR5950409	26
Vitreoscilla_sp._C1	SRR5950410	39
Vitreoscilla_sp._C1	SRR5950411	4
Vitreoscilla_sp._C1	SRR5950412	0
Vitreoscilla_sp._C1	SRR5950413	6
Vitreoscilla_sp._C1	SRR5950414	0
Vitreoscilla_sp._C1	SRR5950415	9
Vitreoscilla_sp._C1	SRR5950416	22
Vitreoscilla_sp._C1	SRR5950417	88
Vitreoscilla_sp._C1	SRR5950418	23
Vitreoscilla_sp._C1	SRR5950419	0
Vitreoscilla_sp._C1	SRR5950420	69
Vitreoscilla_sp._C1	SRR5950421	1
Vitreoscilla_sp._C1	SRR5950422	0
Vitreoscilla_sp._C1	SRR5950423	7
Vitreoscilla_sp._C1	SRR5950424	0
Vitreoscilla_sp._C1	SRR5950425	19
Vitreoscilla_sp._C1	SRR5950426	4
Vitreoscilla_sp._C1	SRR5950427	6
Vitreoscilla_sp._C1	SRR5950428	1
Vitreoscilla_sp._C1	SRR5950429	37
Vitreoscilla_sp._C1	SRR5950430	0
Vitreoscilla_sp._C1	SRR5950431	21
Vitreoscilla_sp._C1	SRR5950432	4
Vitreoscilla_sp._C1	SRR5950433	5
Vitreoscilla_sp._C1	SRR5950434	32
Vitreoscilla_sp._C1	SRR5950435	8
Vitreoscilla_sp._C1	SRR5950436	1
Vitreoscilla_sp._C1	SRR5950437	0
Vitreoscilla_sp._C1	SRR5950438	4
Vitreoscilla_sp._C1	SRR5950439	0
Vitreoscilla_sp._C1	SRR5950440	5
Vitreoscilla_sp._C1	SRR5950441	0
Vitreoscilla_sp._C1	SRR5950442	604
Vitreoscilla_sp._C1	SRR5950443	0
Vitreoscilla_sp._C1	SRR5950444	8
Vitreoscilla_sp._C1	SRR5950445	1
Vitreoscilla_sp._C1	SRR5950446	86
Vitreoscilla_sp._C1	SRR5950447	0
Vitreoscilla_sp._C1	SRR5950448	12
Vitreoscilla_sp._C1	SRR5950449	1
Vitreoscilla_sp._C1	SRR5950450	19
Vitreoscilla_sp._C1	SRR5950451	0
Vitreoscilla_sp._C1	SRR5950452	0
Vitreoscilla_sp._C1	SRR5950453	6
Vitreoscilla_sp._C1	SRR5950454	188
Vitreoscilla_sp._C1	SRR5950455	0
Vitreoscilla_sp._C1	SRR5950456	6
Vitreoscilla_sp._C1	SRR5950457	0
Vitreoscilla_sp._C1	SRR5950458	31
Vitreoscilla_sp._C1	SRR5950459	5
Vitreoscilla_sp._C1	SRR5950460	42
Vitreoscilla_sp._C1	SRR5950461	19
Vitreoscilla_sp._C1	SRR5950462	2
Vitreoscilla_sp._C1	SRR5950463	1
Vitreoscilla_sp._C1	SRR5950464	44
Vitreoscilla_sp._C1	SRR5950465	0
Vitreoscilla_sp._C1	SRR5950466	1
Vitreoscilla_sp._C1	SRR5950467	107
Vitreoscilla_sp._C1	SRR5950468	37
Vitreoscilla_sp._C1	SRR5950469	1
Vitreoscilla_sp._C1	SRR5950470	1
Vitreoscilla_sp._C1	SRR5963912	0
Vitreoscilla_sp._C1	SRR5963913	0
Vitreoscilla_sp._C1	SRR5963914	0
Vitreoscilla_sp._C1	SRR5963915	0
Vitreoscilla_sp._C1	SRR5963916	0
Vitreoscilla_sp._C1	SRR5963917	3
Vitreoscilla_sp._C1	SRR5963918	2
Vitreoscilla_sp._C1	SRR5963919	0
Vitreoscilla_sp._C1	SRR5963920	16
Vitreoscilla_sp._C1	SRR5963921	0
Vitreoscilla_sp._C1	SRR5963922	0
Vitreoscilla_sp._C1	SRR5963923	5
Vitreoscilla_sp._C1	SRR5963924	0
Vitreoscilla_sp._C1	SRR5963925	91
Vitreoscilla_sp._C1	SRR5963926	3
Vitreoscilla_sp._C1	SRR5963927	4
Vitreoscilla_sp._C1	SRR5963928	2
Vitreoscilla_sp._C1	SRR5963929	18
Vitreoscilla_sp._C1	SRR5963930	12
Vitreoscilla_sp._C1	SRR5963931	6
Vitreoscilla_sp._C1	SRR5963932	4
Vitreoscilla_sp._C1	SRR5963933	1
Vitreoscilla_sp._C1	SRR5963934	3
Vitreoscilla_sp._C1	SRR5963935	0
Vitreoscilla_sp._C1	SRR5963936	1
Vitreoscilla_sp._C1	SRR5963937	1
Vitreoscilla_sp._C1	SRR5963938	0
Vitreoscilla_sp._C1	SRR5963939	0
Vitreoscilla_sp._C1	SRR5963940	3
Vitreoscilla_sp._C1	SRR5963941	0
Vitreoscilla_sp._C1	SRR5963942	0
Vitreoscilla_sp._C1	SRR5963943	1
Vitreoscilla_sp._C1	SRR5963944	0
Vitreoscilla_sp._C1	SRR5963945	8
Vitreoscilla_sp._C1	SRR5963946	1
Vitreoscilla_sp._C1	SRR5963947	7
Vitreoscilla_sp._C1	SRR5963948	10
Vitreoscilla_sp._C1	SRR6467548	NA
Vitreoscilla_sp._C1	SRR6467549	NA
Vitreoscilla_sp._C1	SRR6467550	NA
Vitreoscilla_sp._C1	SRR6467551	NA
Vitreoscilla_sp._C1	SRR6467552	NA
Vitreoscilla_sp._C1	SRR6467553	NA
Vitreoscilla_sp._C1	SRR6467554	NA
Vitreoscilla_sp._C1	SRR6467555	NA
Vitreoscilla_sp._C1	SRR6467556	NA
Vitreoscilla_sp._C1	SRR6467557	NA
Vitreoscilla_sp._C1	SRR6467558	NA
Vitreoscilla_sp._C1	SRR6467559	NA
Vitreoscilla_sp._C1	SRR6467560	NA
Vitreoscilla_sp._C1	SRR6467561	NA
Vitreoscilla_sp._C1	SRR6467562	NA
Vitreoscilla_sp._C1	SRR6467563	NA
Vitreoscilla_sp._C1	SRR6467564	NA
Vitreoscilla_sp._C1	SRR6467565	NA
Vitreoscilla_sp._C1	SRR6467566	NA
Vitreoscilla_sp._C1	SRR6467567	NA
Vitreoscilla_sp._C1	SRR6467568	NA
Vitreoscilla_sp._C1	SRR6467569	NA
Vitreoscilla_sp._C1	SRR6467570	NA
Vitreoscilla_sp._C1	SRR6467571	NA
Vitreoscilla_sp._C1	SRR6467572	NA
Vitreoscilla_sp._C1	SRR6467573	NA
Vitreoscilla_sp._C1	SRR6467574	NA
Vitreoscilla_sp._C1	SRR6467575	NA
Vitreoscilla_sp._C1	SRR6467576	NA
Vitreoscilla_sp._C1	SRR6467577	NA
Vitreoscilla_sp._C1	SRR6467578	NA
Vitreoscilla_sp._C1	SRR6467579	NA
Vitreoscilla_sp._C1	SRR6467580	NA
Vitreoscilla_sp._C1	SRR6467581	NA
Vitreoscilla_sp._C1	SRR6467582	NA
Vitreoscilla_sp._C1	SRR6467583	NA
Vitreoscilla_sp._C1	SRR6467584	NA
Vitreoscilla_sp._C1	SRR6467585	NA
Vitreoscilla_sp._C1	SRR6467586	NA
Vitreoscilla_sp._C1	SRR6467587	NA
Vitreoscilla_sp._C1	SRR6467588	NA
Vitreoscilla_sp._C1	SRR6467589	NA
Vitreoscilla_sp._C1	SRR6467590	NA
Vitreoscilla_sp._C1	SRR6467591	NA
Vitreoscilla_sp._C1	SRR6467592	NA
Vitreoscilla_sp._C1	SRR6467593	NA
Vitreoscilla_sp._C1	SRR6467594	NA
Vitreoscilla_sp._C1	SRR6467595	NA
Vitreoscilla_sp._C1	SRR6467596	NA
Vitreoscilla_sp._C1	SRR6467597	NA
Vitreoscilla_sp._C1	SRR6467598	NA
Vitreoscilla_sp._C1	SRR6467599	NA
Vitreoscilla_sp._C1	SRR6467600	NA
Vitreoscilla_sp._C1	SRR6467601	NA
Vitreoscilla_sp._C1	SRR6467602	NA
Vitreoscilla_sp._C1	SRR6467603	NA
Vitreoscilla_sp._C1	SRR6467604	NA
Vitreoscilla_sp._C1	SRR6467605	NA
Vitreoscilla_sp._C1	SRR6467606	NA
Vitreoscilla_sp._C1	SRR6467607	NA
Vitreoscilla_sp._C1	SRR6467608	NA
Vitreoscilla_sp._C1	SRR6467609	NA
Vitreoscilla_sp._C1	SRR6467610	NA
Vitreoscilla_sp._C1	SRR6467611	NA
Vitreoscilla_sp._C1	SRR6467612	NA
Vitreoscilla_sp._C1	SRR6467613	NA
Vitreoscilla_sp._C1	SRR6467614	NA
Vitreoscilla_sp._C1	SRR6467615	NA
Vitreoscilla_sp._C1	SRR6467616	NA
Vitreoscilla_sp._C1	SRR6467617	NA
Vitreoscilla_sp._C1	SRR6467618	NA
Vitreoscilla_sp._C1	SRR6467619	NA
Vitreoscilla_sp._C1	SRR6467620	NA
Vitreoscilla_sp._C1	SRR6467621	NA
Vitreoscilla_sp._C1	SRR6467622	NA
Vitreoscilla_sp._C1	SRR6467623	NA
Vitreoscilla_sp._C1	SRR6467624	NA
Vitreoscilla_sp._C1	SRR6467625	NA
Vitreoscilla_sp._C1	SRR6467626	NA
Vitreoscilla_sp._C1	SRR6467627	NA
Vitreoscilla_sp._C1	SRR6467628	NA
Vitreoscilla_sp._C1	SRR6467629	NA
Vitreoscilla_sp._C1	SRR6467630	NA
Vitreoscilla_sp._C1	SRR6467631	NA
Vitreoscilla_sp._C1	SRR6467632	NA
Vitreoscilla_sp._C1	SRR6467633	NA
Vitreoscilla_sp._C1	SRR6467634	NA
Vitreoscilla_sp._C1	SRR6467635	NA
Vitreoscilla_sp._C1	SRR6467636	NA
Vitreoscilla_sp._C1	SRR6467637	NA
Vitreoscilla_sp._C1	SRR6467638	NA
Vitreoscilla_sp._C1	SRR6467639	NA
Vitreoscilla_sp._C1	SRR6467640	NA
Vitreoscilla_sp._C1	SRR6467641	NA
Vitreoscilla_sp._C1	SRR6467642	NA
Vitreoscilla_sp._C1	SRR6467643	NA
Vitreoscilla_sp._C1	SRR6467644	NA
Vitreoscilla_sp._C1	SRR6467645	NA
Vitreoscilla_sp._C1	SRR6467646	NA
Vitreoscilla_sp._C1	SRR6467647	NA
Vitreoscilla_sp._C1	SRR6467648	NA
Vitreoscilla_sp._C1	SRR6467649	NA
Vitreoscilla_sp._C1	SRR6467650	NA
Vitreoscilla_sp._C1	SRR6467651	NA
Vitreoscilla_sp._C1	SRR6467652	NA
Vitreoscilla_sp._C1	SRR6467653	NA
Vitreoscilla_sp._C1	SRR6467654	NA
Vitreoscilla_sp._C1	SRR6467655	NA
Vitreoscilla_sp._C1	SRR6467656	NA
Vitreoscilla_sp._C1	SRR6467657	NA
Vitreoscilla_sp._C1	SRR6467658	NA
Vitreoscilla_sp._C1	SRR6467659	NA
Vitreoscilla_sp._C1	SRR6467660	NA
Vitreoscilla_sp._C1	SRR6467661	NA
Vitreoscilla_sp._C1	SRR6467662	NA
Vitreoscilla_sp._C1	SRR6467663	NA
Vitreoscilla_sp._C1	SRR6467664	NA
Vitreoscilla_sp._C1	SRR6467665	NA
Vitreoscilla_sp._C1	SRR6467666	NA
Vitreoscilla_sp._C1	SRR6467667	NA
Vitreoscilla_sp._C1	SRR6467668	NA
Vitreoscilla_sp._C1	SRR6467669	NA
Vitreoscilla_sp._C1	SRR6467670	NA
Vitreoscilla_sp._C1	SRR6467671	NA
Vitreoscilla_sp._C1	SRR6467672	NA
Vitreoscilla_sp._C1	SRR6467673	NA
Vitreoscilla_sp._C1	SRR6467674	NA
Vitreoscilla_sp._C1	SRR6467675	NA
Vitreoscilla_sp._C1	SRR6467676	NA
Vitreoscilla_sp._C1	SRR6467677	NA
Vitreoscilla_sp._C1	SRR6467678	NA
Vitreoscilla_sp._C1	SRR6467679	NA
Vitreoscilla_sp._C1	SRR6467680	NA
Vitreoscilla_sp._C1	SRR6467681	NA
Vitreoscilla_sp._C1	SRR6467682	NA
Vitreoscilla_sp._C1	SRR6467683	NA
Vitreoscilla_sp._C1	SRR6467684	NA
Vitreoscilla_sp._C1	SRR6467685	NA
Vitreoscilla_sp._C1	SRR6467686	NA
Vitreoscilla_sp._C1	SRR6467687	NA
Vitreoscilla_sp._C1	SRR6467688	NA
Vitreoscilla_sp._C1	SRR6467689	NA
Vitreoscilla_sp._C1	SRR6467690	NA
Vitreoscilla_sp._C1	SRR6467691	NA
Vitreoscilla_sp._C1	SRR6467692	NA
Vitreoscilla_sp._C1	SRR6467693	NA
Vitreoscilla_sp._C1	SRR6467694	NA
Vitreoscilla_sp._C1	SRR6467695	NA
Vitreoscilla_sp._C1	SRR6467696	NA
Vitreoscilla_sp._C1	SRR6467697	NA
Vitreoscilla_sp._C1	SRR6467698	NA
Vitreoscilla_sp._C1	SRR6467699	NA
Vitreoscilla_sp._C1	SRR6467700	NA
Vitreoscilla_sp._C1	SRR6467701	NA
Vitreoscilla_sp._C1	SRR6467702	NA
Vitreoscilla_sp._C1	SRR6467703	NA
Vitreoscilla_sp._C1	SRR6467704	NA
Vitreoscilla_sp._C1	SRR6467705	NA
Vitreoscilla_sp._C1	SRR6467706	NA
Vitreoscilla_sp._C1	SRR6467707	NA
Vitreoscilla_sp._C1	SRR6467708	NA
Vitreoscilla_sp._C1	SRR6467709	NA
Vitreoscilla_sp._C1	SRR6467710	NA
Vitreoscilla_sp._C1	SRR6467711	NA
Vitreoscilla_sp._C1	SRR6467712	NA
Vitreoscilla_sp._C1	SRR6467713	NA
Vitreoscilla_sp._C1	SRR6467714	NA
Vitreoscilla_sp._C1	SRR6467715	NA
Vitreoscilla_sp._C1	SRR6467716	NA
Vitreoscilla_sp._C1	SRR6467717	NA
Vitreoscilla_sp._C1	SRR6467718	NA
Vitreoscilla_sp._C1	SRR6467719	NA
Vitreoscilla_sp._C1	SRR6467720	NA
Vitreoscilla_sp._C1	SRR6467721	NA
Vitreoscilla_sp._C1	SRR6467722	NA
Vitreoscilla_sp._C1	SRR6467723	NA
Vitreoscilla_sp._C1	SRR6467724	NA
Vitreoscilla_sp._C1	SRR6467725	NA
Vitreoscilla_sp._C1	SRR6467726	NA
Vitreoscilla_sp._C1	SRR6467727	NA
Vitreoscilla_sp._C1	SRR6467728	NA
Vitreoscilla_sp._C1	SRR6467729	NA
Vitreoscilla_sp._C1	SRR6467730	NA
Vitreoscilla_sp._C1	SRR6467731	NA
Vitreoscilla_sp._C1	SRR6467732	NA
Vitreoscilla_sp._C1	SRR6467733	NA
Vitreoscilla_sp._C1	SRR6467734	NA
Vitreoscilla_sp._C1	SRR6467735	NA
Vitreoscilla_sp._C1	SRR6467736	NA
Vitreoscilla_sp._C1	SRR6467737	NA
Vitreoscilla_sp._C1	SRR6467738	NA
Vitreoscilla_sp._C1	SRR6467739	NA
Vitreoscilla_sp._C1	SRR6467740	NA
Vitreoscilla_sp._C1	SRR6467741	NA
Vitreoscilla_sp._C1	SRR6467742	NA
Vitreoscilla_sp._C1	SRR6467743	NA
Vitreoscilla_sp._C1	SRR6467744	NA
Vitreoscilla_sp._C1	SRR6467745	NA
Vitreoscilla_sp._C1	SRR6467746	NA
Vitreoscilla_sp._C1	SRR6467747	NA
Vitreoscilla_sp._C1	SRR6467748	NA
Vitreoscilla_sp._C1	SRR6467749	NA
Vitreoscilla_sp._C1	SRR6467750	NA
Vitreoscilla_sp._C1	SRR6467751	NA
Vitreoscilla_sp._C1	SRR6467752	NA
Vitreoscilla_sp._C1	SRR6467753	NA
Vitreoscilla_sp._C1	SRR6467754	NA
Vitreoscilla_sp._C1	SRR6467755	NA
Vitreoscilla_sp._C1	SRR6467756	NA
Vitreoscilla_sp._C1	SRR6467757	NA
Vitreoscilla_sp._C1	SRR6467758	NA
Vitreoscilla_sp._C1	SRR6467759	NA
Vitreoscilla_sp._C1	SRR6467760	NA
Vitreoscilla_sp._C1	SRR6467761	NA
Vitreoscilla_sp._C1	SRR6467762	NA
Vitreoscilla_sp._C1	SRR6467763	NA
Vitreoscilla_sp._C1	SRR6467764	NA
Vitreoscilla_sp._C1	SRR6467765	NA
Vitreoscilla_sp._C1	SRR6467766	NA
Vitreoscilla_sp._C1	SRR6467767	NA
Vitreoscilla_sp._C1	SRR6467768	NA
Vitreoscilla_sp._C1	SRR6467769	NA
Vitreoscilla_sp._C1	SRR6467770	NA
Vitreoscilla_sp._C1	SRR6467771	NA
Vitreoscilla_sp._C1	SRR6467772	NA
Vitreoscilla_sp._C1	SRR6467773	NA
Vitreoscilla_sp._C1	SRR6868540	NA
Vitreoscilla_sp._C1	SRR6868541	NA
Vitreoscilla_sp._C1	SRR6868542	NA
Vitreoscilla_sp._C1	SRR6868543	NA
Vitreoscilla_sp._C1	SRR6868544	NA
Vitreoscilla_sp._C1	SRR6868545	NA
Vitreoscilla_sp._C1	SRR6868546	NA
Vitreoscilla_sp._C1	SRR6868557	NA
Vitreoscilla_sp._C1	SRR6868558	NA
Vitreoscilla_sp._C1	SRR6868559	NA
Vitreoscilla_sp._C1	SRR6868560	NA
Vitreoscilla_sp._C1	SRR6868569	NA
Vitreoscilla_sp._C1	SRR6868570	NA
Vitreoscilla_sp._C1	SRR6868571	NA
Vitreoscilla_sp._C1	SRR6868572	NA
Vitreoscilla_sp._C1	SRR6868573	NA
Vitreoscilla_sp._C1	SRR6868574	NA
Vitreoscilla_sp._C1	SRR6868575	NA
Vitreoscilla_sp._C1	SRR6868576	NA
Vitreoscilla_sp._C1	SRR6868577	NA
Vitreoscilla_sp._C1	SRR6868578	NA
Vitreoscilla_sp._C1	SRR6868579	NA
Vitreoscilla_sp._C1	SRR6868580	NA
Vitreoscilla_sp._C1	SRR6868581	NA
Vitreoscilla_sp._C1	SRR6868582	NA
Vitreoscilla_sp._C1	SRR6868585	NA
Vitreoscilla_sp._C1	SRR6868586	NA
Vitreoscilla_sp._C1	SRR6868587	NA
Vitreoscilla_sp._C1	SRR6868588	NA
Vitreoscilla_sp._C1	SRR6868589	NA
Vitreoscilla_sp._C1	SRR6868590	NA
Vitreoscilla_sp._C1	SRR6868591	NA
Vitreoscilla_sp._C1	SRR6868604	NA
Vitreoscilla_sp._C1	SRR6868605	NA
Vitreoscilla_sp._C1	SRR6868606	NA
Vitreoscilla_sp._C1	SRR6868607	NA
Vitreoscilla_sp._C1	SRR6868608	NA
Vitreoscilla_sp._C1	SRR6868609	NA
Vitreoscilla_sp._C1	SRR6868610	NA
Vitreoscilla_sp._C1	SRR6868620	NA
Vitreoscilla_sp._C1	SRR6868621	NA
Vitreoscilla_sp._C1	SRR6868622	NA
Vitreoscilla_sp._C1	SRR6868623	NA
Vitreoscilla_sp._C1	SRR6868636	NA
Vitreoscilla_sp._C1	SRR6868637	NA
Vitreoscilla_sp._C1	SRR6868638	NA
Vitreoscilla_sp._C1	SRR6868639	NA
Vitreoscilla_sp._C1	SRR6868650	NA
Vitreoscilla_sp._C1	SRR6868651	NA
Vitreoscilla_sp._C1	SRR6868652	NA
Vitreoscilla_sp._C1	SRR6868653	NA
Vitreoscilla_sp._C1	SRR6868654	NA
Vitreoscilla_sp._C1	SRR6868655	NA
Vitreoscilla_sp._C1	SRR6868665	NA
Vitreoscilla_sp._C1	SRR6868666	NA
Vitreoscilla_sp._C1	SRR6868667	NA
Vitreoscilla_sp._C1	SRR6868668	NA
Vitreoscilla_sp._C1	SRR6868669	NA
Vitreoscilla_sp._C1	SRR6868670	NA
Vitreoscilla_sp._C1	SRR6868671	NA
Vitreoscilla_sp._C1	SRR6868683	NA
Vitreoscilla_sp._C1	SRR6868684	NA
Vitreoscilla_sp._C1	SRR6868685	NA
Vitreoscilla_sp._C1	SRR6868686	NA
Vitreoscilla_sp._C1	SRR6868687	NA
Vitreoscilla_sp._C1	SRR6868688	NA
Vitreoscilla_sp._C1	SRR6868689	NA
Vitreoscilla_sp._C1	SRR6868698	NA
Vitreoscilla_sp._C1	SRR6868699	NA
Vitreoscilla_sp._C1	SRR6868700	NA
Vitreoscilla_sp._C1	SRR6868701	NA
Vitreoscilla_sp._C1	SRR6868702	NA
Vitreoscilla_sp._C1	SRR6868713	NA
Vitreoscilla_sp._C1	SRR6868714	NA
Vitreoscilla_sp._C1	SRR6868715	NA
Vitreoscilla_sp._C1	SRR6868716	NA
Vitreoscilla_sp._C1	SRR6868717	NA
Vitreoscilla_sp._C1	SRR6868718	NA
Vitreoscilla_sp._C1	SRR6868719	NA
Vitreoscilla_sp._C1	SRR6868720	NA
Vitreoscilla_sp._C1	SRR6868721	NA
Vitreoscilla_sp._C1	SRR6868722	NA
Vitreoscilla_sp._C1	SRR6868723	NA
Vitreoscilla_sp._C1	SRR6868724	NA
Vitreoscilla_sp._C1	SRR6868725	NA
Vitreoscilla_sp._C1	SRR6868726	NA
Vitreoscilla_sp._C1	SRR6868741	NA
Vitreoscilla_sp._C1	SRR7632756	NA
Vitreoscilla_sp._C1	SRR7632757	NA
Vitreoscilla_sp._C1	SRR7632758	NA
Vitreoscilla_sp._C1	SRR7632759	NA
Vitreoscilla_sp._C1	SRR7632760	NA
Vitreoscilla_sp._C1	SRR7632761	NA
Vitreoscilla_sp._C1	SRR7632762	NA
Vitreoscilla_sp._C1	SRR7632763	NA
Vitreoscilla_sp._C1	SRR7632764	NA
Vitreoscilla_sp._C1	SRR7632765	NA
Vitreoscilla_sp._C1	SRR7632766	NA
Vitreoscilla_sp._C1	SRR7632767	NA
Vitreoscilla_sp._C1	SRR7632768	NA
Vitreoscilla_sp._C1	SRR7632769	NA
Vitreoscilla_sp._C1	SRR7632770	NA
Vitreoscilla_sp._C1	SRR7632771	NA
Vitreoscilla_sp._C1	SRR7632772	NA
Vitreoscilla_sp._C1	SRR7632773	NA
Vitreoscilla_sp._C1	SRR7632774	NA
Vitreoscilla_sp._C1	SRR7632775	NA
Vitreoscilla_sp._C1	SRR7632776	NA
Vitreoscilla_sp._C1	SRR7632777	NA
Vitreoscilla_sp._C1	SRR7632778	NA
Vitreoscilla_sp._C1	SRR7632779	NA
Vitreoscilla_sp._C1	SRR7632780	NA
Vitreoscilla_sp._C1	SRR7632781	NA
Vitreoscilla_sp._C1	SRR7632782	NA
Vitreoscilla_sp._C1	SRR7632783	NA
Vitreoscilla_sp._C1	SRR7632784	NA
Vitreoscilla_sp._C1	SRR7632785	NA
Vitreoscilla_sp._C1	SRR7632786	NA
Vitreoscilla_sp._C1	SRR7632787	NA
Vitreoscilla_sp._C1	SRR7632788	NA
Vitreoscilla_sp._C1	SRR7632789	NA
Vitreoscilla_sp._C1	SRR7632790	NA
Vitreoscilla_sp._C1	SRR7632791	NA
Vitreoscilla_sp._C1	SRR7632792	NA
Vitreoscilla_sp._C1	SRR7632793	NA
Vitreoscilla_sp._C1	SRR7632794	NA
Vitreoscilla_sp._C1	SRR7632795	NA
Vitreoscilla_sp._C1	SRR7632796	NA
Vitreoscilla_sp._C1	SRR7632797	NA
Vitreoscilla_sp._C1	SRR7632798	NA
Vitreoscilla_sp._C1	SRR7632799	NA
Vitreoscilla_sp._C1	SRR7632800	NA
Vitreoscilla_sp._C1	SRR7632801	NA
Vitreoscilla_sp._C1	SRR7632802	NA
Vitreoscilla_sp._C1	SRR7632803	NA
Vitreoscilla_sp._C1	SRR7632804	NA
Vitreoscilla_sp._C1	SRR7632805	NA
Vitreoscilla_sp._C1	SRR7632806	NA
Vitreoscilla_sp._C1	SRR7632807	NA
Vitreoscilla_sp._C1	SRR7632808	NA
Vitreoscilla_sp._C1	SRR7632809	NA
Vitreoscilla_sp._C1	SRR7632810	NA
Vitreoscilla_sp._C1	SRR7632811	NA
Vitreoscilla_sp._C1	SRR7632812	NA
Vitreoscilla_sp._C1	SRR7632813	NA
Vitreoscilla_sp._C1	SRR7632814	NA
Vitreoscilla_sp._C1	SRR7632815	NA
Vitreoscilla_sp._C1	SRR7632816	NA
Vitreoscilla_sp._C1	SRR7632817	NA
Vitreoscilla_sp._C1	SRR7632818	NA
Vitreoscilla_sp._C1	SRR7632819	NA
Vitreoscilla_sp._C1	SRR7632820	NA
Vitreoscilla_sp._C1	SRR7632821	NA
Vitreoscilla_sp._C1	SRR7632822	NA
Vitreoscilla_sp._C1	SRR7632823	NA
Vitreoscilla_sp._C1	SRR7632824	NA
Vitreoscilla_sp._C1	SRR7632825	NA
Vitreoscilla_sp._C1	SRR7632826	NA
Vitreoscilla_sp._C1	SRR7632827	NA
Vitreoscilla_sp._C1	SRR7632828	NA
Vitreoscilla_sp._C1	SRR7632829	NA
Vitreoscilla_sp._C1	SRR7632830	NA
Vitreoscilla_sp._C1	SRR7632831	NA
Vitreoscilla_sp._C1	SRR7632832	NA
Vitreoscilla_sp._C1	SRR7632833	NA
Vitreoscilla_sp._C1	SRR7632834	NA
Vitreoscilla_sp._C1	SRR7632835	NA
Vitreoscilla_sp._C1	SRR7632836	NA
Vitreoscilla_sp._C1	SRR7632837	NA
Vitreoscilla_sp._C1	SRR7632838	NA
Vitreoscilla_sp._C1	SRR7632839	NA
Vitreoscilla_sp._C1	SRR7632840	NA
Vitreoscilla_sp._C1	SRR7632841	NA
Vitreoscilla_sp._C1	SRR7632842	NA
Vitreoscilla_sp._C1	SRR7632843	NA
Vitreoscilla_sp._C1	SRR7632844	NA
Vitreoscilla_sp._C1	SRR7632845	NA
Vitreoscilla_sp._C1	SRR7632846	NA
Vitreoscilla_sp._C1	SRR7632847	NA
Vitreoscilla_sp._C1	SRR7632848	NA
Vitreoscilla_sp._C1	SRR7632849	NA
Vitreoscilla_sp._C1	SRR7632850	NA
Vitreoscilla_sp._C1	SRR7632851	NA
Vitreoscilla_sp._C1	SRR7632852	NA
Vitreoscilla_sp._C1	SRR7632853	NA
Vitreoscilla_sp._C1	SRR7632854	NA
Vitreoscilla_sp._C1	SRR7632855	NA
Vitreoscilla_sp._C1	SRR7632856	NA
Vitreoscilla_sp._C1	SRR7632857	NA
Vitreoscilla_sp._C1	SRR7632858	NA
Vitreoscilla_sp._C1	SRR7632859	NA
Vitreoscilla_sp._C1	SRR7632860	NA
Vitreoscilla_sp._C1	SRR7632861	NA
Vitreoscilla_sp._C1	SRR7632862	NA
Vitreoscilla_sp._C1	SRR7632863	NA
Vitreoscilla_sp._C1	SRR7632864	NA
Vitreoscilla_sp._C1	SRR7632865	NA
Vitreoscilla_sp._C1	SRR7632866	NA
Vitreoscilla_sp._C1	SRR7632867	NA
Vitreoscilla_sp._C1	SRR7632868	NA
Vitreoscilla_sp._C1	SRR7632869	NA
Vitreoscilla_sp._C1	SRR7632870	NA
Vitreoscilla_sp._C1	SRR7632871	NA
Vitreoscilla_sp._C1	SRR7632872	NA
Vitreoscilla_sp._C1	SRR7632873	NA
Vitreoscilla_sp._C1	SRR7632874	NA
Vitreoscilla_sp._C1	SRR7632875	NA
Vitreoscilla_sp._C1	SRR7632876	NA
Vitreoscilla_sp._C1	SRR7632877	NA
Vitreoscilla_sp._C1	SRR7632878	NA
Vitreoscilla_sp._C1	SRR7632879	NA
Vitreoscilla_sp._C1	SRR7632880	NA
Vitreoscilla_sp._C1	SRR7632881	NA
Vitreoscilla_sp._C1	SRR7632882	NA
Vitreoscilla_sp._C1	SRR7632883	NA
Vitreoscilla_sp._C1	SRR7632884	NA
Vitreoscilla_sp._C1	SRR7632885	NA
Vitreoscilla_sp._C1	SRR7632886	NA
Vitreoscilla_sp._C1	SRR7632887	NA
Vitreoscilla_sp._C1	SRR7632888	NA
Vitreoscilla_sp._C1	SRR7632889	NA
Vitreoscilla_sp._C1	SRR7632890	NA
Vitreoscilla_sp._C1	SRR7632891	NA
Vitreoscilla_sp._C1	SRR7632892	NA
Vitreoscilla_sp._C1	SRR7632893	NA
Vitreoscilla_sp._C1	SRR7632894	NA
Vitreoscilla_sp._C1	SRR7632895	NA
Vitreoscilla_sp._C1	SRR7632896	NA
Vitreoscilla_sp._C1	SRR7632897	NA
Vitreoscilla_sp._C1	SRR7632898	NA
Vitreoscilla_sp._C1	SRR7632899	NA
Vitreoscilla_sp._C1	SRR7632900	NA
Vitreoscilla_sp._C1	SRR7632901	NA
Vitreoscilla_sp._C1	SRR7632902	NA
Vitreoscilla_sp._C1	SRR7632903	NA
Vitreoscilla_sp._C1	SRR7632904	NA
Vitreoscilla_sp._C1	SRR7632905	NA
Vitreoscilla_sp._C1	SRR7632906	NA
Vitreoscilla_sp._C1	SRR7632907	NA
Vitreoscilla_sp._C1	SRR7632908	NA
Vitreoscilla_sp._C1	SRR7632909	NA
Vitreoscilla_sp._C1	SRR7632910	NA
Vitreoscilla_sp._C1	SRR7632911	NA
Vitreoscilla_sp._C1	SRR7632912	NA
Vitreoscilla_sp._C1	SRR7632913	NA
Vitreoscilla_sp._C1	SRR7632914	NA
Vitreoscilla_sp._C1	SRR7632915	NA
Vitreoscilla_sp._C1	SRR7632916	NA
Vitreoscilla_sp._C1	SRR7632917	NA
Vitreoscilla_sp._C1	SRR7632918	NA
Vitreoscilla_sp._C1	SRR7632919	NA
Vitreoscilla_sp._C1	SRR7632920	NA
Vitreoscilla_sp._C1	SRR7632921	NA
Vitreoscilla_sp._C1	SRR7632922	NA
Vitreoscilla_sp._C1	SRR7632923	NA
Vitreoscilla_sp._C1	SRR7632924	NA
Vitreoscilla_sp._C1	SRR7632925	NA
Vitreoscilla_sp._C1	SRR7632926	NA
Vitreoscilla_sp._C1	SRR7632927	NA
Vitreoscilla_sp._C1	SRR7632928	NA
Vitreoscilla_sp._C1	SRR7632929	NA
Vitreoscilla_sp._C1	SRR7632930	NA
Vitreoscilla_sp._C1	SRR7632931	NA
Vitreoscilla_sp._C1	SRR7632932	NA
Vitreoscilla_sp._C1	SRR7632933	NA
Vitreoscilla_sp._C1	SRR7632934	NA
Vitreoscilla_sp._C1	SRR7632935	NA
Vitreoscilla_sp._C1	SRR7632936	NA
Vitreoscilla_sp._C1	SRR7632937	NA
Vitreoscilla_sp._C1	SRR7632938	NA
Vitreoscilla_sp._C1	SRR7632939	NA
Vitreoscilla_sp._C1	SRR7632940	NA
Vitreoscilla_sp._C1	SRR7632941	NA
Vitreoscilla_sp._C1	SRR7632942	NA
Vitreoscilla_sp._C1	SRR7632943	NA
Vitreoscilla_sp._C1	SRR7632944	NA
Vitreoscilla_sp._C1	SRR7632945	NA
Vitreoscilla_sp._C1	SRR8928966	NA
Vitreoscilla_sp._C1	SRR8928967	NA
Vitreoscilla_sp._C1	SRR8928968	NA
Vitreoscilla_sp._C1	SRR8928969	NA
Vitreoscilla_sp._C1	SRR8928970	NA
Vitreoscilla_sp._C1	SRR8928971	NA
Vitreoscilla_sp._C1	SRR8928972	NA
Vitreoscilla_sp._C1	SRR8928973	NA
Vitreoscilla_sp._C1	SRR8928974	NA
Vitreoscilla_sp._C1	SRR8928975	NA
Vitreoscilla_sp._C1	SRR8928976	NA
Vitreoscilla_sp._C1	SRR8928977	NA
Vitreoscilla_sp._C1	SRR8928978	NA
Vitreoscilla_sp._C1	SRR8928979	NA
Vitreoscilla_sp._C1	SRR8928980	NA
Vitreoscilla_sp._C1	SRR8928981	NA
Vitreoscilla_sp._C1	SRR8928982	NA
Vitreoscilla_sp._C1	SRR8928983	NA
Vitreoscilla_sp._C1	SRR8928984	NA
Vitreoscilla_sp._C1	SRR8928985	NA
Vitreoscilla_sp._C1	SRR8928986	NA
Vitreoscilla_sp._C1	SRR8928987	NA
Vitreoscilla_sp._C1	SRR8928988	NA
Vitreoscilla_sp._C1	SRR8928989	NA
Vitreoscilla_sp._C1	SRR8928990	NA
Vitreoscilla_sp._C1	SRR8928991	NA
Vitreoscilla_sp._C1	SRR9835604	NA
Vitreoscilla_sp._C1	SRR9835605	NA
Vitreoscilla_sp._C1	SRR9835606	NA
Vitreoscilla_sp._C1	SRR9835607	NA
Vitreoscilla_sp._C1	SRR9835608	NA
Vitreoscilla_sp._C1	SRR9835609	NA
Vitreoscilla_sp._C1	SRR9835610	NA
Vitreoscilla_sp._C1	SRR9835611	NA
Vitreoscilla_sp._C1	SRR9835612	NA
Vitreoscilla_sp._C1	SRR9835613	NA
Vitreoscilla_sp._C1	SRR9835614	NA
Vitreoscilla_sp._C1	SRR9835615	NA
Vitreoscilla_sp._C1	SRR9835616	NA
Vitreoscilla_sp._C1	SRR9835617	NA
Vitreoscilla_sp._C1	SRR9835618	NA
Vitreoscilla_sp._C1	SRR9835619	NA
Vitreoscilla_sp._C1	SRR9835620	NA
Vitreoscilla_sp._C1	SRR9835621	NA
Vitreoscilla_sp._C1	SRR9835622	NA
Vitreoscilla_sp._C1	SRR9835623	NA
Vitreoscilla_sp._C1	SRR9835624	NA
Vitreoscilla_sp._C1	SRR9835625	NA
Vitreoscilla_sp._C1	SRR9835626	NA
Vitreoscilla_sp._C1	SRR9835627	NA
Vitreoscilla_sp._C1	SRR9835628	NA
Vitreoscilla_sp._C1	SRR9835629	NA
Vitreoscilla_sp._C1	SRR9835630	NA
Vitreoscilla_sp._C1	SRR9835631	NA
Vitreoscilla_sp._C1	SRR9835632	NA
Vitreoscilla_sp._C1	SRR9835633	NA
Vitreoscilla_sp._C1	SRR9835634	NA
Vitreoscilla_sp._C1	SRR9835635	NA
Vitreoscilla_sp._C1	SRR9835636	NA
Vitreoscilla_sp._C1	SRR9835637	NA
Vitreoscilla_sp._C1	SRR9835638	NA
Vitreoscilla_sp._C1	SRR9835639	NA
Vitreoscilla_sp._C1	SRR9835640	NA
Vitreoscilla_sp._C1	SRR9835641	NA
Vitreoscilla_sp._C1	SRR9835642	NA
Vitreoscilla_sp._C1	SRR9835643	NA
Vitreoscilla_sp._C1	SRR9835644	NA
Vitreoscilla_sp._C1	SRR9835645	NA
Vitreoscilla_sp._C1	SRR9835646	NA
Vitreoscilla_sp._C1	SRR9835647	NA
Vitreoscilla_sp._C1	SRR9835648	NA
Vitreoscilla_sp._C1	SRR9835649	NA
Vitreoscilla_sp._C1	SRR9835650	NA
Vitreoscilla_sp._C1	SRR9835651	NA
Vitreoscilla_sp._C1	SRR9835652	NA
Vitreoscilla_sp._C1	SRR9835653	NA
Vitreoscilla_sp._C1	SRR9835654	NA
Vitreoscilla_sp._C1	SRR9835655	NA
Vitreoscilla_sp._C1	SRR9835656	NA
Vitreoscilla_sp._C1	SRR9835657	NA
Vitreoscilla_sp._C1	SRR9835658	NA
Vitreoscilla_sp._C1	SRR9835659	NA
Vitreoscilla_sp._C1	SRR9835660	NA
Vitreoscilla_sp._C1	SRR9835661	NA
Vitreoscilla_sp._C1	SRR9835662	NA
Vitreoscilla_sp._C1	SRR9835663	NA
Vitreoscilla_sp._C1	SRR9835664	NA
Vitreoscilla_sp._C1	SRR9835665	NA
Vitreoscilla_sp._C1	SRR9835666	NA
Vitreoscilla_sp._C1	SRR9835667	NA
Vitreoscilla_sp._C1	SRR9835668	NA
Vitreoscilla_sp._C1	SRR9835669	NA
Vitreoscilla_sp._C1	SRR9835670	NA
Vitreoscilla_sp._C1	SRR9835671	NA
Vitreoscilla_sp._C1	SRR9835672	NA
Vitreoscilla_sp._C1	SRR9835673	NA
Vitreoscilla_sp._C1	SRR9835674	NA
Vitreoscilla_sp._C1	SRR9835675	NA
Vitreoscilla_sp._C1	SRR9835676	NA
Vitreoscilla_sp._C1	SRR9835677	NA
Vitreoscilla_sp._C1	SRR9835678	NA
Vitreoscilla_sp._C1	SRR9835679	NA
Vitreoscilla_sp._C1	SRR9835680	NA
Vitreoscilla_sp._C1	SRR9835681	NA
Vitreoscilla_sp._C1	SRR9835682	NA
Vitreoscilla_sp._C1	SRR9835683	NA
Vitreoscilla_sp._C1	SRR9835684	NA
Vitreoscilla_sp._C1	SRR9835685	NA
Vitreoscilla_sp._C1	SRR9835686	NA
Vitreoscilla_sp._C1	SRR9835687	NA
Vitreoscilla_sp._C1	SRR9835688	NA
Vitreoscilla_sp._C1	SRR9835689	NA
Vitreoscilla_sp._C1	SRR9835690	NA
Vitreoscilla_sp._C1	SRR9835691	NA
Vitreoscilla_sp._C1	SRR9835692	NA
Vitreoscilla_sp._C1	SRR9835693	NA
Vitreoscilla_sp._C1	SRR9835694	NA
Vitreoscilla_sp._C1	SRR9835695	NA
Vitreoscilla_sp._C1	SRR9835696	NA
Vitreoscilla_sp._C1	SRR9835697	NA
Vitreoscilla_sp._C1	SRR9835698	NA
Vitreoscilla_sp._C1	SRR9835699	NA
Vitreoscilla_sp._C1	SRR9835700	NA
Vitreoscilla_sp._C1	SRR9835701	NA
Vitreoscilla_sp._C1	SRR9835702	NA
Vitreoscilla_sp._C1	SRR9835703	NA
Vitreoscilla_sp._C1	SRR9835704	NA
Vitreoscilla_sp._C1	SRR9835705	NA
Vitreoscilla_sp._C1	SRR9835706	NA
Vitreoscilla_sp._C1	SRR9835707	NA
Vitreoscilla_sp._C1	SRR9835708	NA
Vitreoscilla_sp._C1	SRR9835709	NA
Vitreoscilla_sp._C1	SRR9835710	NA
Vitreoscilla_sp._C1	SRR9835711	NA
Vitreoscilla_sp._C1	SRR9835712	NA
Vitreoscilla_sp._C1	SRR9835713	NA
Vitreoscilla_sp._C1	SRR9835714	NA
Vitreoscilla_sp._C1	SRR9835715	NA
Vitreoscilla_sp._C1	SRR9835716	NA
Vitreoscilla_sp._C1	SRR9835717	NA
Vitreoscilla_sp._C1	SRR9835718	NA
Vitreoscilla_sp._C1	SRR9835719	NA
Vitreoscilla_sp._C1	SRR9835720	NA
Vitreoscilla_sp._C1	SRR9835721	NA
Vitreoscilla_sp._C1	SRR9835722	NA
Vitreoscilla_sp._C1	SRR9835723	NA
Vitreoscilla_sp._C1	SRR9835724	NA
Vitreoscilla_sp._C1	SRR9835725	NA
Vitreoscilla_sp._C1	SRR9835726	NA
Vitreoscilla_sp._C1	SRR9835727	NA
Vitreoscilla_sp._C1	SRR9835728	NA
Vitreoscilla_sp._C1	SRR9835729	NA
Vitreoscilla_sp._C1	SRR9835730	NA
Vitreoscilla_sp._C1	SRR9835731	NA
Vitreoscilla_sp._C1	SRR9835732	NA
Vitreoscilla_sp._C1	SRR9835733	NA
Vitreoscilla_sp._C1	SRR9835734	NA
Vitreoscilla_sp._C1	SRR9835735	NA
Vitreoscilla_sp._C1	SRR9835736	NA
Vitreoscilla_sp._C1	SRR9835737	NA
Vitreoscilla_sp._C1	SRR9835738	NA
Vitreoscilla_sp._C1	SRR9835739	NA
Vitreoscilla_sp._C1	SRR9835740	NA
Vitreoscilla_sp._C1	SRR9835741	NA
Vitreoscilla_sp._C1	SRR9835742	NA
Vitreoscilla_sp._C1	SRR9835743	NA
Vitreoscilla_sp._C1	SRR9835744	NA
Vitreoscilla_sp._C1	SRR9835745	NA
Vitreoscilla_sp._C1	SRR9835746	NA
Vitreoscilla_sp._C1	SRR9835747	NA
Vitreoscilla_sp._C1	SRR9835748	NA
Vitreoscilla_sp._C1	SRR9835749	NA
Vitreoscilla_sp._C1	SRR9835750	NA
Vitreoscilla_sp._C1	SRR9835751	NA
Vitreoscilla_sp._C1	SRR9835752	NA
Vitreoscilla_sp._C1	SRR9835753	NA
Vitreoscilla_sp._C1	SRR9835754	NA
Vitreoscilla_sp._C1	SRR9835755	NA
Vitreoscilla_sp._C1	SRR9835756	NA
Vitreoscilla_sp._C1	SRR9835757	NA
Vitreoscilla_sp._C1	SRR9835758	NA
Vitreoscilla_sp._C1	SRR9835759	NA
Vitreoscilla_sp._C1	SRR9835760	NA
Vitreoscilla_sp._C1	SRR9835761	NA
Vitreoscilla_sp._C1	SRR9835762	NA
Vitreoscilla_sp._C1	SRR9835763	NA
Vitreoscilla_sp._C1	SRR9835764	NA
Vitreoscilla_sp._C1	SRR9835765	NA
Vitreoscilla_sp._C1	SRR9835766	NA
Vitreoscilla_sp._C1	SRR9835767	NA
Vitreoscilla_sp._C1	SRR9835768	NA
Vitreoscilla_sp._C1	SRR9835769	NA
Vitreoscilla_sp._C1	SRR9835770	NA
Vitreoscilla_sp._C1	SRR9835771	NA
Vitreoscilla_sp._C1	SRR9835772	NA
Vitreoscilla_sp._C1	SRR9835773	NA
Vitreoscilla_sp._C1	SRR9835774	NA
Vitreoscilla_sp._C1	SRR9835775	NA
Vitreoscilla_sp._C1	SRR9835776	NA
Vitreoscilla_sp._C1	SRR9835777	NA
Vitreoscilla_sp._C1	SRR9835778	NA
Vitreoscilla_sp._C1	SRR9835779	NA
Vitreoscilla_sp._C1	SRR9835780	NA
Vitreoscilla_sp._C1	SRR9835781	NA
Vitreoscilla_sp._C1	SRR9835782	NA
Vitreoscilla_sp._C1	SRR9835783	NA
Vitreoscilla_sp._C1	SRR9835784	NA
Vitreoscilla_sp._C1	SRR9835785	NA
Vitreoscilla_sp._C1	SRR9835786	NA
Vitreoscilla_sp._C1	SRR9835787	NA
Vitreoscilla_sp._C1	SRR9835788	NA
Vitreoscilla_sp._C1	SRR9835789	NA
Vitreoscilla_sp._C1	SRR9835790	NA
Vitreoscilla_sp._C1	SRR9835791	NA
Vitreoscilla_sp._C1	SRR9835792	NA
Vitreoscilla_sp._C1	SRR9835793	NA
Vitreoscilla_sp._C1	SRR9835794	NA
Vitreoscilla_sp._C1	SRR9835795	NA
Vitreoscilla_sp._C1	SRR9835796	NA
Vitreoscilla_sp._C1	SRR9835797	NA
Vitreoscilla_sp._C1	SRR9835798	NA
Vitreoscilla_sp._C1	SRR9835799	NA
Vitreoscilla_sp._C1	SRR9835800	NA
Vitreoscilla_sp._C1	SRR9835801	NA
Vitreoscilla_sp._C1	SRR9835802	NA
Vitreoscilla_sp._C1	SRR9867812	0
Vitreoscilla_sp._C1	SRR9867813	0
Vitreoscilla_sp._C1	SRR9867814	2
Vitreoscilla_sp._C1	SRR9867815	1
Vitreoscilla_sp._C1	SRR9867816	1
Vitreoscilla_sp._C1	SRR9867817	1
Vitreoscilla_sp._C1	SRR9867818	0
Vitreoscilla_sp._C1	SRR9867819	2
Vitreoscilla_sp._C1	SRR9867820	0
Vitreoscilla_sp._C1	SRR9867821	1
Vitreoscilla_sp._C1	SRR9867822	2
Vitreoscilla_sp._C1	SRR9867823	0
Vitreoscilla_sp._C1	SRR9867824	0
Vitreoscilla_sp._C1	SRR9867825	2
Vitreoscilla_sp._C1	SRR9867826	5
Vitreoscilla_sp._C1	SRR9867827	0
Vitreoscilla_sp._C1	SRR9867828	1
Vitreoscilla_sp._C1	SRR9867829	0
Vitreoscilla_sp._C1	SRR9867830	0
Vitreoscilla_sp._C1	SRR9867831	0
Vitreoscilla_sp._C1	SRR9879292	NA
Vitreoscilla_sp._C1	SRR9879293	NA
Vitreoscilla_sp._C1	SRR9879294	NA
Vitreoscilla_sp._C1	SRR9879295	NA
Vitreoscilla_sp._C1	SRR9879296	NA
Vitreoscilla_sp._C1	SRR9879297	NA
Vitreoscilla_sp._C1	SRR9879298	NA
Vitreoscilla_sp._C1	SRR9879299	NA
Vitreoscilla_sp._C1	SRR9879300	NA
Vitreoscilla_sp._C1	SRR9879301	NA
Vitreoscilla_sp._C1	SRR9879302	NA
Vitreoscilla_sp._C1	SRR9879303	NA
Vitreoscilla_sp._C1	SRR9879304	NA
Vitreoscilla_sp._C1	SRR9879305	NA
Vitreoscilla_sp._C1	SRR9879306	NA
Vitreoscilla_sp._C1	SRR9879307	NA
Vitreoscilla_sp._C1	SRR9879308	NA
Vitreoscilla_sp._C1	SRR9879309	NA
Vitreoscilla_sp._C1	T50_307	5
Vitreoscilla_sp._C1	T50_313	1
Vitreoscilla_sp._C1	T50_317	2
Vitreoscilla_sp._C1	T50_324	19
Vitreoscilla_sp._C1	T50_427	0
Vitreoscilla_sp._C1	T50_428	0
Vitreoscilla_sp._C1	T50_431	0
Vitreoscilla_sp._C1	T50_436	0
Vitreoscilla_sp._C1	T50_476	0
Vitreoscilla_sp._C1	UN_307	106
Vitreoscilla_sp._C1	UN_313	151
Vitreoscilla_sp._C1	UN_317	96
Vitreoscilla_sp._C1	UN_323	21
Vitreoscilla_sp._C1	UN_324	144
Vitreoscilla_sp._C1	UN_427	0
Vitreoscilla_sp._C1	UN_428	1
Vitreoscilla_sp._C1	UN_431	1
Vitreoscilla_sp._C1	UN_436	0
Vitreoscilla_sp._C1	UN_476	0
