Gene	sample	counts
AC019118.3	CM317	1.0496947053399786
AC019118.3	CMCD140	1.0092852040017053
AC019118.3	CMCD147	1.0387377232738804
AC019118.3	CMCD152	1
AC019118.3	CMCD154	1.0097029263832331
AC019118.3	CMCD159	15.15683238476937
AC019118.3	CMCD161	1.0030637444667863
AC019118.3	CMCD174	1.0883603953024104
AC019118.3	CMCD196	1.0088734782641728
AC019118.3	CMCD198	1.027928565649914
AC019118.3	CMCD203	1.0031790985514153
AC019118.3	CMCD211	0.8015566318744244
AC019118.3	CMCD227	1.6385904013167316
AC019118.3	CMCD240	0.9256708984213363
AC019118.3	CMCD259	3
AC019118.3	CMCD270	1.005170859507078
AC019118.3	CMCD275	1.0084289351631328
AC019118.3	CMCD282	1.0127082910163139
AC019118.3	CMCD286	0.9360259523322331
AC019118.3	CMCD287	1
AC019118.3	CMCD294	1.061130699852429
AC019118.3	CMCD327	1.0050818994069226
AC019118.3	CMCD335	1.0046546976589779
AC019118.3	CMCD337	1.0066357688747274
AC019118.3	CMCD357	1.0203676217787498
AC019118.3	CMCD398	1.0058055966749162
AC019118.3	CMCD403	1.007131956762018
AC019118.3	CMCD422	1.002086827591817
AC019118.3	CMCD426	1.109996027604914
AC019118.3	CMCD71	1.0063256548892079
AC019118.3	CMCD72	1.1440405671509037
AC019118.3	CMCD76	1.0022671640812284
AC019118.3	CMCD88	1.000179960941952
AC019118.3	CMSA256	1
AC019118.3	CMSA316	1.0080145694811098
AC019118.3	CMUC110	1
AC019118.3	CMUC192	1.0131538458119358
AC019118.3	CMUC199	1.0266064941522361
AC019118.3	CMUC200	1.0023284588262065
AC019118.3	CMUC208	1.0024434346676425
AC019118.3	CMUC231	4
AC019118.3	CMUC234	1
AC019118.3	CMUC285	1.0109066424484112
AC019118.3	CMUC291	1.0065605922780039
AC019118.3	CMUC295	1.0009001286274537
AC019118.3	CMUC299	1.0029139303926111
AC019118.3	CMUC301	1.0005399799895063
AC019118.3	CMUC307	1.0027530595094736
AC019118.3	CMUC313	1.0406199795536664
AC019118.3	CMUC314	1.0531743294773983
AC019118.3	CMUC323	1.0232441215691963
AC019118.3	CMUC324	3.002700385882361
AC019118.3	CMUC331	1.008979678815539
AC019118.3	CMUC333	1.0226855040011238
AC019118.3	CMUC334	1.0147637781192929
AC019118.3	CMUC346	1.0107140402598958
AC019118.3	CMUC352	1.0059528932594937
AC019118.3	CMUC360	1.0012604069024411
AC019118.3	CMUC363	1.0255367303100333
AC019118.3	CMUC365	1.0065437279509373
AC019118.3	CMUC366	1.0032749335441427
AC019118.3	CMUC368	1
AC019118.3	CMUC377	1.0040587302830086
AC019118.3	CMUC379	1.0664515526402574
AC019118.3	CMUC380	1.0176874450837656
AC019118.3	CMUC383	1.0137840525909332
AC019118.3	CMUC394	1.007265338334756
AC019118.3	CMUC419	1.024221051989512
AC019118.3	CMUC427	1
AC019118.3	CMUC428	1.0062427879425755
AC019118.3	CMUC431	1.0018317001382826
AC019118.3	CMUC435	1.0048874606535836
AC019118.3	CMUC439	1.0063179408035714
AC019118.3	CMUC89	1
AC019118.3	CS219	1.002447533024164
AC019118.3	CS256	1.0022671640812284
AC019118.3	CS257	1.089979985878173
AC019118.3	CS259	1.0015292324755884
AC019118.3	CS261	1.0227433496373879
AC019118.3	CS266	1.0344406863242126
AC019118.3	CS270	1.0125793616529746
AC019118.3	CS277	13.20928132468414
AC019118.3	CS288	1.0089179773327999
AC019118.3	CS290	1.007935358827293
AC019118.3	CS292	1.0136016438843358
AC019118.3	CS293	1.0159883878434666
AC019118.3	CS301	1.0255014806521223
AC019118.3	CS306	6.2219267752371845
AC019118.3	CS308	1.0254014198472583
AC019118.3	CS315	1.0265836055430344
AC019118.3	CS317	1.0691022518554174
AC019118.3	CS322	1.0131677901654654
AC019118.3	CS327	3.0140562527037322
AC019118.3	CS328	1.0532227797951625
AC019118.3	CS330	1.0732794536999326
AC019118.3	CS331	1.0183441621534113
AC019118.3	CS335	4.540792715406335
AC019118.3	CS338	1.0294503626489493
AC019118.3	CS339	1.1642104248974183
AC019118.3	CS343	1.0079313245495483
AC019118.3	CS344	1.0136851471582224
AC019118.3	CS350	1.021809713154857
AC019118.3	CS351	1.0082169227776983
AC019118.3	CS361	1.0231543575157043
AC019118.3	CS388	1.0331387058791355
AC019118.3	CS396	1.010589221555441
AC019118.3	CS405	1.023931692107002
AC019118.3	CS415	9.65326490425073
AC019118.3	CS424	1.0352517578472156
AC019118.3	IM293	1.005276670296832
AC019118.3	IM296	1.064463289332191
AC019118.3	IM297	1.0944885764691814
AC019118.3	IM300	1
AC019118.3	IM305	1.0098834104700367
AC019118.3	IM309	1.0649644397817766
AC019118.3	IM310	1.0133773385295795
AC019118.3	IM311	1.0123286697107707
AC019118.3	IM316	4.02013731334944
AC019118.3	IM320	1.0454213547260982
AC019118.3	IM330	1.01011866810866
AC019118.3	IM332	1.0290904121726339
AC019118.3	IM340	1.0535879064802887
AC019118.3	IM348	1.034853198121328
AC019118.3	IM354	1.007131956762018
AC019118.3	IM356	7.055765320470658
AC019118.3	IM364	1.016813207554994
AC019118.3	IM372	0.9790012480305632
AC019118.3	IM374	1.0474599361127908
AC019118.3	IM376	1.014079534585469
AC019118.3	IM381	1.0123114121679178
AC019118.3	IM382	1.0307681061453446
AC019118.3	IM385	2
AC019118.3	IM390	1.0273630104120455
AC019118.3	IM397	1.0111260044482688
AC019118.3	IM404	1.0028664619341938
AC019118.3	IM409	1.0056553730873352
AC019118.3	IM412	2
AC019118.3	IM421	1.0155577247460867
AC019118.3	IM425	1.0520033799095727
AC019118.3	IM432	1.0393271099875068
AC019118.3	IM438	1
AC019118.3	IM442	1.0408884293487235
AC019118.3	IM445	1.0112874661338156
AC019118.3	IM448	1.021809713154857
AC019118.3	IM449	1.0083227925805054
AC019118.3	IM451	1.005112632378651
AC019118.3	IMSA256	1.0040554922457436
AC019118.3	IMSA276	1
AC019118.3	IMSA286	1
AC019118.3	IMSA343	1.0123997266953233
AC019118.3	IS_238	3
AC019118.3	IS238	2.0463659865475035
AC019118.3	IS243	1
AC019118.3	IS253	1
AC019118.3	IS283	1
AC019118.3	IS322	1.0103131867970327
AC019118.3	IS399	1.0069400737425076
AC019118.3	IS418	1.0908267191361551
AC019118.3	IS430	1.0818719286848866
AC019118.3	IS437	1.0791582738983603
AC019118.3	IS444	1.0366814403266558
AC019118.3	R276CMSA	1.061719097392973
AC019118.3	R286CMSA	1
AC019118.3	R292CMSA	1.0041473056389194
AC019118.3	R292IMSA	1.073657155188672
AC019118.3	R308CMSA	1.06717128675431
AC019118.3	R316IMSA	1.0192539459593348
AC019118.3	R347CMSA	1.063497692354949
AC019118.3	R347IMSA	1.0621981468028772
AC019118.3	R371CMSA	3.0119415250402137
AC019118.3	SRR10104064	1.1094515272513297
AC019118.3	SRR10104065	1.0058572527884204
AC019118.3	SRR10104066	1.0187395055126454
AC019118.3	SRR10104067	1.023057146473477
AC019118.3	SRR10104068	1.0046558594156214
AC019118.3	SRR10104069	1.0114572698828992
AC019118.3	SRR10104070	1.0293904998541934
AC019118.3	SRR10104071	1.1606052908522344
AC019118.3	SRR10104072	1.0698874845957154
AC019118.3	SRR10104073	1.044654039124863
AC019118.3	SRR10104074	1.095822342836796
AC019118.3	SRR10104075	1.1510100695372476
AC019118.3	SRR10104076	1.0276547583233047
AC019118.3	SRR10104077	1.100777777658168
AC019118.3	SRR10104078	1.0414272361609767
AC019118.3	SRR10104079	1.0895071357309336
AC019118.3	SRR10104080	1.121518162035866
AC019118.3	SRR10104081	1.0158440725472526
AC019118.3	SRR10104082	1.0822514404163561
AC019118.3	SRR10104083	1.0631988390336564
AC019118.3	SRR10104084	1.067846735357961
AC019118.3	SRR10104085	1.0222173271187234
AC019118.3	SRR10104086	1.024784508800748
AC019118.3	SRR10104087	2.0064000158761304
AC019118.3	SRR10104088	1.0091134916012459
AC019118.3	SRR10104089	1.1347456128596176
AC019118.3	SRR10104090	1.0263035277348909
AC019118.3	SRR10104091	1.0420863331254986
AC019118.3	SRR10104092	1.0127338855518124
AC019118.3	SRR10104093	1.034297644620457
AC019118.3	SRR10104094	1.0340224493748036
AC019118.3	SRR10104095	1.0540616053506102
AC019118.3	SRR10104096	1.145718575159829
AC019118.3	SRR10104097	1.0631209277390947
AC019118.3	SRR10104098	1.0297617779816932
AC019118.3	SRR10104099	1.0474771062612767
AC019118.3	SRR10104100	1.0290641027802212
AC019118.3	SRR10104101	1.0055761585433334
AC019118.3	SRR10104102	1.0153169306923229
AC019118.3	SRR10104103	1.05208117298879
AC019118.3	SRR10104104	1.0154976077084612
AC019118.3	SRR10104105	1.0808351888270706
AC019118.3	SRR10104106	1.1304558697538387
AC019118.3	SRR10104107	1.00957560699629
AC019118.3	SRR10104108	1.0068572159530078
AC019118.3	SRR10104109	1.1183964997691782
AC019118.3	SRR10104110	1.1898566945611233
AC019118.3	SRR10104111	2.0654204409439845
AC019118.3	SRR10104112	1.186621143391241
AC019118.3	SRR10104113	1.0358394085966935
AC019118.3	SRR10104114	1.1728061185225533
AC019118.3	SRR10104115	1.14422200397898
AC019118.3	SRR10104116	1.0467296948207412
AC019118.3	SRR10104117	1.038848634824914
AC019118.3	SRR10104118	1.143352850751477
AC019118.3	SRR10104119	1.1898188257203337
AC019118.3	SRR10104120	1.0270705483762537
AC019118.3	SRR10104121	1.0817747165060128
AC019118.3	SRR10104122	1.0894989096112995
AC019118.3	SRR10104123	1.082048079369872
AC019118.3	SRR10104124	1.1164136874736872
AC019118.3	SRR10104125	1.0998082352268765
AC019118.3	SRR10104126	1.0394547176893827
AC019118.3	SRR10104127	1.1858382433832468
AC019118.3	SRR10104128	1.0287766983431799
AC019118.3	SRR10104129	1.026295765603751
AC019118.3	SRR10104130	1.041146918346077
AC019118.3	SRR10104131	1.0113290464541402
AC019118.3	SRR10104132	1.007213437136861
AC019118.3	SRR10104133	1.1637684274221152
AC019118.3	SRR10104134	1.0301069188305016
AC019118.3	SRR10104135	1.100806080320317
AC019118.3	SRR10104136	1.015016246826139
AC019118.3	SRR10104137	1.107740379806039
AC019118.3	SRR10104138	1.195501466366171
AC019118.3	SRR10104139	1.011356708865119
AC019118.3	SRR10104140	1.1423063013482577
AC019118.3	SRR10104141	1.059516503163875
AC019118.3	SRR10104142	1.0513197704930992
AC019118.3	SRR10104143	2.0163568006131327
AC019118.3	SRR10104144	1.0594651714413874
AC019118.3	SRR10104145	1.0623428698869635
AC019118.3	SRR10104146	1.009621630502804
AC019118.3	SRR10104147	1.001709468619657
AC019118.3	SRR10104148	1.0516475471177122
AC019118.3	SRR10104149	1.0467449900052073
AC019118.3	SRR10104150	2.0232541506929755
AC019118.3	SRR10104151	1.0076559805417438
AC019118.3	SRR10104152	1.0056216750483238
AC019118.3	SRR10104153	1.1019297495172091
AC019118.3	SRR10104154	1.0305255485236042
AC019118.3	SRR10104155	1.0878745919585404
AC019118.3	SRR10104156	1.0040587302830086
AC019118.3	SRR10104157	1.048915508528946
AC019118.3	SRR10104158	1.020515544249276
AC019118.3	SRR10104159	1.0126004669704767
AC019118.3	SRR10104160	1.1246452493735022
AC019118.3	SRR10104161	1.0017262519502124
AC019118.3	SRR10104162	1.0203379943833408
AC019118.3	SRR10104163	1.0300988116116585
AC019118.3	SRR10104164	1.0196346259197715
AC019118.3	SRR10104165	1.0382728925974472
AC019118.3	SRR10104166	1.0407462625761652
AC019118.3	SRR10104167	1.0225819466033605
AC019118.3	SRR10104168	1.028619155105796
AC019118.3	SRR10104169	1.0246876051078921
AC019118.3	SRR10104170	1.0300621533967607
AC019118.3	SRR10104171	1.0239774453836796
AC019118.3	SRR10104172	1.0338434316089917
AC019118.3	SRR10104173	1.0603886751096372
AC019118.3	SRR10104174	1.0338308135451142
AC019118.3	SRR10104175	1.0224777066753272
AC019118.3	SRR10104176	1.02249117212648
AC019118.3	SRR10104177	1.0253301392642815
AC019118.3	SRR10104178	1.0384147366527665
AC019118.3	SRR10104179	1.0346450273897643
AC019118.3	SRR10104180	1.0219501836121274
AC019118.3	SRR10104181	1.0267665308530658
AC019118.3	SRR10104182	1.035134385886849
AC019118.3	SRR10104183	1.0476481310619528
AC019118.3	SRR10104184	1.0212735079721074
AC019118.3	SRR10104185	1.063606994083587
AC019118.3	SRR10104186	1.0329452604392448
AC019118.3	SRR10104187	1.0769831789043174
AC019118.3	SRR10104188	1.0538655428853925
AC019118.3	SRR10104189	1.0595562598302013
AC019118.3	SRR10104190	1.1456942406975419
AC019118.3	SRR10104191	1.1375415852920412
AC019118.3	SRR10104192	1.026052966107226
AC019118.3	SRR10104193	1.039842399081235
AC019118.3	SRR10104194	1.0428799048858834
AC019118.3	SRR10104195	1.041874169755153
AC019118.3	SRR10104196	1.0406484493629597
AC019118.3	SRR10104197	1.016827778198725
AC019118.3	SRR10104198	1.025845924075245
AC019118.3	SRR10104199	1.0822812473676409
AC019118.3	SRR10104200	1.0353416618928366
AC019118.3	SRR10104201	1.0262034008940275
AC019118.3	SRR10104202	1.0661565199682426
AC019118.3	SRR10104203	1.0226367394548255
AC019118.3	SRR10104204	1.0313459546081654
AC019118.3	SRR10104205	1.0268650017331544
AC019118.3	SRR10104206	1.0287660812770658
AC019118.3	SRR10104207	1.0327220098173928
AC019118.3	SRR10104208	1.0176351169212208
AC019118.3	SRR10104209	1.0231628517195777
AC019118.3	SRR10104210	1.0263049337229564
AC019118.3	SRR10104211	1.0187630485926629
AC019118.3	SRR10104212	1.0187543126316272
AC019118.3	SRR10104213	1.058921503370994
AC019118.3	SRR10104214	1.0299744390521086
AC019118.3	SRR10104215	1.0107140402598958
AC019118.3	SRR10104216	1.060640170595656
AC019118.3	SRR10104217	1.02491390827642
AC019118.3	SRR10104218	1.0636360366675373
AC019118.3	SRR10104219	1.0633498186525099
AC019118.3	SRR10104220	1.03511691930575
AC019118.3	SRR10104221	1.0872363603035893
AC019118.3	SRR10104222	1.0381384685659298
AC019118.3	SRR10104223	1.1766327257469633
AC019118.3	SRR10104224	1.0253851067334427
AC019118.3	SRR10104225	1.0314165053623716
AC019118.3	SRR10104226	1.0388893560726131
AC019118.3	SRR10104227	1.074938615735897
AC019118.3	SRR10104228	1.1189120562490085
AC019118.3	SRR10104229	1.0371677751979662
AC019118.3	SRR10104230	1.101165214661461
AC019118.3	SRR10104231	1.0760855121352966
AC019118.3	SRR10104232	1.0597726421651714
AC019118.3	SRR10104233	1.0718133708527031
AC019118.3	SRR10104234	1.0233588556108677
AC019118.3	SRR10104235	1.043603481105794
AC019118.3	SRR10104236	1.0093078766201782
AC019118.3	SRR10104237	1.0184909964241078
AC019118.3	SRR10104238	1.0703034082552154
AC019118.3	SRR10104239	1.0611784078973197
AC019118.3	SRR10104240	1.0723812048685664
AC019118.3	SRR10104241	1.0400598513679928
AC019118.3	SRR10104242	1.063845639897752
AC019118.3	SRR10104243	1.06730685614599
AC019118.3	SRR10104244	1.039511551636178
AC019118.3	SRR10104245	1.040779809770632
AC019118.3	SRR10104246	1.1058002069903252
AC019118.3	SRR10104247	1.0564288046419525
AC019118.3	SRR10104248	1.0740857704182307
AC019118.3	SRR10104249	1.0271816644146015
AC019118.3	SRR10104250	1.153013547676236
AC019118.3	SRR10104251	1.0466047478518792
AC019118.3	SRR10104252	1.1796947867396619
AC019118.3	SRR10104253	1.0961853754741664
AC019118.3	SRR10104254	1.0372141130641137
AC019118.3	SRR10104255	1.0309957549391915
AC019118.3	SRR10104256	1.0293845436631004
AC019118.3	SRR10104257	1.037517112746005
AC019118.3	SRR10104258	1.0307926732391595
AC019118.3	SRR10224277	1.0244173062905177
AC019118.3	SRR10224278	1.0926635070500108
AC019118.3	SRR10224279	1.089250843220296
AC019118.3	SRR10224280	1.0227917534671278
AC019118.3	SRR10224281	1.0161102598101706
AC019118.3	SRR10224282	1.0501757282099426
AC019118.3	SRR10224283	1.042245924204279
AC019118.3	SRR10224284	1.1092008744415571
AC019118.3	SRR10224285	1.1279661106950958
AC019118.3	SRR10224286	1.0254224279077875
AC019118.3	SRR10224287	1.033803410459708
AC019118.3	SRR10224288	1.0962707234129587
AC019118.3	SRR10224289	1.0935047184878017
AC019118.3	SRR10224290	1.095529172881304
AC019118.3	SRR10224291	1.0312113499898703
AC019118.3	SRR10224292	1.0118581905327977
AC019118.3	SRR10224293	3.091857781067434
AC019118.3	SRR10224294	1.0580047935764523
AC019118.3	SRR10224295	1.0860783600082067
AC019118.3	SRR10224296	1.0547229540206002
AC019118.3	SRR10224297	1.1274808217665389
AC019118.3	SRR10224298	1.0332224020270313
AC019118.3	SRR10318388	1.007335826080517
AC019118.3	SRR10318389	1.0047034125711976
AC019118.3	SRR10318390	1.0123022113887696
AC019118.3	SRR10318391	1.011851664163083
AC019118.3	SRR10318392	1.0138553266422912
AC019118.3	SRR10318393	1.0028083682939712
AC019118.3	SRR10318394	1.0131779337217366
AC019118.3	SRR10318395	1.0044169063073385
AC019118.3	SRR10318396	1.0079492911740628
AC019118.3	SRR10318397	1.0058194995827097
AC019118.3	SRR10318398	1.0034248015445335
AC019118.3	SRR10318399	1.0501074458020174
AC019118.3	SRR10318400	1.0147756454841836
AC019118.3	SRR10318401	1.0036053788169974
AC019118.3	SRR10318402	1.0042087153660115
AC019118.3	SRR10318403	1.004809174154462
AC019118.3	SRR10318404	1.0017262519502124
AC019118.3	SRR10318405	1.0024033193392368
AC019118.3	SRR10318406	1.0045332833268676
AC019118.3	SRR10318407	1.0098124708404557
AC019118.3	SRR10318408	1.0030026986051792
AC019118.3	SRR10318409	1.003152525939443
AC019118.3	SRR10318410	1.0040554922457436
AC019118.3	SRR10318411	1.0036365750295506
AC019118.3	SRR10318412	1.0048260094196193
AC019118.3	SRR10318413	1.0038166819322296
AC019118.3	SRR10318414	1.0058946208297335
AC019118.3	SRR10318415	1.006478060580776
AC019118.3	SRR10318416	1.009901553775856
AC019118.3	SRR10318417	1.0071565815090566
AC019118.3	SRR10318418	1.003747088789452
AC019118.3	SRR10318419	1.0039837461421828
AC019118.3	SRR10318420	1.0018010674864533
AC019118.3	SRR10318421	1.0047436199473785
AC019118.3	SRR10318422	1.002086827591817
AC019118.3	SRR10318423	1.0014712162978496
AC019118.3	SRR10318424	1.002086827591817
AC019118.3	SRR10318425	1.0064830045107445
AC019118.3	SRR10318426	1.0953414278907072
AC019118.3	SRR10318427	1.108018223770156
AC019118.3	SRR10318428	1.0013184108677915
AC019118.3	SRR10318429	1.0039837461421828
AC019118.3	SRR10318430	1.0085997241808262
AC019118.3	SRR10318431	1.0051501237216312
AC019118.3	SRR10318432	2.0033576794105152
AC019118.3	SRR10318433	1.2750020383966563
AC019118.3	SRR10318434	1.0030469387273355
AC019118.3	SRR10318435	1.00593898850787
AC019118.3	SRR10318436	4.010933910125871
AC019118.3	SRR10318437	1.0007200381067656
AC019118.3	SRR10318438	2.0025208138048822
AC019118.3	SRR10318439	1.0041002874283278
AC019118.3	SRR10318440	1.0157338737818744
AC019118.3	SRR10318441	1.002760904831865
AC019118.3	SRR10318442	1.0286330408058433
AC019118.3	SRR10318443	1.0022777857742395
AC019118.3	SRR10318444	1.0084894405469222
AC019118.3	SRR10318445	1.012049840442984
AC019118.3	SRR10318446	1.0039498099915638
AC019118.3	SRR10318447	1.0104267982146213
AC019118.3	SRR10318448	1.0069124078551868
AC019118.3	SRR10318449	1.002086827591817
AC019118.3	SRR10318450	1.0051877008321608
AC019118.3	SRR10318451	1
AC019118.3	SRR10318452	1.006256696893515
AC019118.3	SRR10318453	1.0198040239242185
AC019118.3	SRR10318454	1.0047509679775968
AC019118.3	SRR10318455	2.0120347260657407
AC019118.3	SRR10318456	1.0065605922780039
AC019118.3	SRR10318457	1.001546012786343
AC019118.3	SRR10318458	1.0126930617379193
AC019118.3	SRR10318459	1.006445823745561
AC019118.3	SRR10318460	2.0079332617166834
AC019118.3	SRR10318461	1.0035136149744603
AC019118.3	SRR10318462	1.006666549360023
AC019118.3	SRR10318463	1.0030944157282213
AC019118.3	SRR10318464	2.012390913421453
AC019118.3	SRR10318465	2.0018002572549074
AC019118.3	SRR10318466	1.0093704094610745
AC019118.3	SRR10318467	1.0050609507965924
AC019118.3	SRR10318468	1.0097343121328235
AC019118.3	SRR10318469	4.014054459897841
AC019118.3	SRR10318470	1
AC019118.3	SRR10318471	2
AC019118.3	SRR10318472	1.0044000778964617
AC019118.3	SRR10318473	1.0038748339850176
AC019118.3	SRR10318474	1.0041780100330324
AC019118.3	SRR10318475	1.0039973297278573
AC019118.3	SRR10318476	1.0035749859475067
AC019118.3	SRR10318495	1.0010802515574013
AC019118.3	SRR10318496	2.0176108965782746
AC019118.3	SRR10318497	1.0054703162308267
AC019118.3	SRR10318498	1.0009001286274537
AC019118.3	SRR10318499	1.0010054898524368
AC019118.3	SRR10318500	1.005730776723367
AC019118.3	SRR10318501	1.0048260094196193
AC019118.3	SRR10318502	1.0005399799895063
AC019118.3	SRR10318503	1.0018010674864533
AC019118.3	SRR10318504	1.006604989330596
AC019118.3	SRR10318505	2.0010799599790126
AC019118.3	SRR10318506	1.0119197753671667
AC019118.3	SRR10318507	1.0119742595178156
AC019118.3	SRR10318508	1.0309684455084223
AC019118.3	SRR10318509	1.0068435936744917
AC019118.3	SRR10318510	1.007927987508717
AC019118.3	SRR10318511	1.0012604069024411
AC019118.3	SRR10318512	1.00761712043278
AC019118.3	SRR10318513	1.0033056112632286
AC019118.3	SRR10318514	1.0045976621199102
AC019118.3	SRR10318515	1.0119306087919657
AC019118.3	SRR10318516	2.011850757305032
AC019118.3	SRR10318517	1.0026279344264644
AC019118.3	SRR10318518	4.0286925236986075
AC019118.3	SRR10318519	1.0047192251993753
AC019118.3	SRR10318520	1.0019813525502068
AC019118.3	SRR10318521	1.00361925131193
AC019118.3	SRR10318522	1.0013658060526471
AC019118.3	SRR10318523	1.0022671640812284
AC019118.3	SRR10318524	1.0076746226166553
AC019118.3	SRR10318525	1.0061984068651417
AC019118.3	SRR10318526	1.0065161971835763
AC019118.3	SRR10318527	2.0007199085396894
AC019118.3	SRR10318528	1.0025362599557612
AC019118.3	SRR10318529	2.004534328162457
AC019118.3	SRR10318530	1.0067403310744534
AC019118.3	SRR10318531	1.0089179773327999
AC019118.3	SRR10318532	1.0082536977318846
AC019118.3	SRR10318533	1.0231907162447254
AC019118.3	SRR10318534	1.0175665606361486
AC019118.3	SRR10318535	1.0154976077084612
AC019118.3	SRR10318536	1.0040554922457436
AC019118.3	SRR10318537	1.0108415032166953
AC019118.3	SRR10318538	1.0018317001382826
AC019118.3	SRR10318539	1.0072166853583673
AC019118.3	SRR10318540	1.0054502276354615
AC019118.3	SRR10318541	1.0070904892371237
AC019118.3	SRR10318542	2.016068177063215
AC019118.3	SRR10318543	1.010007862549104
AC019118.3	SRR10318544	1.0024781854433447
AC019118.3	SRR10318545	1.0086306245764651
AC019118.3	SRR10318546	1.0014405946684066
AC019118.3	SRR10318547	1.0039530476880079
AC019118.3	SRR10318548	1.0048398987869123
AC019118.3	SRR10318549	2.013750499711109
AC019118.3	SRR10318568	1.003152525939443
AC019118.3	SRR10318569	1.000825380374255
AC019118.3	SRR10318570	1.0106355959208053
AC019118.3	SRR10318571	3.0024761411227656
AC019118.3	SRR10318572	1.0047509679775968
AC019118.3	SRR10318573	1.0014712162978496
AC019118.3	SRR10318574	1.0024307376089714
AC019118.3	SRR10318575	1.0046970709565088
AC019118.3	SRR10318576	1.0043070800365925
AC019118.3	SRR10318577	1.0028971271632066
AC019118.3	SRR10318578	2.0018002572549074
AC019118.3	SRR10318579	1.003152525939443
AC019118.3	SRR10318580	1.0013658060526471
AC019118.3	SRR10318581	2
AC019118.3	SRR10875803	7.300350845180959
AC019118.3	SRR10875804	4.421598949712842
AC019118.3	SRR10875805	5.194067188592751
AC019118.3	SRR10875806	2.5894236704483773
AC019118.3	SRR10875807	0.9606906001395203
AC019118.3	SRR10875808	0.9089334807779137
AC019118.3	SRR10875809	0.6322609572630693
AC019118.3	SRR10875810	1.807292781683554
AC019118.3	SRR10875812	1
AC019118.3	SRR10875813	0.8096197169317331
AC019118.3	SRR10875814	1.0039973297278573
AC019118.3	SRR10875815	3
AC019118.3	SRR10875816	2
AC019118.3	SRR10875817	2.3016925350685997
AC019118.3	SRR10875818	2.889748438502057
AC019118.3	SRR10875819	1
AC019118.3	SRR10875820	2.4807121435531463
AC019118.3	SRR10875821	4.738219176259874
AC019118.3	SRR10875822	3.0603585949320258
AC019118.3	SRR10875823	2
AC019118.3	SRR10875824	4.825871818197965
AC019118.3	SRR10875825	8.014055058514908
AC019118.3	SRR10875826	2.5254984431041585
AC019118.3	SRR10875827	5.739283764384031
AC019118.3	SRR10875829	6.007944610395555
AC019118.3	SRR10875830	1
AC019118.3	SRR10875831	1.0035717494702923
AC019118.3	SRR10875832	3
AC019118.3	SRR10875834	2.0066725798407297
AC019118.3	SRR10875835	1
AC019118.3	SRR10875836	1.8750348534628665
AC019118.3	SRR10875837	4.816220363908028
AC019118.3	SRR10875838	9
AC019118.3	SRR10875839	2.215975962997588
AC019118.3	SRR10875840	1.6245030662072326
AC019118.3	SRR10875841	1.0038166819322296
AC019118.3	SRR10875842	2.0792424329779395
AC019118.3	SRR10875843	2.205186787090755
AC019118.3	SRR10875844	0.7998780887339916
AC019118.3	SRR10875845	3.6019093502367543
AC019118.3	SRR10875846	2.669449055113422
AC019118.3	SRR10875847	4.01442151526799
AC019118.3	SRR10875848	3
AC019118.3	SRR10875849	1.9221163115396647
AC019118.3	SRR10875850	1.000179960941952
AC019118.3	SRR10875851	0.8712448993588919
AC019118.3	SRR10875852	2.420537080116285
AC019118.3	SRR10875853	1.002192313736413
AC019118.3	SRR10875854	1.6771277253840282
AC019118.3	SRR10875855	1.457737015032085
AC019118.3	SRR10875856	6.0613257562114224
AC019118.3	SRR10875857	5.786171871917298
AC019118.3	SRR10875858	4.653494723427834
AC019118.3	SRR10875859	1
AC019118.3	SRR10875860	3.2630333497301307
AC019118.3	SRR10875861	2.3603425175622212
AC019118.3	SRR10875862	2.898405890461778
AC019118.3	SRR10875863	4.021656545455686
AC019118.3	SRR10875864	6
AC019118.3	SRR10875865	6.743006601174738
AC019118.3	SRR10875866	2.9624342392437084
AC019118.3	SRR10875867	3.8317609212815333
AC019118.3	SRR10875868	4.912157432461169
AC019118.3	SRR10875869	3
AC019118.3	SRR10875870	1.3481838643927584
AC019118.3	SRR10875871	3.0005398828258563
AC019118.3	SRR10875872	1.166122844588776
AC019118.3	SRR10875873	6.427307223898068
AC019118.3	SRR10875874	2.9198054285863106
AC019118.3	SRR10875875	6.898748327457307
AC019118.3	SRR10875876	5
AC019118.3	SRR10875877	1.610755260501707
AC019118.3	SRR10875878	2.0158369429336536
AC019118.3	SRR10875879	2
AC019118.3	SRR10875880	3.0119919891835716
AC019118.3	SRR10875881	0.7772391911693253
AC019118.3	SRR10875882	1
AC019118.3	SRR10875883	1.0064377837965335
AC019118.3	SRR10875884	2.9144720000396176
AC019118.3	SRR10875885	1.0018317001382826
AC019118.3	SRR10875886	1.0075249897799072
AC019118.3	SRR10875887	1
AC019118.3	SRR10875888	1.0282214633828897
AC019118.3	SRR10875889	2.0044648412411084
AC019118.3	SRR10875890	3.0065769412092394
AC019118.3	SRR10875891	1
AC019118.3	SRR10875892	6.95236150621992
AC019118.3	SRR10875893	5
AC019118.3	SRR10875894	1.5555177923128831
AC019118.3	SRR10875895	2
AC019118.3	SRR10875896	1.0100794629576413
AC019118.3	SRR10875897	2.005106114277896
AC019118.3	SRR10875898	1.8915997191727465
AC019118.3	SRR10875899	2.6882275811865712
AC019118.3	SRR10875900	1.003735535910961
AC019118.3	SRR10875901	2.004384627472826
AC019118.3	SRR10875902	2.0092207732508656
AC019118.3	SRR12430469	2
AC019118.3	SRR12430470	4.240829110797453
AC019118.3	SRR12430471	2.910014619880893
AC019118.3	SRR12430472	6.721988185319634
AC019118.3	SRR12430473	1
AC019118.3	SRR12430474	1.3557728621923106
AC019118.3	SRR12430475	0.6500601847372958
AC019118.3	SRR12430476	6
AC019118.3	SRR12765534	1
AC019118.3	SRR12765535	1.0026279344264644
AC019118.3	SRR12765536	1.0046411051794415
AC019118.3	SRR12765537	1.0041780100330324
AC019118.3	SRR12765538	1.0342071735617993
AC019118.3	SRR12765539	1.031033395135802
AC019118.3	SRR12765540	1.0031250879275095
AC019118.3	SRR12765541	1.0094847905369881
AC019118.3	SRR12765542	1
AC019118.3	SRR12765543	1.0162479978865846
AC019118.3	SRR12765544	1.01152473160965
AC019118.3	SRR12765545	1.009281141666664
AC019118.3	SRR12765546	1.0301733653815839
AC019118.3	SRR12765547	1.0080459370173969
AC019118.3	SRR12765548	1.0204417187083
AC019118.3	SRR12765549	2.01521747359897
AC019118.3	SRR12765550	2.080125669769976
AC019118.3	SRR12765551	1.0135684904494011
AC019118.3	SRR12765552	1.0414272361609767
AC019118.3	SRR12765553	1.0443243125938797
AC019118.3	SRR12765554	1.031834253706366
AC019118.3	SRR12765555	1.0207139403659764
AC019118.3	SRR12765556	1.015364236413795
AC019118.3	SRR12765557	1.0104876136718064
AC019118.3	SRR12765558	1.0514952401037005
AC019118.3	SRR12765559	1.0019065235500912
AC019118.3	SRR12765560	1.0189547489838953
AC019118.3	SRR12765561	1.0028390317466211
AC019118.3	SRR12765562	1.015483444252062
AC019118.3	SRR12765563	1.007295005653179
AC019118.3	SRR12765564	1.002086827591817
AC019118.3	SRR12765565	1.0042530086827692
AC019118.3	SRR12765566	1.0070967496166072
AC019118.3	SRR12765567	1.0132187770818522
AC019118.3	SRR12765568	1.010279036701863
AC019118.3	SRR12765569	1.0114801175682104
AC019118.3	SRR12765570	1.0071209247328885
AC019118.3	SRR12765571	1.0111765551056255
AC019118.3	SRR12765572	1.006584008974975
AC019118.3	SRR12765573	1.0342120344840695
AC019118.3	SRR12765574	5.034700667497644
AC019118.3	SRR12765575	1.0239395312536899
AC019118.3	SRR12765576	1.0248346620898081
AC019118.3	SRR12765577	1.0456385621694768
AC019118.3	SRR12765578	2.0302013049871324
AC019118.3	SRR12765579	1.0083832915957769
AC019118.3	SRR12765580	1.0113445817462805
AC019118.3	SRR12765581	1.015899942750325
AC019118.3	SRR12765582	3.0030164695573105
AC019118.3	SRR12765583	1.0087441767971732
AC019118.3	SRR12765584	1.0124182712247378
AC019118.3	SRR12765585	1.0109960581005948
AC019118.3	SRR12765586	1.005276670296832
AC019118.3	SRR12765587	1.011720751030811
AC019118.3	SRR12765588	1.0069509600211282
AC019118.3	SRR12765589	1.0181159328867537
AC019118.3	SRR12765590	1.029304711338354
AC019118.3	SRR12765591	1.0277391727573009
AC019118.3	SRR12765592	1.0165332338111508
AC019118.3	SRR12765593	1.0083598330411412
AC019118.3	SRR12765594	1.0232318310975639
AC019118.3	SRR12765595	1.011717488283927
AC019118.3	SRR12765596	1.0044103046586363
AC019118.3	SRR12765597	1.0080810177332105
AC019118.3	SRR12765598	2.014350428689737
AC019118.3	SRR12765599	3.0091912334003585
AC019118.3	SRR12765600	1.0429920540407125
AC019118.3	SRR12765601	1.0217876140571718
AC019118.3	SRR12765602	1.0086614062004455
AC019118.3	SRR12765603	1.0098244476189677
AC019118.3	SRR12765604	1.0081376323189926
AC019118.3	SRR12765605	1.0076754926485763
AC019118.3	SRR12765606	1.0132711750064347
AC019118.3	SRR12765607	1.008593218827847
AC019118.3	SRR12765608	1.0088565751860703
AC019118.3	SRR12765609	1.0048050661427248
AC019118.3	SRR12765610	1.0087569538235717
AC019118.3	SRR12765611	1.0055084743211022
AC019118.3	SRR12765612	1.0045394681954278
AC019118.3	SRR12765613	1.00593898850787
AC019118.3	SRR12765614	1.0046759321397467
AC019118.3	SRR12765615	1.009158682616779
AC019118.3	SRR12765616	1.0061232629310637
AC019118.3	SRR12765617	1.0084894405469222
AC019118.3	SRR12765618	1.0231825824178566
AC019118.3	SRR12765619	1.0217630104420437
AC019118.3	SRR12765620	1.0080003107853246
AC019118.3	SRR12765621	1.0025837127848007
AC019118.3	SRR12765622	1.0218357740976558
AC019118.3	SRR12765623	1
AC019118.3	SRR12765624	1.0039625262912164
AC019118.3	SRR12765625	1.0082543784817941
AC019118.3	SRR12765626	1.0049530838846117
AC019118.3	SRR12765627	1.0005399799895063
AC019118.3	SRR12765628	1.0416041512779368
AC019118.3	SRR12765629	1.032192677516494
AC019118.3	SRR12765630	1.0017568823143634
AC019118.3	SRR12765631	1.0059866023975144
AC019118.3	SRR12765632	1.0065683082237227
AC019118.3	SRR12765633	1.0193139826231485
AC019118.3	SRR12765634	1.0054407349865786
AC019118.3	SRR12765635	1.0231147071349238
AC019118.3	SRR12765636	1.0122042835346428
AC019118.3	SRR12765637	1.0354033667153832
AC019118.3	SRR12765638	1
AC019118.3	SRR12765639	1.0309424981168878
AC019118.3	SRR12765640	1.00503432833736
AC019118.3	SRR12765641	1.0187981972446098
AC019118.3	SRR12765642	1.002447533024164
AC019118.3	SRR12765643	1.013978378378916
AC019118.3	SRR12765644	3.0107249578425197
AC019118.3	SRR12765645	1.0285351424147229
AC019118.3	SRR12765646	1.0068169239958968
AC019118.3	SRR12765647	1.0290114300454762
AC019118.3	SRR12765648	1.011871601394981
AC019118.3	SRR12765649	1.0494646804633012
AC019118.3	SRR12765650	1.0180274394060935
AC019118.3	SRR12765651	1.028219710920449
AC019118.3	SRR12765652	1.010584658765189
AC019118.3	SRR12774664	1.0053041671599932
AC019118.3	SRR12774665	1.0134052600429255
AC019118.3	SRR12774666	1.0106554920283504
AC019118.3	SRR12774667	2.029854462894126
AC019118.3	SRR12774668	1.0531044481489285
AC019118.3	SRR12774669	1.0184124073990244
AC019118.3	SRR12774670	1.0489095745502544
AC019118.3	SRR12774671	1.0483423562302514
AC019118.3	SRR12774672	1.006184793499986
AC019118.3	SRR12774673	1.0142142606674132
AC019118.3	SRR12774674	1.0242203683654911
AC019118.3	SRR12774675	1.0343842942005177
AC019118.3	SRR12774676	2.0130874559018745
AC019118.3	SRR12774677	1.010883125191728
AC019118.3	SRR12774678	1.043754043143823
AC019118.3	SRR12774679	4.09305297855423
AC019118.3	SRR12774680	1.0140488490623458
AC019118.3	SRR12774681	1.008705895915066
AC019118.3	SRR12774682	1.010589221555441
AC019118.3	SRR12774683	1.007131661704458
AC019118.3	SRR12774684	4.021144645586936
AC019118.3	SRR12774685	1.0073683070661372
AC019118.3	SRR12774686	2.0359514820895828
AC019118.3	SRR12774687	2.058618277278822
AC019118.3	SRR1609360	1.0493034237080798
AC019118.3	SRR1609361	1.025908504185614
AC019118.3	SRR1609362	1.0680988542222165
AC019118.3	SRR1609363	1.0073745093898177
AC019118.3	SRR1609364	1.0085688845855312
AC019118.3	SRR1609365	1.0143165793620785
AC019118.3	SRR1609366	1.0056861235945007
AC019118.3	SRR1609367	1.0026726659196274
AC019118.3	SRR1609368	2.0111121356666253
AC019118.3	SRR1609369	1.0009001286274537
AC019118.3	SRR1609370	1.002086827591817
AC019118.3	SRR1609371	1.0301143575969267
AC019118.3	SRR1609372	1.0007200381067656
AC019118.3	SRR1609373	2.014994864346568
AC019118.3	SRR1609374	1.0026279344264644
AC019118.3	SRR1609375	1.0065256999862005
AC019118.3	SRR1609376	1.016088421058133
AC019118.3	SRR1609377	1.005286161396734
AC019118.3	SRR1609378	1.017406841761654
AC019118.3	SRR1609379	1.0018010674864533
AC019118.3	SRR1609380	1.0158653061982168
AC019118.3	SRR1609381	3.002160114320297
AC019118.3	SRR1609382	1.01426559739414
AC019118.3	SRR1609383	5.05214539278304
AC019118.3	SRR1609384	1.0096415363823084
AC019118.3	SRR1609385	1.0073364170587717
AC019118.3	SRR1609386	1.006604989330596
AC019118.3	SRR1609387	1.0073913876363687
AC019118.3	SRR1609388	1.012676094664956
AC019118.3	SRR1609389	2.0050448048608844
AC019118.3	SRR1609390	2.025648201367603
AC019118.3	SRR1609391	1.0636252817179657
AC019118.3	SRR1609392	1.0154386556086927
AC019118.3	SRR1609393	1.04478101167958
AC019118.3	SRR1609394	1.0276985045907725
AC019118.3	SRR1609395	2.0109634332035364
AC019118.3	SRR1609396	1.0010802515574013
AC019118.3	SRR1609397	1.0145310136075893
AC019118.3	SRR1609398	1.0046103866254328
AC019118.3	SRR1609399	1.0038093407347115
AC019118.3	SRR1609400	2.004384627472826
AC019118.3	SRR1609401	1.0106596239587748
AC019118.3	SRR1609402	1.0044644481525995
AC019118.3	SRR1609403	1.0031693334479748
AC019118.3	SRR1609404	1.0119457665502067
AC019118.3	SRR1609405	1.0066008739769374
AC019118.3	SRR1609406	1.0039364414686416
AC019118.3	SRR1609407	1.0022978109851632
AC019118.3	SRR1609408	1.0077848171459254
AC019118.3	SRR1609409	1.0185880328867178
AC019118.3	SRR1609410	1
AC019118.3	SRR1609411	1.0525644977244093
AC019118.3	SRR1609412	1
AC019118.3	SRR1609413	0.9604328801072967
AC019118.3	SRR1609414	1.001620814861132
AC019118.3	SRR1609415	1.000179960941952
AC019118.3	SRR1609416	1.0026279344264644
AC019118.3	SRR1609417	1.0067109510861363
AC019118.3	SRR1609418	2.0028811893368133
AC019118.3	SRR1609419	1.004874249096593
AC019118.3	SRR1609420	1.004672692112038
AC019118.3	SRR1609421	1.0064410295165898
AC019118.3	SRR1609422	1.016487712556713
AC019118.3	SRR1609423	1.0538854443534305
AC019118.3	SRR1609424	1.0787454114562254
AC019118.3	SRR1609425	1.001620814861132
AC019118.3	SRR1609426	1.0047202460643523
AC019118.3	SRR1609427	1.0051433662901192
AC019118.3	SRR1609428	2.0172605384450337
AC019118.3	SRR1609429	1.0012604069024411
AC019118.3	SRR1609430	2.008197823719105
AC019118.3	SRR1609431	2.0146492829044846
AC019118.3	SRR1609432	1.001501838863628
AC019118.3	SRR1609433	1.0082248728722447
AC019118.3	SRR1609434	1.0150033277731985
AC019118.3	SRR1609435	1.0044783325221545
AC019118.3	SRR1609436	2.0064803102985427
AC019118.3	SRR1609437	1.0214548244785666
AC019118.3	SRR1609438	1.032283347644643
AC019118.3	SRR1609439	1.0147013578735862
AC019118.3	SRR1609440	1.0025224024304422
AC019118.3	SRR1609441	1.0022671640812284
AC019118.3	SRR1609442	1.0072027631380178
AC019118.3	SRR1609443	1.0086306245764651
AC019118.3	SRR1609444	1.0005399799895063
AC019118.3	SRR1609445	1.0035077604181182
AC019118.3	SRR1609446	1.0110032156633706
AC019118.3	SRR1609447	1.2338363336906928
AC019118.3	SRR1609448	1.0088227698794638
AC019118.3	SRR1609449	1.0024781854433447
AC019118.3	SRR1609450	1.002042629816068
AC019118.3	SRR1609451	1.0128607888336665
AC019118.3	SRR1609452	1.2632705659263332
AC019118.3	SRR1609453	1.0018317001382826
AC019118.3	SRR1609454	1.0160098618742288
AC019118.3	SRR1609455	1.2516237980743048
AC019118.3	SRR1609456	1.0048325501063176
AC019118.3	SRR1609457	1.0065683082237227
AC019118.3	SRR1609458	1.240500376538707
AC019118.3	SRR1609459	1.003891653595596
AC019118.3	SRR1609460	1.0096415363823084
AC019118.3	SRR1609461	1.0016820700779165
AC019118.3	SRR1609462	1.003694208229873
AC019118.3	SRR1609463	1.0064345380869446
AC019118.3	SRR1609464	1.0111087674076973
AC019118.3	SRR1609465	1.0119474539360775
AC019118.3	SRR1609466	1.1215996409238542
AC019118.3	SRR1609467	1.0119457665502067
AC019118.3	SRR1609468	1.0016655014224112
AC019118.3	SRR1609469	1.000179960941952
AC019118.3	SRR1609470	1.0048260094196193
AC019118.3	SRR1609471	1.002106396941657
AC019118.3	SRR1609472	1.0870773664114952
AC019118.3	SRR1609473	1.057486599398644
AC019118.3	SRR1609474	1.002553057138948
AC019118.3	SRR1609475	1.0217687791754089
AC019118.3	SRR1609476	0.9533092125603889
AC019118.3	SRR1609477	1.0056437263698823
AC019118.3	SRR1609478	1.0229981829413575
AC019118.3	SRR1609479	1.0103886436623135
AC019118.3	SRR1609480	1
AC019118.3	SRR1609481	2.0208516399506014
AC019118.3	SRR1609482	1.0036360666403
AC019118.3	SRR1609483	1.0045226377310994
AC019118.3	SRR1609484	1.0079009294287338
AC019118.3	SRR1609485	1.0009001286274537
AC019118.3	SRR1609486	1.0032442567630784
AC019118.3	SRR1609487	1.003891653595596
AC019118.3	SRR1609488	1.0014405946684066
AC019118.3	SRR1609489	1.002192313736413
AC019118.3	SRR1609490	1.0163926080188865
AC019118.3	SRR1609491	1.0035263257491491
AC019118.3	SRR1609492	1
AC019118.3	SRR1609493	1.0044698249429356
AC019118.3	SRR1609494	1.005934875877056
AC019118.3	SRR1609495	1.0022324206205542
AC019118.3	SRR1609496	1.000825380374255
AC019118.3	SRR1609497	1.0009001286274537
AC019118.3	SRR1609498	2.0007199085396894
AC019118.3	SRR1609499	1.0020974473736823
AC019118.3	SRR1609500	2.0034525039004247
AC019118.3	SRR1609501	1.001283700295524
AC019118.3	SRR1609502	1.012926575887802
AC019118.3	SRR1609503	1.2571824597395216
AC019118.3	SRR1609504	3
AC019118.3	SRR1609505	2
AC019118.3	SRR1609506	1.0196933955833136
AC019118.3	SRR1609507	1.006044880155854
AC019118.3	SRR1609508	1.0005399799895063
AC019118.3	SRR1609509	1.0063277365563505
AC019118.3	SRR1609510	1.0056036635982566
AC019118.3	SRR1609511	1.036975445845237
AC019118.3	SRR1609512	1.0033056112632286
AC019118.3	SRR1609513	1.0032006852758386
AC019118.3	SRR1609514	1.0495788046288395
AC019118.3	SRR1609515	1.0019813525502068
AC019118.3	SRR1609516	1.0041780100330324
AC019118.3	SRR1609517	1.022496948951921
AC019118.3	SRR1609518	1.001620814861132
AC019118.3	SRR1609519	1.0016788397052576
AC019118.3	SRR1609520	1.0789502444393222
AC019118.3	SRR1609521	1.001616719884524
AC019118.3	SRR1609522	1.0240545069445746
AC019118.3	SRR1609523	2.0094682679394293
AC019118.3	SRR1609524	1.016716170089433
AC019118.3	SRR1609525	1.0055187761067101
AC019118.3	SRR1609526	2.0407459466948192
AC019118.3	SRR1609527	4
AC019118.3	SRR1609528	1.0086549004496244
AC019118.3	SRR1609529	1.0253301392642815
AC019118.3	SRR1609530	1.0047952852118593
AC019118.3	SRR1609531	1.003794007351424
AC019118.3	SRR1609532	1.0072060113251007
AC019118.3	SRR1609533	1.03822663399045
AC019118.3	SRR1609534	1.0012910230221785
AC019118.3	SRR1609535	1.0442329013337999
AC019118.3	SRR1609536	1.0107618801660179
AC019118.3	SRR1609537	1.0038432721370993
AC019118.3	SRR1609538	1
AC019118.3	SRR1609539	1.0061942931737347
AC019118.3	SRR1609540	1
AC019118.3	SRR1609541	1.1002496061772749
AC019118.3	SRR1609542	1.002342020016362
AC019118.3	SRR1609543	1.002011990714717
AC019118.3	SRR1609544	1.0058458481595676
AC019118.3	SRR1609545	2.5178399372824734
AC019118.3	SRR1609546	1
AC019118.3	SRR1609547	1.005170859507078
AC019118.3	SRR1609548	1.017997257080447
AC019118.3	SRR1609549	1.0106959376016895
AC019118.3	SRR1609550	1
AC019118.3	SRR1609551	1.0113111021667518
AC019118.3	SRR1609552	1.0044644481525995
AC019118.3	SRR1609553	1.002611135988753
AC019118.3	SRR1609554	1.0090402771254097
AC019118.3	SRR1609555	1.0034386715434078
AC019118.3	SRR1609556	1.0221686455571868
AC019118.3	SRR1609557	1.0063043258211806
AC019118.3	SRR1609558	1.0042943593727842
AC019118.3	SRR1609559	1.0424968298454986
AC019118.3	SRR1609560	2.0142433371147286
AC019118.3	SRR1609561	1.0025394930935652
AC019118.3	SRR1609562	1.0009887185978241
AC019118.3	SRR1609563	1.0044644481525995
AC019118.3	SRR1609564	1.0009001286274537
AC019118.3	SRR1609565	1.0247858558816332
AC019118.3	SRR1609566	2.006699729492319
AC019118.3	SRR1609567	1.2581113184722956
AC019118.3	SRR1609568	2
AC019118.3	SRR1609569	1
AC019118.3	SRR1609570	1.01776654532237
AC019118.3	SRR1609571	1.024176000194289
AC019118.3	SRR1609572	1.0132366280807228
AC019118.3	SRR1609573	1.0198308819278206
AC019118.3	SRR1609574	1.0051093909426065
AC019118.3	SRR1609575	1.0732532216417159
AC019118.3	SRR1609576	1.0039837461421828
AC019118.3	SRR1609577	1.004201371301441
AC019118.3	SRR1609578	1.0017663401829568
AC019118.3	SRR1609579	1.006701382721769
AC019118.3	SRR1609580	1.007678742360192
AC019118.3	SRR1609581	1.0418042391137226
AC019118.3	SRR1609582	1.0082780243695308
AC019118.3	SRR1609583	1.0357598428330377
AC019118.3	SRR1609584	1.002011990714717
AC019118.3	SRR1609585	1.0008833591381059
AC019118.3	SRR1609586	1.077969249642432
AC019118.3	SRR1609587	1.0120049067559673
AC019118.3	SRR1609588	2.026810520085851
AC019118.3	SRR1609589	1.0026279344264644
AC019118.3	SRR1609590	1.0002852463574239
AC019118.3	SRR1609591	2.0065416636098363
AC019118.3	SRR1609592	2.0136899460067066
AC019118.3	SRR1609593	1.005535917850999
AC019118.3	SRR1609594	1.0253331007022206
AC019118.3	SRR1609595	1.0243062096273918
AC019118.3	SRR1609596	1.0026279344264644
AC019118.3	SRR1609597	1.0042087153660115
AC019118.3	SRR1609598	1.0275370706123974
AC019118.3	SRR1609599	1.0212178151540763
AC019118.3	SRR1609600	1.0308747019327569
AC019118.3	SRR1609601	2.056327476771008
AC019118.3	SRR1609602	1.1632163838991925
AC019118.3	SRR1609603	1
AC019118.3	SRR1609604	1.0069981117179123
AC019118.3	SRR1609605	1.007566475195609
AC019118.3	SRR1609606	1.0160829820750323
AC019118.3	SRR1609607	1.0049720004236289
AC019118.3	SRR1609608	1.019977620097426
AC019118.3	SRR1609609	1.0324178632829317
AC019118.3	SRR1609610	1
AC019118.3	SRR1609611	1.0171349305854593
AC019118.3	SRR1609612	1.002342020016362
AC019118.3	SRR1609613	1.000825380374255
AC019118.3	SRR1609614	1.0113691465526504
AC019118.3	SRR1609615	1.0031693334479748
AC019118.3	SRR1609616	3
AC019118.3	SRR1609617	1
AC019118.3	SRR1609618	1.0032000079380652
AC019118.3	SRR1609619	1.0036360666403
AC019118.3	SRR1609620	1.0125434290578252
AC019118.3	SRR1609621	1.0085252077511602
AC019118.3	SRR1609622	1.0396027374078705
AC019118.3	SRR1609623	1.019001303004751
AC019118.3	SRR1609624	1.233166099790781
AC019118.3	SRR1609625	2.003092025572686
AC019118.3	SRR1609626	1.007678742360192
AC019118.3	SRR1609627	1.0053993370958376
AC019118.3	SRR1609628	1.0019065235500912
AC019118.3	SRR1609629	1.0160549733839008
AC019118.3	SRR1609630	1.0027915668331973
AC019118.3	SRR1609631	2
AC019118.3	SRR1609632	1
AC019118.3	SRR1609633	1.003584460981328
AC019118.3	SRR1609634	1.0083088550710244
AC019118.3	SRR1609635	1.0249305070581083
AC019118.3	SRR1609636	1.033526030779779
AC019118.3	SRR1609637	1.0040554922457436
AC019118.3	SRR1609638	1.0243215512558148
AC019118.3	SRR1609639	1.005532675049881
AC019118.3	SRR1609640	1.000179960941952
AC019118.3	SRR1609641	1.000179960941952
AC019118.3	SRR1609642	1
AC019118.3	SRR1609643	1.0117732409494398
AC019118.3	SRR1609644	1.0010455492408952
AC019118.3	SRR1609645	1.0031693334479748
AC019118.3	SRR1609646	1.002342020016362
AC019118.3	SRR1609647	1.0206670235973925
AC019118.3	SRR1609648	1.003631963424637
AC019118.3	SRR1609649	2.016254863017685
AC019118.3	SRR1609650	1.007432382777943
AC019118.3	SRR1609651	1.003394628447702
AC019118.3	SRR1609652	1.0035304285329265
AC019118.3	SRR1609653	1.0508063334876938
AC019118.3	SRR1609654	2.068715941176942
AC019118.3	SRR1609655	1.0068308408829232
AC019118.3	SRR1609656	1.014313308243783
AC019118.3	SRR1609657	1.0128509294871268
AC019118.3	SRR1609658	1.020049628429351
AC019118.3	SRR1609659	1.0079661790509038
AC019118.3	SRR1609660	1.0039223501724883
AC019118.3	SRR1609661	1.0014712162978496
AC019118.3	SRR1609662	1.0046759321397467
AC019118.3	SRR1609663	1.0026585923618834
AC019118.3	SRR1609664	1.0072181752717069
AC019118.3	SRR1609665	2
AC019118.3	SRR1609666	1.016634410174343
AC019118.3	SRR1609667	1.002883264649812
AC019118.3	SRR1609668	3.3778546780256553
AC019118.3	SRR1609669	1.0192408475989563
AC019118.3	SRR1746771	0.578657424876487
AC019118.3	SRR1746772	1.7565409816835937
AC019118.3	SRR1746773	3.7879016383822717
AC019118.3	SRR1746774	3.2122345341574916
AC019118.3	SRR1746775	1.8751193109770241
AC019118.3	SRR1746776	2.4356897261397203
AC019118.3	SRR1746777	4.277885079662615
AC019118.3	SRR1746778	0.538514752237741
AC019118.3	SRR1746779	0.5934561762928517
AC019118.3	SRR1746780	2.64189136825707
AC019118.3	SRR1746781	2.935099998004262
AC019118.3	SRR1746782	1.0044644481525995
AC019118.3	SRR1746783	4
AC019118.3	SRR1746784	0.9968262288032627
AC019118.3	SRR1782685	1.0161405129641194
AC019118.3	SRR1782686	1.0241060513820852
AC019118.3	SRR1782687	1.0122161471354907
AC019118.3	SRR1782688	1.0167551838847384
AC019118.3	SRR1782689	1.0178762408450857
AC019118.3	SRR1782690	1.0202611034833844
AC019118.3	SRR1782691	1.0017262519502124
AC019118.3	SRR1782692	1.008267339088667
AC019118.3	SRR1782693	1.0088465649237228
AC019118.3	SRR1782694	1.0160829820750323
AC019118.3	SRR1782695	3.002160114320297
AC019118.3	SRR1782696	1.0033707140904828
AC019118.3	SRR1782697	1.0088260831599443
AC019118.3	SRR1782698	1.002086827591817
AC019118.3	SRR1782699	1.0242077790328277
AC019118.3	SRR1782700	1.0075703770631752
AC019118.3	SRR1782701	1.006233967196753
AC019118.3	SRR1782702	1.0106664184752785
AC019118.3	SRR1782703	1.003891653595596
AC019118.3	SRR1782704	1.0158440725472526
AC019118.3	SRR1782705	1.0242058267974272
AC019118.3	SRR1782706	1.002553057138948
AC019118.3	SRR1782707	1.0038166819322296
AC019118.3	SRR1782708	1.0527335559349638
AC019118.3	SRR1782709	1.0493889346936112
AC019118.3	SRR1782710	1
AC019118.3	SRR1782711	1.0112110690582374
AC019118.3	SRR1782712	1.0118242846464562
AC019118.3	SRR1782713	1.0217630104420437
AC019118.3	SRR1782714	1.0870554088778994
AC019118.3	SRR1782715	2.0049563708866893
AC019118.3	SRR1782716	1.0149213103030237
AC019118.3	SRR1782717	1.000825380374255
AC019118.3	SRR1782718	1.0143344497021496
AC019118.3	SRR1782719	1.007268477791188
AC019118.3	SRR1782720	1.0173889776699079
AC019118.3	SRR1782721	1.1215287864396823
AC019118.3	SRR1782722	1.0008833591381059
AC019118.3	SRR1782723	2.004384627472826
AC019118.3	SRR1782724	1.011129842073421
AC019118.3	SRR1782725	1.0685748274292985
AC019118.3	SRR1782726	1.0074358213334167
AC019118.3	SRR1782727	1
AC019118.3	SRR1782728	1.0303050804635
AC019118.3	SRR1782729	0.9529845937579666
AC019118.3	SRR1782730	1.0013658060526471
AC019118.3	SRR1782731	1.032101634718041
AC019118.3	SRR1782732	1.079233440701315
AC019118.3	SRR1782733	1.0096575808681731
AC019118.3	SRR1782734	1.0062386740697231
AC019118.3	SRR1782735	1.004578209610595
AC019118.3	SRR1782736	1.0182654097647936
AC019118.3	SRR1782737	2.003241629722264
AC019118.3	SRR1782738	1.049672343546831
AC019118.3	SRR1782739	5.052267288403738
AC019118.3	SRR1782740	1.0115791944902102
AC019118.3	SRR1782741	1.0543086561909183
AC019118.3	SRR1782742	1
AC019118.3	SRR1782743	1.002011990714717
AC019118.3	SRR1782744	1.0050174895819426
AC019118.3	SRR1782745	1.0120275763195707
AC019118.3	SRR1782746	1.0198965760233896
AC019118.3	SRR1782747	2.0145985552463817
AC019118.3	SRR1782748	1.014641893603255
AC019118.3	SRR1782749	1.0126805916371509
AC019118.3	SRR1782750	1.0013658060526471
AC019118.3	SRR1782751	1.015483444252062
AC019118.3	SRR1782752	1.0066496832577085
AC019118.3	SRR1782753	1.0009581117215416
AC019118.3	SRR1782754	1.0083102826852068
AC019118.3	SRR1782755	1.0026860176139818
AC019118.3	SRR1782756	1.045262315535892
AC019118.3	SRR1782757	1.0014405946684066
AC019118.3	SRR1782758	1.0017262519502124
AC019118.3	SRR1782759	1.0044296285233594
AC019118.3	SRR1782760	1.0142062491689723
AC019118.3	SRR1782761	1.123350924195671
AC019118.3	SRR1782762	1.0642762539094746
AC019118.3	SRR1782763	2.010934147282541
AC019118.3	SRR1782764	1.0011509257737932
AC019118.3	SRR1782765	1.0032000079380652
AC019118.3	SRR1782766	1.0106768533425006
AC019118.3	SRR1782767	1.0096583926938514
AC019118.3	SRR1782768	1.0064574381144438
AC019118.3	SRR1782769	1.0085350889190154
AC019118.3	SRR1782770	1.0046452125208463
AC019118.3	SRR1782771	1.0066334970935034
AC019118.3	SRR1782772	1.005368595357641
AC019118.3	SRR1782773	1.0043587228536055
AC019118.3	SRR1782774	1.002553057138948
AC019118.3	SRR1782775	1.0200306175184897
AC019118.3	SRR1782776	1.0146067854880492
AC019118.3	SRR1782777	1.000179960941952
AC019118.3	SRR1782778	1.0018317001382826
AC019118.3	SRR1782779	2.0564157065776665
AC019118.3	SRR1782780	1.0128988705381583
AC019118.3	SRR1782781	2.0689996968180693
AC019118.3	SRR1782782	2.0410567752040456
AC019118.3	SRR1782783	1.0063318507933232
AC019118.3	SRR1782784	1.00334576270059
AC019118.3	SRR1782785	1.0010802515574013
AC019118.3	SRR1782786	1.0250860802347106
AC019118.3	SRR1782787	4
AC019118.3	SRR1782788	1.0037110248141228
AC019118.3	SRR1782789	1.0170195557347703
AC019118.3	SRR1782790	1.0055938748937177
AC019118.3	SRR1782791	1.0059251235048385
AC019118.3	SRR1782792	1.0068477100204776
AC019118.3	SRR1782793	1.0369712333325636
AC019118.3	SRR1782794	1.0068444629888977
AC019118.3	SRR1782795	1.0212178151540763
AC019118.3	SRR1782796	1.079602691613202
AC019118.3	SRR1782797	1.0253628024973167
AC019118.3	SRR1782798	1.0193000353281811
AC019118.3	SRR1782799	1.001620814861132
AC019118.3	SRR1782800	1.0017663401829568
AC019118.3	SRR1782801	1.0055634218052374
AC019118.3	SRR1782802	2.01475551626155
AC019118.3	SRR1782803	1.0036667554019618
AC019118.3	SRR1782804	1.0027028173063115
AC019118.3	SRR1782805	1.0018010674864533
AC019118.3	SRR1782806	1.0026585923618834
AC019118.3	SRR1782807	1.0351820922376846
AC019118.3	SRR1782808	1.0262987270047477
AC019118.3	SRR1782809	1.0134179413952518
AC019118.3	SRR1782810	1.016644694920719
AC019118.3	SRR1782811	1.0030944157282213
AC019118.3	SRR1782812	1.0125567250497436
AC019118.3	SRR1782813	1.006256696893515
AC019118.3	SRR1782814	1.0129566741382754
AC019118.3	SRR1782815	1.062121334894591
AC019118.3	SRR1782816	1.0005399799895063
AC019118.3	SRR1782817	1.0034661181326476
AC019118.3	SRR1782818	2.026761739680301
AC019118.3	SRR1782819	1.027675196028744
AC019118.3	SRR1782820	1.0355877525178163
AC019118.3	SRR1782821	1.0027028173063115
AC019118.3	SRR1782822	1.0078594513453938
AC019118.3	SRR1782823	1.0037859885863174
AC019118.3	SRR1782824	1.0056828803089768
AC019118.3	SRR1782825	1.005809645020963
AC019118.3	SRR1782826	1.0068169239958968
AC019118.3	SRR1782827	1.0132807415847052
AC019118.3	SRR1782828	1
AC019118.3	SRR1782829	1
AC019118.3	SRR1782830	1.0393262126274254
AC019118.3	SRR1782831	1.0734003069580385
AC019118.3	SRR1782832	1.0325772296717781
AC019118.3	SRR1782833	1.023057146473477
AC019118.3	SRR1782834	1.000179960941952
AC019118.3	SRR1782835	1.1149797381951183
AC019118.3	SRR1782836	1.1125409808797893
AC019118.3	SRR1782837	1.0276203307721452
AC019118.3	SRR1782838	1.0129819287449684
AC019118.3	SRR1782839	1.013725326520963
AC019118.3	SRR1782840	1.0083257489722468
AC019118.3	SRR1782841	1.0148514356353688
AC019118.3	SRR1782842	1
AC019118.3	SRR1782843	1.0241487491844126
AC019118.3	SRR1782844	1.000179960941952
AC019118.3	SRR1782845	1.0187962690189396
AC019118.3	SRR1782846	1.0054215004022353
AC019118.3	SRR1782847	1.2337368978097534
AC019118.3	SRR1782848	1.2335837199439401
AC019118.3	SRR1782849	1.2403822504664612
AC019118.3	SRR1782850	1.2517458229536382
AC019118.3	SRR1782851	1.2634697131512598
AC019118.3	SRR1782852	1.2639231424855961
AC019118.3	SRR1782853	1.2584335321033158
AC019118.3	SRR1782854	2.0065498670882853
AC019118.3	SRR1782855	1.0024033193392368
AC019118.3	SRR1782856	1.0052935133947416
AC019118.3	SRR1782857	1.0069866303229194
AC019118.3	SRR1782858	1.0010054898524368
AC019118.3	SRR1782859	1.001620814861132
AC019118.3	SRR1782860	1.0022671640812284
AC019118.3	SRR1782861	1.0018591027727843
AC019118.3	SRR1782862	1.0046056873690874
AC019118.3	SRR1782863	1.002611135988753
AC019118.3	SRR1782864	2.0258091846072817
AC019118.3	SRR1782865	2.0084723660358006
AC019118.3	SRR1782866	1.0035136149744603
AC019118.3	SRR1782867	1.0165396388547423
AC019118.3	SRR1782868	1.0036360666403
AC019118.3	SRR1782869	2.006849603089067
AC019118.3	SRR1782870	1.0024781854433447
AC019118.3	SRR1782871	1.0052491741857592
AC019118.3	SRR1782872	1.0027028173063115
AC019118.3	SRR1782873	1.004614493841249
AC019118.3	SRR1782874	1.006441613669879
AC019118.3	SRR1782875	1.0051528561314607
AC019118.3	SRR1782876	1.0039362270488077
AC019118.3	SRR1782877	1.0033853244066688
AC019118.3	SRR1782878	1.0078282441722788
AC019118.3	SRR1782879	1.0143624914943958
AC019118.3	SRR1782880	1.0042361830179003
AC019118.3	SRR1782881	1.0041611856247215
AC019118.3	SRR1782882	1.003529408876886
AC019118.3	SRR1782883	1.0018010674864533
AC019118.3	SRR1782884	1.0007200381067656
AC019118.3	SRR1782885	1
AC019118.3	SRR1782886	1.0055495224370705
AC019118.3	SRR1782887	1.0009001286274537
AC019118.3	SRR1782888	1.0032442567630784
AC019118.3	SRR1782889	2.008628849748493
AC019118.3	SRR1782890	1.001546012786343
AC019118.3	SRR1782891	1.0007200381067656
AC019118.3	SRR1782892	2.003663400276565
AC019118.3	SRR1782893	1.0038748339850176
AC019118.3	SRR1782894	1.011191678825168
AC019118.3	SRR1782895	1.0036667554019618
AC019118.3	SRR1782896	1.0021448794325023
AC019118.3	SRR1782897	1.0027530595094736
AC019118.3	SRR1782898	1.0022671640812284
AC019118.3	SRR1782899	1.0037625733547102
AC019118.3	SRR1782900	1.0010054898524368
AC019118.3	SRR1782901	1.0009828787718729
AC019118.3	SRR1782902	1
AC019118.3	SRR1782903	1.002553057138948
AC019118.3	SRR1782904	1
AC019118.3	SRR1782905	1.002086827591817
AC019118.3	SRR1782906	1.0063487115704537
AC019118.3	SRR1782907	1.0048842199437062
AC019118.3	SRR1782908	1.0030501735120572
AC019118.3	SRR1782909	1.0034248015445335
AC019118.3	SRR1782910	2
AC019118.3	SRR1782911	2.0138120753271975
AC019118.3	SRR1782912	0.9538079228387495
AC019118.3	SRR1782913	1
AC019118.3	SRR1782914	1.0027028173063115
AC019118.3	SRR1782915	1
AC019118.3	SRR1782916	1.0105701140314456
AC019118.3	SRR1782917	1.0032306833661075
AC019118.3	SRR1782918	1.0010802515574013
AC019118.3	SRR1782919	1
AC019118.3	SRR1782920	1.0010054898524368
AC019118.3	SRR1782921	1.002086827591817
AC019118.3	SRR1782922	1.1863691226303883
AC019118.3	SRR1782923	1.0055761585433334
AC019118.3	SRR1782924	1.0051265257078354
AC019118.3	SRR1782925	1.0034829308953188
AC019118.3	SRR1782926	1.0073409688920356
AC019118.3	SRR1782927	1.0028390317466211
AC019118.3	SRR1782928	1.0071660004775882
AC019118.3	SRR1782929	1.0086240591672244
AC019118.3	SRR1782930	1.0028390317466211
AC019118.3	SRR1782931	1.002669218203121
AC019118.3	SRR1782932	1.003731881663257
AC019118.3	SRR1782933	1.0649351792796355
AC019118.3	SRR1782934	2.011702955880072
AC019118.3	SRR1782935	1.004495162244163
AC019118.3	SRR1782936	1.0252329438970447
AC019118.3	SRR1782937	1.0078568348794155
AC019118.3	SRR1782938	1.2574474178148516
AC019118.3	SRR1782939	2.009482247769673
AC019118.3	SRR1782940	1.0026585923618834
AC019118.3	SRR1782941	1.0078123826132555
AC019118.3	SRR1782942	1.0039318284858731
AC019118.3	SRR1782943	1.004614493841249
AC019118.3	SRR1782944	1.0012910230221785
AC019118.3	SRR1782945	1.0052491741857592
AC019118.3	SRR1782946	1.002086827591817
AC019118.3	SRR1782947	1.002086827591817
AC019118.3	SRR1782948	1
AC019118.3	SRR1782949	1.002447533024164
AC019118.3	SRR1782950	2
AC019118.3	SRR1782951	1.003298273803316
AC019118.3	SRR1782952	2.5350817799206355
AC019118.3	SRR1782953	1.0019065235500912
AC019118.3	SRR1782954	3.3783247718222307
AC019118.3	SRR1782955	1.033842034247493
AC019118.3	SRR1782956	1.0151667217080587
AC019118.3	SRR1782957	1.019311965849562
AC019118.3	SRR1782958	1.0054744269623506
AC019118.3	SRR1782959	1.0579165678317932
AC019118.3	SRR1782960	2
AC019118.3	SRR1782961	1.0036360666403
AC019118.3	SRR1782962	1.007295005653179
AC019118.3	SRR1782963	1.0068921197371672
AC019118.3	SRR1782964	1.0003599542698447
AC019118.3	SRR1782965	1.0030596435909767
AC019118.3	SRR1782966	2
AC019118.3	SRR1782967	1.0040206867929065
AC019118.3	SRR1782968	1.0010455492408952
AC019118.3	SRR1782969	1.0119783968398457
AC019118.3	SRR1782970	1.012507584036827
AC019118.3	SRR1782971	1.0167967514698188
AC019118.3	SRR1782972	2.0112044054211045
AC019118.3	SRR1782973	1.0512612155664167
AC019118.3	SRR1782974	1
AC019118.3	SRR1782975	1.0394713474480297
AC019118.3	SRR1782976	1.0097952561921797
AC019118.3	SRR1782977	1.0003599542698447
AC019118.3	SRR1782978	1.0167008005288674
AC019118.3	SRR1782979	1.0083829961716155
AC019118.3	SRR1782980	1.0017262519502124
AC019118.3	SRR1782981	1.012303856712658
AC019118.3	SRR1782982	1.0058055966749162
AC019118.3	SRR1782983	1.0009581117215416
AC019118.3	SRR1782984	1.0003599542698447
AC019118.3	SRR1782985	1.0068308408829232
AC019118.3	SRR1782986	1.0029888346325269
AC019118.3	SRR1782987	1.0012604069024411
AC019118.3	SRR1782988	1
AC019118.3	SRR1782989	1.0430979490658228
AC019118.3	SRR1782990	1.0134118565743073
AC019118.3	SRR1782991	1.0041337200241454
AC019118.3	SRR1782992	1.002447533024164
AC019118.3	SRR1782993	1.0207811101132158
AC019118.3	SRR1782994	3
AC019118.3	SRR1782995	2.0166029620419277
AC019118.3	SRR1782996	2
AC019118.3	SRR1782997	1.004495162244163
AC019118.3	SRR1782998	1.0036360666403
AC019118.3	SRR1782999	1.0213121241102965
AC019118.3	SRR1783000	1.0038996732048098
AC019118.3	SRR1783001	1.0163537994424299
AC019118.3	SRR1783002	1.056652332155794
AC019118.3	SRR1783003	1
AC019118.3	SRR1783004	1.004591059283169
AC019118.3	SRR1783005	1.015882624326654
AC019118.3	SRR1783006	1.0237799351824244
AC019118.3	SRR1813867	2.0964997982901608
AC019118.3	SRR1813868	1.0188667378001919
AC019118.3	SRR1813869	2.0201797430371355
AC019118.3	SRR1813870	1.2503875862039913
AC019118.3	SRR1813871	1.686578760794745
AC019118.3	SRR1813872	3.3423150756550015
AC019118.3	SRR1813873	1.689886794325361
AC019118.3	SRR1813874	1.010178402682137
AC019118.3	SRR1813875	9
AC019118.3	SRR1813876	5.026668721931279
AC019118.3	SRR1813877	0.8140728997212519
AC019118.3	SRR1813878	2.001440076213531
AC019118.3	SRR1813879	1
AC019118.3	SRR1813880	3
AC019118.3	SRR1813881	2.0395143061329364
AC019118.3	SRR1813882	1.2990054955828958
AC019118.3	SRR1813883	2.00165076074851
AC019118.3	SRR1813884	1.012768265660338
AC019118.3	SRR1813885	2
AC019118.3	SRR1813886	2.0025208138048822
AC019118.3	SRR1813887	2.0210726307249955
AC019118.3	SRR1928188	2.0163568006131327
AC019118.3	SRR1928189	1.0073129060669679
AC019118.3	SRR1928190	2.0175903535524773
AC019118.3	SRR1928191	1.0113225234973442
AC019118.3	SRR1928192	1.0128988705381583
AC019118.3	SRR1928193	1.015364236413795
AC019118.3	SRR2046996	1.00858822452488
AC019118.3	SRR2046997	1.0111153757740123
AC019118.3	SRR2046998	1.0202431892752137
AC019118.3	SRR2046999	1.007678742360192
AC019118.3	SRR2047000	2.021396550176389
AC019118.3	SRR2047001	3.0283199122044797
AC019118.3	SRR2047002	1.0188427709986354
AC019118.3	SRR2047003	1.0237799351824244
AC019118.3	SRR2047004	1.0079492911740628
AC019118.3	SRR2047005	1.0081443223703694
AC019118.3	SRR2047006	1.0152138321654876
AC019118.3	SRR2047007	1.0262840471791508
AC019118.3	SRR2047008	1.0125174400411554
AC019118.3	SRR2047009	1.0185103595038079
AC019118.3	SRR2313973	1.0126842466806711
AC019118.3	SRR2313974	1.0074072425695189
AC019118.3	SRR2313975	1.0102481457588257
AC019118.3	SRR2313976	1.0146655626217738
AC019118.3	SRR2313977	1.0086919531101515
AC019118.3	SRR2313978	1.026320422451999
AC019118.3	SRR2313979	1.0103515286766147
AC019118.3	SRR2313980	1.005836351775555
AC019118.3	SRR2313981	1.003584460981328
AC019118.3	SRR2313982	1.0131505784433956
AC019118.3	SRR2313983	1.0167862737972515
AC019118.3	SRR2313984	1.0054595072071568
AC019118.3	SRR2313985	1.0189547489838953
AC019118.3	SRR2313986	1.006188548591034
AC019118.3	SRR2313987	1.0033330542129326
AC019118.3	SRR2313988	2.0180762599312705
AC019118.3	SRR2313989	1.0105895564048322
AC019118.3	SRR2313990	1.0154615932290423
AC019118.3	SRR2313991	1.016510074800994
AC019118.3	SRR2313992	1.014686192824186
AC019118.3	SRR2313993	2.0207345768793252
AC019118.3	SRR2313994	1.0212939489113868
AC019118.3	SRR2313995	3.012401160072436
AC019118.3	SRR2313996	1.004535361286343
AC019118.3	SRR2313997	1.0121911663041532
AC019118.3	SRR2313998	1.0240939627595231
AC019118.3	SRR2313999	1.009295092615731
AC019118.3	SRR2314000	1.0085380459332074
AC019118.3	SRR2314001	1.0137250295317557
AC019118.3	SRR2314002	1.0107561095059667
AC019118.3	SRR2314003	1.0216964429597561
AC019118.3	SRR2314004	1.007935358827293
AC019118.3	SRR2314005	1.0095034664456817
AC019118.3	SRR2314006	1.0187871020034116
AC019118.3	SRR2314007	1.0060180422728575
AC019118.3	SRR2314008	1.0013184108677915
AC019118.3	SRR2314009	1.0082228687169175
AC019118.3	SRR2314010	1.0065745056218443
AC019118.3	SRR2314011	1.0070596957891693
AC019118.3	SRR2314012	1.0072545548549394
AC019118.3	SRR2314013	1.0115556615875927
AC019118.3	SRR2314014	2.022883585767852
AC019118.3	SRR2314015	1.0077674777082104
AC019118.3	SRR2314016	1.0032306833661075
AC019118.3	SRR2314017	1.0193139826231485
AC019118.3	SRR2314018	1.037183848807375
AC019118.3	SRR2314019	1.00338054475646
AC019118.3	SRR2314020	1.016563630576381
AC019118.3	SRR2314021	1.00503432833736
AC019118.3	SRR2314022	1.0122161471354907
AC019118.3	SRR2314023	1.0097198436416865
AC019118.3	SRR2314024	1.012946813858373
AC019118.3	SRR2314025	2.009713469133702
AC019118.3	SRR2314026	1.0219330614415651
AC019118.3	SRR2314027	1.007384020296009
AC019118.3	SRR2314028	1.0028664619341938
AC019118.3	SRR2314029	1.002342020016362
AC019118.3	SRR2314030	3.014176872671841
AC019118.3	SRR2314031	1.0172769075048627
AC019118.3	SRR2314032	1.017287384279533
AC019118.3	SRR2314033	1.024065959569855
AC019118.3	SRR2314034	1.0293297863593514
AC019118.3	SRR2314035	1.046856177985374
AC019118.3	SRR2314036	1.017280352612803
AC019118.3	SRR2314037	1.0133200709899204
AC019118.3	SRR2314038	1.0057304820763078
AC019118.3	SRR2314039	1.0107759115674844
AC019118.3	SRR2314040	1.0391610375751816
AC019118.3	SRR2314041	2.01502212659606
AC019118.3	SRR2314042	1.004072314883195
AC019118.3	SRR2314043	1.0088969487682873
AC019118.3	SRR2314044	1.0042394216378854
AC019118.3	SRR2314045	1.007491229092778
AC019118.3	SRR3493774	1
AC019118.3	SRR3493775	2
AC019118.3	SRR3493776	2.75714427903156
AC019118.3	SRR3493777	2.0012906066058256
AC019118.3	SRR3493778	2
AC019118.3	SRR3493779	1.0033498647461594
AC019118.3	SRR3493780	2.0996284987419656
AC019118.3	SRR3493781	1
AC019118.3	SRR3493782	1.0082658104193984
AC019118.3	SRR3493783	2.0051674255696015
AC019118.3	SRR3493784	1.0206706748019738
AC019118.3	SRR3493785	1.000825380374255
AC019118.3	SRR3493786	3.121995901312285
AC019118.3	SRR3493787	3
AC019118.3	SRR3493788	1
AC019118.3	SRR3493789	1.0182148740097388
AC019118.3	SRR3493790	1
AC019118.3	SRR3493791	1.0014405946684066
AC019118.3	SRR3493792	1.0007200381067656
AC019118.3	SRR3493793	2.0191256392014814
AC019118.3	SRR3493794	1.0030944157282213
AC019118.3	SRR3493795	1.0036053788169974
AC019118.3	SRR3493796	3.0243502434716834
AC019118.3	SRR3493797	2
AC019118.3	SRR3493798	2.021977448791076
AC019118.3	SRR3493799	1
AC019118.3	SRR3493800	2.014269819324483
AC019118.3	SRR3493801	1.0089319232619702
AC019118.3	SRR3493802	1
AC019118.3	SRR3493803	1
AC019118.3	SRR3493804	1.0007200381067656
AC019118.3	SRR3493805	1.002342020016362
AC019118.3	SRR3493806	2
AC019118.3	SRR3493807	2
AC019118.3	SRR3493808	2.0038743188530233
AC019118.3	SRR3493809	1.0032306833661075
AC019118.3	SRR3493810	1
AC019118.3	SRR3493811	1
AC019118.3	SRR3493812	3.002160114320297
AC019118.3	SRR3493813	2.0036021349729065
AC019118.3	SRR3493814	3
AC019118.3	SRR3493815	0.740058073222207
AC019118.3	SRR3493816	4
AC019118.3	SRR3493817	2.0056167365879425
AC019118.3	SRR3493818	3.010354144106528
AC019118.3	SRR3493819	1
AC019118.3	SRR3493820	1.1218742596374018
AC019118.3	SRR3493821	2.0230022717140663
AC019118.3	SRR3493822	1
AC019118.3	SRR3493823	0.7868007166291554
AC019118.3	SRR3493824	1.5565048540152655
AC019118.3	SRR3493825	2.002582046044357
AC019118.3	SRR3493826	1.0007200381067656
AC019118.3	SRR3493827	3
AC019118.3	SRR3493828	1
AC019118.3	SRR3493829	1.002342020016362
AC019118.3	SRR3493830	1.242038493013751
AC019118.3	SRR3493831	1.0044169063073385
AC019118.3	SRR3493832	2.000359921883904
AC019118.3	SRR3493833	3.2114326257744654
AC019118.3	SRR3493834	1
AC019118.3	SRR3493835	1.0050511673749054
AC019118.3	SRR3493836	1
AC019118.3	SRR3493837	1.0006453033029128
AC019118.3	SRR3493838	2
AC019118.3	SRR3493839	1.0081612135148976
AC019118.3	SRR3493840	1.0191397315498472
AC019118.3	SRR3493841	1.00216167005823
AC019118.3	SRR3493846	3.0682691278587524
AC019118.3	SRR3493847	3.1098797133286884
AC019118.3	SRR3493848	1.000179960941952
AC019118.3	SRR3493849	1.2383647556462551
AC019118.3	SRR3493850	1
AC019118.3	SRR3714631	1
AC019118.3	SRR3714632	2.011065350099762
AC019118.3	SRR3714633	1.0113714976183878
AC019118.3	SRR3714634	1.006256696893515
AC019118.3	SRR3714635	2
AC019118.3	SRR3714636	2
AC019118.3	SRR3714637	1
AC019118.3	SRR3714638	1
AC019118.3	SRR3714639	2.876663515540711
AC019118.3	SRR3714640	0.7411050743982482
AC019118.3	SRR3714641	1.2625630081344652
AC019118.3	SRR3714642	1.756322471191301
AC019118.3	SRR3714643	1.3018476761381244
AC019118.3	SRR3714644	0.7409205532322277
AC019118.3	SRR3714645	3.0188020825987913
AC019118.3	SRR3714646	1.000179960941952
AC019118.3	SRR3714648	2.0426845774280586
AC019118.3	SRR3714649	1.901408214964946
AC019118.3	SRR3714650	1.0066624337546857
AC019118.3	SRR3714651	1.6122620946880917
AC019118.3	SRR3714652	0.880067857778748
AC019118.3	SRR3714653	3
AC019118.3	SRR3714654	1
AC019118.3	SRR3714655	1.0005399799895063
AC019118.3	SRR3714656	1.5841502570477797
AC019118.3	SRR3714657	1.1185518171072752
AC019118.3	SRR3714658	0.7750655479269212
AC019118.3	SRR3714659	2.085331157797455
AC019118.3	SRR3714660	1
AC019118.3	SRR3714661	2
AC019118.3	SRR3714662	2.021573126896141
AC019118.3	SRR3714663	1.0005399799895063
AC019118.3	SRR3714664	0.8886441072949159
AC019118.3	SRR3714665	2
AC019118.3	SRR3714666	1
AC019118.3	SRR3714667	1.0344620021019915
AC019118.3	SRR3714668	1
AC019118.3	SRR3714669	0.7815583665903988
AC019118.3	SRR3714670	1.0131789146255041
AC019118.3	SRR3714671	1.0010054898524368
AC019118.3	SRR3714672	1.0025088387998022
AC019118.3	SRR3714673	0.6136098426308987
AC019118.3	SRR3714674	2.6849783737290673
AC019118.3	SRR3714675	0.7436785228315872
AC019118.3	SRR3714676	2
AC019118.3	SRR3714677	1.002192313736413
AC019118.3	SRR3714678	2.2435814768410838
AC019118.3	SRR3714679	1.0013658060526471
AC019118.3	SRR3714680	1.0014238161238702
AC019118.3	SRR3714681	1.0032581242663439
AC019118.3	SRR3714682	1.8503790409299279
AC019118.3	SRR3714683	3.0057356599443947
AC019118.3	SRR3714684	0.5837388314511333
AC019118.3	SRR3714685	1.0015860938060694
AC019118.3	SRR3714686	0.6825454531864573
AC019118.3	SRR3714688	3.021645560727055
AC019118.3	SRR3714689	1.5302819328491262
AC019118.3	SRR3714690	0.78596420673364
AC019118.3	SRR3714691	1
AC019118.3	SRR3714692	0.7275899328557139
AC019118.3	SRR3714693	1.3454167611520533
AC019118.3	SRR3714694	0.8308269621955467
AC019118.3	SRR3714695	0.9104150817781187
AC019118.3	SRR3714696	2
AC019118.3	SRR3714697	1.008941448872144
AC019118.3	SRR3714698	1.0129099016527614
AC019118.3	SRR3714699	1.6418206301986262
AC019118.3	SRR3714700	0.8067877973810842
AC019118.3	SRR3714701	0.743627175493714
AC019118.3	SRR3714702	0.962619684560016
AC019118.3	SRR3714703	1.0009001286274537
AC019118.3	SRR3714704	0.7225201876559582
AC019118.3	SRR3714705	0.8950900693109363
AC019118.3	SRR3714706	1.0348625162168688
AC019118.3	SRR3714707	1.000465258632579
AC019118.3	SRR3714708	1.0229861853499778
AC019118.3	SRR3714709	1.7731831578053763
AC019118.3	SRR3714710	0.5275638785029315
AC019118.3	SRR3714711	0.670442881400527
AC019118.3	SRR3714712	1
AC019118.3	SRR3714713	3
AC019118.3	SRR3714714	1
AC019118.3	SRR3714715	1.0045976621199102
AC019118.3	SRR3714716	1
AC019118.3	SRR3714717	1
AC019118.3	SRR3714718	1
AC019118.3	SRR3714719	1.588107915225814
AC019118.3	SRR3714720	1.6203820347223812
AC019118.3	SRR3714721	0.5914938926818853
AC019118.3	SRR3714723	0.6080213504916173
AC019118.3	SRR3714724	1.0027736060725236
AC019118.3	SRR3714725	1.0122888422733813
AC019118.3	SRR3714726	1.81636069059745
AC019118.3	SRR3714727	1.8758532965579864
AC019118.3	SRR3714728	1.0080722840940834
AC019118.3	SRR3714729	1.0258093057558688
AC019118.3	SRR3714730	0.8026363966289812
AC019118.3	SRR3714731	1.000179960941952
AC019118.3	SRR3714732	1.6294997308362864
AC019118.3	SRR3714734	0.5355782267326148
AC019118.3	SRR3714735	0.6771775710840109
AC019118.3	SRR3714736	0.8353423023921218
AC019118.3	SRR3714737	1
AC019118.3	SRR3714738	2.7068132914362617
AC019118.3	SRR3714739	0.6763742521696835
AC019118.3	SRR3714740	0.7725589357945342
AC019118.3	SRR3714741	1.0009581117215416
AC019118.3	SRR3714744	4.704947725368466
AC019118.3	SRR3714745	1.0402451473540792
AC019118.3	SRR3714746	1.008355710513067
AC019118.3	SRR3714747	1.104593214472249
AC019118.3	SRR3714748	0.6338577240741132
AC019118.3	SRR3714749	1.0205775690941423
AC019118.3	SRR3714750	2.0793346105373147
AC019118.3	SRR3714751	1.000825380374255
AC019118.3	SRR3714752	2
AC019118.3	SRR3714753	1.0075653100732087
AC019118.3	SRR3714754	2
AC019118.3	SRR3714755	0.689177012895678
AC019118.3	SRR3714756	1.0214197456593945
AC019118.3	SRR3714757	2.1770895041915987
AC019118.3	SRR3714758	0.941135441636919
AC019118.3	SRR3714759	2.6184918885399537
AC019118.3	SRR3714760	3.0019359099087386
AC019118.3	SRR3714761	1.000124712645935
AC019118.3	SRR3714762	0.9296203737524296
AC019118.3	SRR3714764	1
AC019118.3	SRR3714765	1.7059834825668696
AC019118.3	SRR3714766	1
AC019118.3	SRR3714767	2.0370031462107367
AC019118.3	SRR3714768	1
AC019118.3	SRR5176628	1.006808691572482
AC019118.3	SRR5176629	1.0056828803089768
AC019118.3	SRR5176630	2.00443945246922
AC019118.3	SRR5176631	1.0095554363800798
AC019118.3	SRR5176632	1.0028083682939712
AC019118.3	SRR5176633	1.0063933941186642
AC019118.3	SRR5176634	1.0395854398178583
AC019118.3	SRR5176635	1.006092499057644
AC019118.3	SRR5176636	1.0259454268844617
AC019118.3	SRR5176637	2.0590699833559802
AC019118.3	SRR5176638	1.122472464979261
AC019118.3	SRR5176639	3
AC019118.3	SRR5176640	1.0439825147124846
AC019118.3	SRR5176641	1.0145674663519957
AC019118.3	SRR5176642	1.0019065235500912
AC019118.3	SRR5176643	1.0017262519502124
AC019118.3	SRR5176644	1.000179960941952
AC019118.3	SRR5176645	2.076265810100314
AC019118.3	SRR5176646	1.018354954225084
AC019118.3	SRR5176647	1.0057887449973542
AC019118.3	SRR5176648	1.0028083682939712
AC019118.3	SRR5176649	1.0066452728062618
AC019118.3	SRR5176650	1.0238007506984588
AC019118.3	SRR5176651	1.0158653061982168
AC019118.3	SRR5176652	1.0055051719366213
AC019118.3	SRR5176653	2.005338436406242
AC019118.3	SRR5176654	2.0161511898194813
AC019118.3	SRR5176655	1.00118563174329
AC019118.3	SRR5176656	1.069687850829972
AC019118.3	SRR5176657	1.0798186787512312
AC019118.3	SRR5176658	1.001620814861132
AC019118.3	SRR5176659	1.0021448794325023
AC019118.3	SRR5176660	1.001124914001854
AC019118.3	SRR5176661	1.005368595357641
AC019118.3	SRR5176662	0.9673827506103251
AC019118.3	SRR5176663	2.012547112822931
AC019118.3	SRR5176664	1
AC019118.3	SRR5176665	1.008705895915066
AC019118.3	SRR5176666	2.007588014702848
AC019118.3	SRR5176667	1.0784326276989211
AC019118.3	SRR5176668	1.004323906889319
AC019118.3	SRR5176669	1.0094259876059126
AC019118.3	SRR5176670	1.0063933941186642
AC019118.3	SRR5176671	1.0017842829024082
AC019118.3	SRR5176672	1.0054744269623506
AC019118.3	SRR5176673	1.0047509679775968
AC019118.3	SRR5176674	1.0022978109851632
AC019118.3	SRR5176675	1.0041780100330324
AC019118.3	SRR5176676	1.0182154548374127
AC019118.3	SRR5176677	1.0014405946684066
AC019118.3	SRR5176678	2.0442627946083407
AC019118.3	SRR5176679	1.008843607004959
AC019118.3	SRR5176680	1.0028083682939712
AC019118.3	SRR5176681	1.0010802515574013
AC019118.3	SRR5176682	1.0097140318888853
AC019118.3	SRR5176683	1.004495162244163
AC019118.3	SRR5176684	1.0026279344264644
AC019118.3	SRR5176685	1.0029413626288513
AC019118.3	SRR5176686	1.0042610311786755
AC019118.3	SRR5176687	2.0088402910202974
AC019118.3	SRR5176688	1.0130567972055589
AC019118.3	SRR5176689	1.0073300783969779
AC019118.3	SRR5176690	1.0250785821196775
AC019118.3	SRR5176691	3.002700385882361
AC019118.3	SRR5176692	1.0096679251628273
AC019118.3	SRR5176693	1.0072548499485035
AC019118.3	SRR5176694	1
AC019118.3	SRR5176695	1.0138275958896568
AC019118.3	SRR5176696	3.3828203659331524
AC019118.3	SRR5176697	1.0271093020097934
AC019118.3	SRR5176698	1.164477770967963
AC019118.3	SRR5176699	1.0242455710874605
AC019118.3	SRR5176700	1.0887470529698755
AC019118.3	SRR5176701	1.0339279043721292
AC019118.3	SRR5176702	1
AC019118.3	SRR5176703	1.0222386939864545
AC019118.3	SRR5176704	1.0043587228536055
AC019118.3	SRR5176705	1.0020393982806224
AC019118.3	SRR5176706	1.0268731231539296
AC019118.3	SRR5176707	1.0193297719483747
AC019118.3	SRR5176708	1.0095002108494255
AC019118.3	SRR5176709	1.0047509679775968
AC019118.3	SRR5176710	4
AC019118.3	SRR5176711	1.001902427405406
AC019118.3	SRR5176712	1.0124489319096075
AC019118.3	SRR5176713	1.0086581533197898
AC019118.3	SRR5176714	1.0597737530480678
AC019118.3	SRR5176715	1.0012604069024411
AC019118.3	SRR5176716	1.001964564945592
AC019118.3	SRR5176717	1.006427797534363
AC019118.3	SRR5176718	1.0085688845855312
AC019118.3	SRR5176719	1.0023284588262065
AC019118.3	SRR5176720	1
AC019118.3	SRR5176721	3
AC019118.3	SRR5176722	1.01939507511747
AC019118.3	SRR5176723	2.0186650487895563
AC019118.3	SRR5176724	1.0053169006142997
AC019118.3	SRR5176725	1.0121298614748808
AC019118.3	SRR5176726	1
AC019118.3	SRR5176727	1.0005705740803321
AC019118.3	SRR5176728	1.0243749333461307
AC019118.3	SRR5176729	2.0037435851819483
AC019118.3	SRR5176730	2.0127589665564636
AC019118.3	SRR5176731	1.0045394681954278
AC019118.3	SRR5176732	2
AC019118.3	SRR5176733	1.00221972623461
AC019118.3	SRR5176734	1.0806477792257758
AC019118.3	SRR5176735	1.0023284588262065
AC019118.3	SRR5176736	1.0019371594265116
AC019118.3	SRR5176737	1.0028971271632066
AC019118.3	SRR5176738	1.0106397277698875
AC019118.3	SRR5176739	1.0078091324706568
AC019118.3	SRR5176740	1.004072314883195
AC019118.3	SRR5176741	1.0408847329279391
AC019118.3	SRR5176742	1.010291833169212
AC019118.3	SRR5176743	1.011462874490941
AC019118.3	SRR5176744	1.0131637081071394
AC019118.3	SRR5176745	1.0088524506271404
AC019118.3	SRR5176746	1.00221972623461
AC019118.3	SRR5176747	2
AC019118.3	SRR5176748	1.0012604069024411
AC019118.3	SRR5176749	1.0161679489713202
AC019118.3	SRR5176750	1.0159089388893974
AC019118.3	SRR5176751	1.0035611140644307
AC019118.3	SRR5176752	1.0044724723375944
AC019118.3	SRR5176753	1.002611135988753
AC019118.3	SRR5176754	1.0052184370390407
AC019118.3	SRR5176755	1.000465258632579
AC019118.3	SRR5176756	1.0283814664958064
AC019118.3	SRR5176757	1.0554499963578214
AC019118.3	SRR5176758	1.010940517584876
AC019118.3	SRR5176759	1.026903890048256
AC019118.3	SRR5176760	1.0056861235945007
AC019118.3	SRR5176761	1.0058055966749162
AC019118.3	SRR5176762	1.0740318196782621
AC019118.3	SRR5176763	1.007431702583026
AC019118.3	SRR5176764	1.0007200381067656
AC019118.3	SRR5176765	1.0016514420012725
AC019118.3	SRR5176766	1.0028083682939712
AC019118.3	SRR5176767	1.0010054898524368
AC019118.3	SRR5176768	2.0297328991507557
AC019118.3	SRR5176769	1.002883264649812
AC019118.3	SRR5176770	1.0022978109851632
AC019118.3	SRR5176771	1.002412783311024
AC019118.3	SRR5176772	1.0061984068651417
AC019118.3	SRR5176773	1.0074020636341914
AC019118.3	SRR5176774	1.0060997931780538
AC019118.3	SRR5176775	1.0092509626586887
AC019118.3	SRR5176776	1.0081167478238944
AC019118.3	SRR5176777	1.0097815941634372
AC019118.3	SRR5176778	1.005572915612441
AC019118.3	SRR5176779	1.0050375695313305
AC019118.3	SRR5176780	1.0029888346325269
AC019118.3	SRR5176781	1.006184793499986
AC019118.3	SRR5176782	1.0080091098205926
AC019118.3	SRR5176783	1.0090657297142456
AC019118.3	SRR5176784	1.0040386698901456
AC019118.3	SRR5176785	2.0034525039004247
AC019118.3	SRR5176786	1
AC019118.3	SRR5176787	1.007497432173284
AC019118.3	SRR5176788	1.0264449971198473
AC019118.3	SRR5176789	1.013949547608129
AC019118.3	SRR5176790	2.018645398785841
AC019118.3	SRR5176791	1.0086741821784493
AC019118.3	SRR5176792	1
AC019118.3	SRR5176793	2.017768339937395
AC019118.3	SRR5176794	1.0044644481525995
AC019118.3	SRR5176795	1.0041337200241454
AC019118.3	SRR5176796	1.0222382848481906
AC019118.3	SRR5176797	1.0069060376635988
AC019118.3	SRR5176798	1.0052110855900878
AC019118.3	SRR5176799	1
AC019118.3	SRR5176800	1.0077542977076395
AC019118.3	SRR5176801	2.0337238324144606
AC019118.3	SRR5176802	1.0138345149480519
AC019118.3	SRR5176803	1.00402802953607
AC019118.3	SRR5176804	1.02112644076761
AC019118.3	SRR5176805	1.0038166819322296
AC019118.3	SRR5176806	1.0293316032282849
AC019118.3	SRR5176807	1.0006453033029128
AC019118.3	SRR5176808	1.0003599542698447
AC019118.3	SRR5176809	1.0014405946684066
AC019118.3	SRR5176810	2
AC019118.3	SRR5176811	1
AC019118.3	SRR5176812	1.0010802515574013
AC019118.3	SRR5176813	1.0010802515574013
AC019118.3	SRR5176814	1
AC019118.3	SRR5176815	1.013767067239064
AC019118.3	SRR5176816	1.014024061573879
AC019118.3	SRR5176817	1.0051501237216312
AC019118.3	SRR5176818	1.002447533024164
AC019118.3	SRR5176819	1.052525107799273
AC019118.3	SRR5176820	1.0220622993353137
AC019118.3	SRR5176821	2.017924956728356
AC019118.3	SRR5176822	1.0288326159382661
AC019118.3	SRR5176823	1.0037302716009715
AC019118.3	SRR5176824	1.0055802697075793
AC019118.3	SRR5176825	1.0010802515574013
AC019118.3	SRR5176826	2.0161203927171782
AC019118.3	SRR5176827	1.0037417158678243
AC019118.3	SRR5176828	1.0039362270488077
AC019118.3	SRR5176829	1.0026585923618834
AC019118.3	SRR5176830	1.0003599542698447
AC019118.3	SRR5176831	2.010163798813845
AC019118.3	SRR5176832	1.0098220047641269
AC019118.3	SRR5176833	1.0056799316660756
AC019118.3	SRR5176834	1.0038017867755233
AC019118.3	SRR5176835	1.0034861670860973
AC019118.3	SRR5176836	1.000825380374255
AC019118.3	SRR5176837	1.0508653132871792
AC019118.3	SRR5176838	1.0246586529675596
AC019118.3	SRR5176839	1.040250778085957
AC019118.3	SRR5176840	2.000930517265158
AC019118.3	SRR5176841	1.0134982253253717
AC019118.3	SRR5176842	1.0061368754637303
AC019118.3	SRR5176843	1.0076160966243792
AC019118.3	SRR5176844	1.002883264649812
AC019118.3	SRR5176845	1.0144079175752987
AC019118.3	SRR5176846	1.0044337350001697
AC019118.3	SRR5176847	1.0198121879198054
AC019118.3	SRR5176848	1.0084182482829835
AC019118.3	SRR5176849	1.0192261891808638
AC019118.3	SRR5176850	1.0134815678813656
AC019118.3	SRR5176851	1.0010455492408952
AC019118.3	SRR5176852	1.0219393534398167
AC019118.3	SRR5176853	2.004895066048328
AC019118.3	SRR5176854	1.0464063323203885
AC019118.3	SRR5176855	1.0022671640812284
AC019118.3	SRR5176856	1.015767846289757
AC019118.3	SRR5176857	1.0034661181326476
AC019118.3	SRR5176858	1.0068447579623179
AC019118.3	SRR5176859	1.0017568823143634
AC019118.3	SRR5176860	3
AC019118.3	SRR5176861	1.0019065235500912
AC019118.3	SRR5176862	1.005770730554937
AC019118.3	SRR5176863	1.002447533024164
AC019118.3	SRR5176864	1.0048033120397526
AC019118.3	SRR5176865	2.0038130471001825
AC019118.3	SRR5176866	1
AC019118.3	SRR5176867	1.0042054768450526
AC019118.3	SRR5176868	1.0345942081893522
AC019118.3	SRR5176869	1.002447533024164
AC019118.3	SRR5176870	1.004495162244163
AC019118.3	SRR5176871	2.0067771205653404
AC019118.3	SRR5176872	1.0190046497146266
AC019118.3	SRR5861974	1.0130433677592323
AC019118.3	SRR5861975	1.0090231573303534
AC019118.3	SRR5861976	1.0399586289520686
AC019118.3	SRR5861977	1
AC019118.3	SRR5861978	1.0048260094196193
AC019118.3	SRR5861979	1.0093120030410565
AC019118.3	SRR5861980	5
AC019118.3	SRR5861981	1.0197815921391915
AC019118.3	SRR5861982	1.2333293129099616
AC019118.3	SRR5861983	2.003241629722264
AC019118.3	SRR5861984	1.0080145694811098
AC019118.3	SRR5861985	1.016870477919848
AC019118.3	SRR5861986	1.0019813525502068
AC019118.3	SRR5861987	1.0125418094627725
AC019118.3	SRR5861988	1.0170644141079765
AC019118.3	SRR5861989	1.0123248275356085
AC019118.3	SRR5861990	1.002984734062975
AC019118.3	SRR5861991	2
AC019118.3	SRR5861992	1
AC019118.3	SRR5861993	1.003694208229873
AC019118.3	SRR5861994	1
AC019118.3	SRR5861995	1.0086700213995727
AC019118.3	SRR5861996	1.0041304817450423
AC019118.3	SRR5861997	1.025339219737338
AC019118.3	SRR5861998	1.005699730212809
AC019118.3	SRR5861999	1.026742644639398
AC019118.3	SRR5862000	1.0003599542698447
AC019118.3	SRR5862001	1
AC019118.3	SRR5862002	1.0010802515574013
AC019118.3	SRR5862003	1.002412783311024
AC019118.3	SRR5862004	1.005509961707591
AC019118.3	SRR5862005	1.0052491741857592
AC019118.3	SRR5862006	1.0037417158678243
AC019118.3	SRR5862007	2.01677308718003
AC019118.3	SRR5862008	1.0039837461421828
AC019118.3	SRR5862009	1.0035304285329265
AC019118.3	SRR5862010	1.0512612155664167
AC019118.3	SRR5862011	2.0710247930159857
AC019118.3	SRR5862012	1.006981535073958
AC019118.3	SRR5862013	1.0206507030732106
AC019118.3	SRR5862014	3.0145647500339185
AC019118.3	SRR5862015	4
AC019118.3	SRR5862016	1.0041644240028431
AC019118.3	SRR5862017	1.0081920406445979
AC019118.3	SRR5862018	1.003980508346738
AC019118.3	SRR5862019	1.0078876527019538
AC019118.3	SRR5862020	2.006727467418416
AC019118.3	SRR5862021	1.0059502686096389
AC019118.3	SRR5862022	1.004809174154462
AC019118.3	SRR5862023	1.0074832063331325
AC019118.3	SRR5862024	1.0026860176139818
AC019118.3	SRR5862025	2
AC019118.3	SRR5862026	1.0076713729183253
AC019118.3	SRR5862027	1.0005399799895063
AC019118.3	SRR5862028	3.378761069489482
AC019118.3	SRR5862029	1.02024518939608
AC019118.3	SRR5862030	1.0027334775314678
AC019118.3	SRR5862031	1.0069060376635988
AC019118.3	SRR5862032	1.0733161679094974
AC019118.3	SRR5862033	2.0029972181444102
AC019118.3	SRR5862034	1.2455161624992859
AC019118.3	SRR5862035	1.0065785570627332
AC019118.3	SRR5862036	1.0173435392265755
AC019118.3	SRR5862037	1.0542964573472537
AC019118.3	SRR5862038	1.0790945062876685
AC019118.3	SRR5862039	1.0017262519502124
AC019118.3	SRR5862040	1.0064209215270505
AC019118.3	SRR5862041	1.0053378545594238
AC019118.3	SRR5862042	2.0176241576512597
AC019118.3	SRR5862043	1
AC019118.3	SRR5862044	1.0013658060526471
AC019118.3	SRR5862045	2.008322371249443
AC019118.3	SRR5862046	2.0155696342918508
AC019118.3	SRR5862047	1.0087045754820203
AC019118.3	SRR5862048	1.2470733792685733
AC019118.3	SRR5862049	1.0154319201015636
AC019118.3	SRR5862050	2.0065498670882853
AC019118.3	SRR5862051	1.004672692112038
AC019118.3	SRR5862052	2.0069109676924404
AC019118.3	SRR5862053	1.0026279344264644
AC019118.3	SRR5862054	1.0260159995067561
AC019118.3	SRR5862055	1.022637922005436
AC019118.3	SRR5862056	1.0326488670033724
AC019118.3	SRR5862057	1.0076559805417438
AC019118.3	SRR5862058	1.0022671640812284
AC019118.3	SRR5862059	2.0552406615442904
AC019118.3	SRR5862060	1.0090831474448634
AC019118.3	SRR5862061	1.0035611140644307
AC019118.3	SRR5862062	1.0005399799895063
AC019118.3	SRR5862063	1.0119474539360775
AC019118.3	SRR5862064	1.0019371594265116
AC019118.3	SRR5862065	1.0025183037678282
AC019118.3	SRR5862066	1.0090241825684263
AC019118.3	SRR5862067	1.2340297724805442
AC019118.3	SRR5862068	1.0047202460643523
AC019118.3	SRR5862069	1.0021269302544924
AC019118.3	SRR5862070	1.0132753777637182
AC019118.3	SRR5862071	1.2517458229536382
AC019118.3	SRR5862072	1.2634612941586179
AC019118.3	SRR5862073	1.0018591027727843
AC019118.3	SRR5862074	1.0050281404219858
AC019118.3	SRR5862075	1.0067831870350152
AC019118.3	SRR5862076	1.240670619317905
AC019118.3	SRR5862077	1.003924078944055
AC019118.3	SRR5862078	1.0774391300279966
AC019118.3	SRR5862079	1.0101026655898993
AC019118.3	SRR5862080	1.0183262211710338
AC019118.3	SRR5862081	1.0017262519502124
AC019118.3	SRR5862082	1.0037523531876433
AC019118.3	SRR5862083	1
AC019118.3	SRR5862084	1.0068169239958968
AC019118.3	SRR5862085	3
AC019118.3	SRR5862086	1.0247352824726355
AC019118.3	SRR5862087	1.0117536254353572
AC019118.3	SRR5862088	1.121721315480128
AC019118.3	SRR5862089	1.0122530679623452
AC019118.3	SRR5862090	1.001709468619657
AC019118.3	SRR5862091	1.013801038227387
AC019118.3	SRR5862092	1.0205242153246368
AC019118.3	SRR5862093	1.000179960941952
AC019118.3	SRR5862094	1.004945674737599
AC019118.3	SRR5862095	1.0873315399586785
AC019118.3	SRR5862096	1.00216167005823
AC019118.3	SRR5862097	1.0052491741857592
AC019118.3	SRR5862098	0.9538079228387495
AC019118.3	SRR5862099	1.0223775623222773
AC019118.3	SRR5862100	1.0026279344264644
AC019118.3	SRR5862101	1.0581490093852495
AC019118.3	SRR5862102	1.0057821343320803
AC019118.3	SRR5862103	1.0233035627864664
AC019118.3	SRR5862104	1.0041337200241454
AC019118.3	SRR5862105	1.0110064761067548
AC019118.3	SRR5862106	1.0042530086827692
AC019118.3	SRR5862107	1
AC019118.3	SRR5862108	1.0068477100204776
AC019118.3	SRR5862109	1.0018010674864533
AC019118.3	SRR5862110	1.0079096360319266
AC019118.3	SRR5862111	2.029096023518285
AC019118.3	SRR5862112	1.0037110248141228
AC019118.3	SRR5862113	1.0086741821784493
AC019118.3	SRR5862114	1.0046422669203672
AC019118.3	SRR5862115	1.006604989330596
AC019118.3	SRR5862116	1.0254857038474403
AC019118.3	SRR5862117	1.0032581242663439
AC019118.3	SRR5862118	1.008264382868182
AC019118.3	SRR5862119	1.004072314883195
AC019118.3	SRR5862120	1.0009001286274537
AC019118.3	SRR5862121	1.0014405946684066
AC019118.3	SRR5862122	1.0020393982806224
AC019118.3	SRR5862123	1.0022671640812284
AC019118.3	SRR5862124	1.0031693334479748
AC019118.3	SRR5862125	1
AC019118.3	SRR5862126	1.0009001286274537
AC019118.3	SRR5862127	1.0037110248141228
AC019118.3	SRR5862128	1.003694208229873
AC019118.3	SRR5862129	1.0783123695394767
AC019118.3	SRR5862130	1.0061676406940727
AC019118.3	SRR5862131	1.0022671640812284
AC019118.3	SRR5862132	1.0009001286274537
AC019118.3	SRR5862133	1.0009001286274537
AC019118.3	SRR5862134	1.000179960941952
AC019118.3	SRR5862135	1.0124958537165647
AC019118.3	SRR5862136	2.0007199085396894
AC019118.3	SRR5862137	1.00216167005823
AC019118.3	SRR5862138	2.0035326803659137
AC019118.3	SRR5862139	1.0013216400780827
AC019118.3	SRR5862140	1.0032442567630784
AC019118.3	SRR5862141	1.0042837163090255
AC019118.3	SRR5862142	1.0026860176139818
AC019118.3	SRR5862143	1.0003599542698447
AC019118.3	SRR5862144	1.0055802697075793
AC019118.3	SRR5862145	2.0065498670882853
AC019118.3	SRR5862146	1.0133733985581923
AC019118.3	SRR5862147	2.0143249147059117
AC019118.3	SRR5862148	3
AC019118.3	SRR5862149	1.0056861235945007
AC019118.3	SRR5862150	2.0048066386784735
AC019118.3	SRR5862151	1.012046576634804
AC019118.3	SRR5862152	1.0238846982116432
AC019118.3	SRR5862153	1.0203447653969262
AC019118.3	SRR5862154	2
AC019118.3	SRR5862155	1.0062123152026168
AC019118.3	SRR5862156	1.0252722652958044
AC019118.3	SRR5862157	1.025782636703574
AC019118.3	SRR5862158	1.0005399799895063
AC019118.3	SRR5862159	1.005836351775555
AC019118.3	SRR5862160	1.0378044312625647
AC019118.3	SRR5862161	1.0027199110450864
AC019118.3	SRR5862162	1.0032581242663439
AC019118.3	SRR5862163	1.00338054475646
AC019118.3	SRR5862164	1.0500323204142936
AC019118.3	SRR5862165	1.0042943593727842
AC019118.3	SRR5862166	1.0042530086827692
AC019118.3	SRR5862167	1.002086827591817
AC019118.3	SRR5862168	1.0016514420012725
AC019118.3	SRR5862169	1.003631963424637
AC019118.3	SRR5862170	1.0108445605752712
AC019118.3	SRR5862171	1.0016820700779165
AC019118.3	SRR5862172	1.0017262519502124
AC019118.3	SRR5862173	1.024784508800748
AC019118.3	SRR5862174	1.0281268623068158
AC019118.3	SRR5862175	2.0096520188392386
AC019118.3	SRR5862176	1.0171349305854593
AC019118.3	SRR5862177	1.0318682832320207
AC019118.3	SRR5862178	2.0570702848294458
AC019118.3	SRR5862179	1.0056022027105522
AC019118.3	SRR5862180	1.163410651901285
AC019118.3	SRR5862181	2.0417734344937406
AC019118.3	SRR5862182	1.0091326280382285
AC019118.3	SRR5862183	1.0048842199437062
AC019118.3	SRR5862184	1.0267236692152724
AC019118.3	SRR5862185	1
AC019118.3	SRR5862186	1.0072483532698095
AC019118.3	SRR5862187	1.0074072425695189
AC019118.3	SRR5862188	1.0388632588888775
AC019118.3	SRR5862189	1.0080998574243627
AC019118.3	SRR5862190	1.0013216400780827
AC019118.3	SRR5862191	1.0115110461819634
AC019118.3	SRR5862192	1.0447528439170217
AC019118.3	SRR5862193	1.0035611140644307
AC019118.3	SRR5862194	1.0051877008321608
AC019118.3	SRR5862195	1.0062679805579082
AC019118.3	SRR5862196	1
AC019118.3	SRR5862197	1
AC019118.3	SRR5862198	1.1006263597390016
AC019118.3	SRR5862199	1.002447533024164
AC019118.3	SRR5862200	1.002117468981499
AC019118.3	SRR5862201	2.532510215071989
AC019118.3	SRR5862202	1.0211835799356648
AC019118.3	SRR5862203	1.033482189187862
AC019118.3	SRR5862204	1
AC019118.3	SRR5862205	1
AC019118.3	SRR5862206	1.0177742386248947
AC019118.3	SRR5862207	1.0052627748922789
AC019118.3	SRR5862208	1.0189273711359403
AC019118.3	SRR5862209	1.0111265812321877
AC019118.3	SRR5862210	1
AC019118.3	SRR5862211	1.0321768293944853
AC019118.3	SRR5862212	1.0087809371964969
AC019118.3	SRR5862213	1.0045749698980364
AC019118.3	SRR5862214	1.0026987179060987
AC019118.3	SRR5862215	1.00237266920921
AC019118.3	SRR5862216	1.0035611140644307
AC019118.3	SRR5862217	1.0064377837965335
AC019118.3	SRR5862218	1.0009001286274537
AC019118.3	SRR5862219	1.022945581707591
AC019118.3	SRR5862220	1.0044644481525995
AC019118.3	SRR5862221	3
AC019118.3	SRR5862222	1.0032306833661075
AC019118.3	SRR5862223	1.0429841423303001
AC019118.3	SRR5862224	2.015289953042078
AC019118.3	SRR5862225	1.0026238353323988
AC019118.3	SRR5862226	1.0010802515574013
AC019118.3	SRR5862227	1
AC019118.3	SRR5862228	1.0088969487682873
AC019118.3	SRR5862229	1.005836351775555
AC019118.3	SRR5862230	1.0052323318307268
AC019118.3	SRR5862231	2.0040787965612448
AC019118.3	SRR5862232	1.014834368071843
AC019118.3	SRR5862233	1.0027334775314678
AC019118.3	SRR5862234	2.0115496850293297
AC019118.3	SRR5862235	1.0009001286274537
AC019118.3	SRR5862236	1.002117468981499
AC019118.3	SRR5862237	1.030696233812855
AC019118.3	SRR5862238	1.000825380374255
AC019118.3	SRR5862239	2.015287622615724
AC019118.3	SRR5862240	1.0027028173063115
AC019118.3	SRR5862241	1.0061466694539738
AC019118.3	SRR5862242	1.0068340878705722
AC019118.3	SRR5862243	1.0055084743211022
AC019118.3	SRR5862244	1.014062871686957
AC019118.3	SRR5862245	1.0179113233903831
AC019118.3	SRR5862246	1.0018838921166466
AC019118.3	SRR5862247	1.0054744269623506
AC019118.3	SRR5862248	3.002160114320297
AC019118.3	SRR5862249	1.014824489514172
AC019118.3	SRR5862250	5.052648367466286
AC019118.3	SRR5862251	1.0100832966107522
AC019118.3	SRR5862252	1.0025224024304422
AC019118.3	SRR5862253	1.0076222154653056
AC019118.3	SRR5862254	1.0069504499529853
AC019118.3	SRR5862255	1.0077540024677532
AC019118.3	SRR5862256	1.0154304835599302
AC019118.3	SRR5862257	1.0133332028501592
AC019118.3	SRR5862258	2.005106114277896
AC019118.3	SRR5862259	2.0268290258529236
AC019118.3	SRR5862260	1.0641135195805316
AC019118.3	SRR5862261	1.0162121900968593
AC019118.3	SRR5862262	1.0096833750182226
AC019118.3	SRR5862263	1.045022718956458
AC019118.3	SRR5862264	2.0113107461746704
AC019118.3	SRR5862265	1.00118563174329
AC019118.3	SRR5862266	1.0054268373142463
AC019118.3	SRR5862267	1.0548744221196733
AC019118.3	SRR5862268	1.0048260094196193
AC019118.3	SRR5862269	1.0038780714396673
AC019118.3	SRR5862270	2.00443945246922
AC019118.3	SRR5862271	1.0058638639474222
AC019118.3	SRR5862272	1.011046062783337
AC019118.3	SRR5862273	1.0033150837538076
AC019118.3	SRR5862274	1.0045394681954278
AC019118.3	SRR5862275	1.0127963981370376
AC019118.3	SRR5862276	1.0171325747477717
AC019118.3	SRR5862277	1.012407898752116
AC019118.3	SRR5949109	1.1543930374941627
AC019118.3	SRR5949110	1.1528629477900991
AC019118.3	SRR5949111	1.1543861423812125
AC019118.3	SRR5949112	1.1544080735423528
AC019118.3	SRR5949113	1.1538715423531325
AC019118.3	SRR5949114	1.1544080735423528
AC019118.3	SRR5949115	1.1543930374941627
AC019118.3	SRR5949116	1.154328975937927
AC019118.3	SRR5949117	1.1544080735423528
AC019118.3	SRR5949118	1.1542881659876676
AC019118.3	SRR5949119	1.1544066367558048
AC019118.3	SRR5949120	1.1542612816136126
AC019118.3	SRR5949121	1.1542612816136126
AC019118.3	SRR5949122	1.1542193125787963
AC019118.3	SRR5949123	1.154119770897195
AC019118.3	SRR5949124	1.1536303593625774
AC019118.3	SRR5949125	1.1538715423531325
AC019118.3	SRR5949126	1.1542193125787963
AC019118.3	SRR5949127	1.1542612816136126
AC019118.3	SRR5949128	1.1542612816136126
AC019118.3	SRR5949129	1.1544066367558048
AC019118.3	SRR5949130	1.1543861423812125
AC019118.3	SRR5949131	1.1541454974839138
AC019118.3	SRR5949132	1.1543930374941627
AC019118.3	SRR5949133	1.154243037085462
AC019118.3	SRR5949134	1.1544080735423528
AC019118.3	SRR5949135	1.1543244711383844
AC019118.3	SRR5949136	1.1544018504729736
AC019118.3	SRR5949137	1.1537285180296166
AC019118.3	SRR5949138	1.154127700715507
AC019118.3	SRR5949139	1.1542342444976637
AC019118.3	SRR5949140	1.1543861423812125
AC019118.3	SRR5949141	1.1544066367558048
AC019118.3	SRR5949142	1.1543861423812125
AC019118.3	SRR5949143	1.1544080735423528
AC019118.3	SRR5949144	1.154243037085462
AC019118.3	SRR5949145	1.1542881659876676
AC019118.3	SRR5949146	1.1542763738511965
AC019118.3	SRR5949147	1.1542763738511965
AC019118.3	SRR5949148	1.1535426695350546
AC019118.3	SRR5949149	1.1542881659876676
AC019118.3	SRR5949150	1.1544066367558048
AC019118.3	SRR5949151	1.1540843659274789
AC019118.3	SRR5949152	1.1521642390280358
AC019118.3	SRR5949153	1.1542129775631536
AC019118.3	SRR5949154	1.1532523441137337
AC019118.3	SRR5949155	1.1542881659876676
AC019118.3	SRR5949156	1.1544066367558048
AC019118.3	SRR5949157	1.1543930374941627
AC019118.3	SRR5949158	1.1544080735423528
AC019118.3	SRR5949159	1.1533709738650642
AC019118.3	SRR5949160	1.1543930374941627
AC019118.3	SRR5949161	1.1543861423812125
AC019118.3	SRR5949162	1.1543930374941627
AC019118.3	SRR5949163	1.1544066367558048
AC019118.3	SRR5949164	1.1544080735423528
AC019118.3	SRR5949165	1.154328975937927
AC019118.3	SRR5949166	1.1544066367558048
AC019118.3	SRR5949167	1.1542881659876676
AC019118.3	SRR5949168	1.1543244711383844
AC019118.3	SRR5949169	1.1496389762158161
AC019118.3	SRR5949170	1.1544080735423528
AC019118.3	SRR5949171	1.1541360045743105
AC019118.3	SRR5949172	1.1541312616794417
AC019118.3	SRR5949173	1.1543930374941627
AC019118.3	SRR5949174	1.1543244711383844
AC019118.3	SRR5949175	1.1544080735423528
AC019118.3	SRR5949176	1.1542612816136126
AC019118.3	SRR5949177	1.153448318699057
AC019118.3	SRR5949178	1.1542129775631536
AC019118.3	SRR5949179	1.1543861423812125
AC019118.3	SRR5949180	1.1544080735423528
AC019118.3	SRR5949181	1.1544018504729736
AC019118.3	SRR5949182	1.154243037085462
AC019118.3	SRR5949183	1.1544066367558048
AC019118.3	SRR5949184	1.154328975937927
AC019118.3	SRR5949185	1.1541312616794417
AC019118.3	SRR5949186	1.1537962707798937
AC019118.3	SRR5949187	1.1543861423812125
AC019118.3	SRR5949188	1.1543244711383844
AC019118.3	SRR5949189	1.1542612816136126
AC019118.3	SRR5949190	1.1542881659876676
AC019118.3	SRR5949191	1.1541360045743105
AC019118.3	SRR5949192	1.1544018504729736
AC019118.3	SRR5949193	1.1544066367558048
AC019118.3	SRR5949194	1.1543930374941627
AC019118.3	SRR5949195	1.154328975937927
AC019118.3	SRR5949196	1.1541454974839138
AC019118.3	SRR5949197	1.153987572083333
AC019118.3	SRR5949198	1.153664101949279
AC019118.3	SRR5949199	1.1542193125787963
AC019118.3	SRR5949200	1.1544066367558048
AC019118.3	SRR5949201	1.1543244711383844
AC019118.3	SRR5949202	1.1543861423812125
AC019118.3	SRR5949203	1.1543930374941627
AC019118.3	SRR5949204	1.1544080735423528
AC019118.3	SRR5949205	1.1544080735423528
AC019118.3	SRR5949206	1.154328975937927
AC019118.3	SRR5949207	1.1543930374941627
AC019118.3	SRR5949208	1.1542881659876676
AC019118.3	SRR5949209	1.1543930374941627
AC019118.3	SRR5949210	1.1543244711383844
AC019118.3	SRR5949211	1.153987572083333
AC019118.3	SRR5949212	1.1543244711383844
AC019118.3	SRR5949213	1.1542193125787963
AC019118.3	SRR5949214	1.1540843659274789
AC019118.3	SRR5949215	1.1542612816136126
AC019118.3	SRR5949216	1.1543861423812125
AC019118.3	SRR5949217	1.1543861423812125
AC019118.3	SRR5949218	1.154243037085462
AC019118.3	SRR5949219	1.1542612816136126
AC019118.3	SRR5949220	1.1541312616794417
AC019118.3	SRR5949221	1.1540843659274789
AC019118.3	SRR5949222	1.1542612816136126
AC019118.3	SRR5949223	1.153448318699057
AC019118.3	SRR5949224	1.1542881659876676
AC019118.3	SRR5949225	1.1544018504729736
AC019118.3	SRR5949226	1.1541312616794417
AC019118.3	SRR5949227	1.1544018504729736
AC019118.3	SRR5949228	1.1541312616794417
AC019118.3	SRR5949229	1.154127700715507
AC019118.3	SRR5949230	1.1544018504729736
AC019118.3	SRR5949231	1.1540286696356532
AC019118.3	SRR5949232	1.1531855179973023
AC019118.3	SRR5949233	1.1534681238443258
AC019118.3	SRR5949234	1.1542763738511965
AC019118.3	SRR5949235	1.1541312616794417
AC019118.3	SRR5949236	1.1524349692227331
AC019118.3	SRR5949237	1.1540286696356532
AC019118.3	SRR5949238	1.1537962707798937
AC019118.3	SRR5949239	1.152631812552955
AC019118.3	SRR5949240	1.1544066367558048
AC019118.3	SRR5949241	1.1542881659876676
AC019118.3	SRR5949242	1.1543244711383844
AC019118.3	SRR5949243	1.1542129775631536
AC019118.3	SRR5949244	1.1542193125787963
AC019118.3	SRR5949245	1.1542342444976637
AC019118.3	SRR5949246	1.1543244711383844
AC019118.3	SRR5949247	1.1542763738511965
AC019118.3	SRR5949248	1.154328975937927
AC019118.3	SRR5949249	1.1543244711383844
AC019118.3	SRR5949250	1.1544080735423528
AC019118.3	SRR5949251	1.1541312616794417
AC019118.3	SRR5949252	1.1543930374941627
AC019118.3	SRR5949253	1.1539534513664238
AC019118.3	SRR5949254	1.154099487946561
AC019118.3	SRR5949255	1.1543244711383844
AC019118.3	SRR5949256	1.1542342444976637
AC019118.3	SRR5949257	1.1544066367558048
AC019118.3	SRR5949258	1.1544066367558048
AC019118.3	SRR5949259	1.154243037085462
AC019118.3	SRR5949260	1.1544080735423528
AC019118.3	SRR5949261	1.1544080735423528
AC019118.3	SRR5949262	1.1542193125787963
AC019118.3	SRR5949263	1.154328975937927
AC019118.3	SRR5949264	1.1542612816136126
AC019118.3	SRR5949265	1.1543930374941627
AC019118.3	SRR5949266	1.1537626724135772
AC019118.3	SRR5949267	1.1537779842987672
AC019118.3	SRR5949268	1.1544018504729736
AC019118.3	SRR5949269	1.1542612816136126
AC019118.3	SRR5949270	1.1543244711383844
AC019118.3	SRR5949271	1.154119770897195
AC019118.3	SRR5949272	1.1544080735423528
AC019118.3	SRR5949273	1.1544080735423528
AC019118.3	SRR5949274	1.154328975937927
AC019118.3	SRR5949275	1.154099487946561
AC019118.3	SRR5949276	1.154328975937927
AC019118.3	SRR5949277	1.1537779842987672
AC019118.3	SRR5949278	1.1543861423812125
AC019118.3	SRR5949279	1.1543861423812125
AC019118.3	SRR5949280	1.1539394876265088
AC019118.3	SRR5949281	1.1543244711383844
AC019118.3	SRR5949282	1.1544080735423528
AC019118.3	SRR5949283	1.154043329391819
AC019118.3	SRR5949284	1.1544080735423528
AC019118.3	SRR5949285	1.15317802952035
AC019118.3	SRR5949286	1.1537626724135772
AC019118.3	SRR5949287	1.1544080735423528
AC019118.3	SRR5949288	1.1543861423812125
AC019118.3	SRR5949289	1.1542342444976637
AC019118.3	SRR5949290	1.1544080735423528
AC019118.3	SRR5949291	1.1543244711383844
AC019118.3	SRR5949292	1.1542763738511965
AC019118.3	SRR5949293	1.1544080735423528
AC019118.3	SRR5949294	1.1544066367558048
AC019118.3	SRR5949295	1.1543861423812125
AC019118.3	SRR5949296	1.154328975937927
AC019118.3	SRR5949297	1.1543930374941627
AC019118.3	SRR5949298	1.1541360045743105
AC019118.3	SRR5949299	1.1542763738511965
AC019118.3	SRR5949300	1.1544066367558048
AC019118.3	SRR5949301	1.1544066367558048
AC019118.3	SRR5949302	1.1542342444976637
AC019118.3	SRR5949303	1.1541454974839138
AC019118.3	SRR5949304	1.1543930374941627
AC019118.3	SRR5949305	1.1537652995205527
AC019118.3	SRR5949306	1.1543930374941627
AC019118.3	SRR5949307	1.1542763738511965
AC019118.3	SRR5949308	1.154328975937927
AC019118.3	SRR5949309	1.154119770897195
AC019118.3	SRR5949310	1.154119770897195
AC019118.3	SRR5949311	1.1542763738511965
AC019118.3	SRR5949312	1.1540148338403267
AC019118.3	SRR5949313	1.1543244711383844
AC019118.3	SRR5949314	1.1544066367558048
AC019118.3	SRR5949315	1.1543244711383844
AC019118.3	SRR5949316	1.1543861423812125
AC019118.3	SRR5949317	1.1538444146289202
AC019118.3	SRR5949318	1.1537833054890896
AC019118.3	SRR5949319	1.1543930374941627
AC019118.3	SRR5949320	1.1544080735423528
AC019118.3	SRR5949321	1.154328975937927
AC019118.3	SRR5949322	1.1541312616794417
AC019118.3	SRR5949323	1.1543244711383844
AC019118.3	SRR5949324	1.1544080735423528
AC019118.3	SRR5949325	1.1543861423812125
AC019118.3	SRR5949326	1.1542881659876676
AC019118.3	SRR5949327	1.1537250692562184
AC019118.3	SRR5949328	1.1543930374941627
AC019118.3	SRR5949329	1.1544018504729736
AC019118.3	SRR5949330	1.1543861423812125
AC019118.3	SRR5949331	1.1544018504729736
AC019118.3	SRR5949332	1.1544080735423528
AC019118.3	SRR5949333	1.154243037085462
AC019118.3	SRR5949334	1.1540148338403267
AC019118.3	SRR5949335	1.1544066367558048
AC019118.3	SRR5949336	1.154328975937927
AC019118.3	SRR5949337	1.1544018504729736
AC019118.3	SRR5949338	1.1543861423812125
AC019118.3	SRR5949339	1.1543861423812125
AC019118.3	SRR5949340	1.1541454974839138
AC019118.3	SRR5949341	1.154243037085462
AC019118.3	SRR5949342	1.1543930374941627
AC019118.3	SRR5949343	1.1542612816136126
AC019118.3	SRR5949344	1.1543930374941627
AC019118.3	SRR5949345	1.1544018504729736
AC019118.3	SRR5949346	1.1537070312898285
AC019118.3	SRR5949347	1.1539830975965506
AC019118.3	SRR5949348	1.1532222126984653
AC019118.3	SRR5949349	1.1543861423812125
AC019118.3	SRR5949350	1.1543244711383844
AC019118.3	SRR5949351	1.1543244711383844
AC019118.3	SRR5949352	1.154328975937927
AC019118.3	SRR5949353	1.1543861423812125
AC019118.3	SRR5949354	1.154118135098547
AC019118.3	SRR5949355	1.1542763738511965
AC019118.3	SRR5949356	1.1513016641508953
AC019118.3	SRR5949357	1.1542763738511965
AC019118.3	SRR5949358	1.1542881659876676
AC019118.3	SRR5949359	1.1543861423812125
AC019118.3	SRR5949360	1.154243037085462
AC019118.3	SRR5949361	1.1542342444976637
AC019118.3	SRR5949362	1.1524373005233322
AC019118.3	SRR5949363	1.1544018504729736
AC019118.3	SRR5949364	1.1541344162995835
AC019118.3	SRR5949365	1.1539534513664238
AC019118.3	SRR5949366	1.151926209413139
AC019118.3	SRR5949367	1.1544080735423528
AC019118.3	SRR5949368	1.1532936707463863
AC019118.3	SRR5949369	1.1544066367558048
AC019118.3	SRR5949370	1.1543930374941627
AC019118.3	SRR5949371	1.154127700715507
AC019118.3	SRR5949372	1.1543244711383844
AC019118.3	SRR5949373	1.1544066367558048
AC019118.3	SRR5949374	1.1541360045743105
AC019118.3	SRR5949375	1.1544066367558048
AC019118.3	SRR5949376	1.1544080735423528
AC019118.3	SRR5949377	1.1543861423812125
AC019118.3	SRR5949378	1.1544080735423528
AC019118.3	SRR5949379	1.1543861423812125
AC019118.3	SRR5949380	1.1535503567545762
AC019118.3	SRR5949381	1.154099487946561
AC019118.3	SRR5949382	1.1543861423812125
AC019118.3	SRR5949383	1.1542193125787963
AC019118.3	SRR5949384	1.1544066367558048
AC019118.3	SRR5949385	1.1542129775631536
AC019118.3	SRR5949386	1.1544080735423528
AC019118.3	SRR5949387	1.1525536382806347
AC019118.3	SRR5949388	1.1540976154898277
AC019118.3	SRR5949389	1.1544080735423528
AC019118.3	SRR5949390	1.1543244711383844
AC019118.3	SRR5949391	1.154127700715507
AC019118.3	SRR5949392	1.1544080735423528
AC019118.3	SRR5949393	1.154127700715507
AC019118.3	SRR5949394	1.154043329391819
AC019118.3	SRR5949395	1.1543244711383844
AC019118.3	SRR5949396	1.153448318699057
AC019118.3	SRR5949397	1.1544066367558048
AC019118.3	SRR5949398	1.1544018504729736
AC019118.3	SRR5949399	1.1542881659876676
AC019118.3	SRR5949400	1.148920661344423
AC019118.3	SRR5949401	1.1544080735423528
AC019118.3	SRR5949402	1.154328975937927
AC019118.3	SRR5949403	1.1542612816136126
AC019118.3	SRR5949404	1.154127700715507
AC019118.3	SRR5949405	1.1543861423812125
AC019118.3	SRR5949406	1.1544066367558048
AC019118.3	SRR5949407	1.1543861423812125
AC019118.3	SRR5949408	1.1543861423812125
AC019118.3	SRR5949409	1.154328975937927
AC019118.3	SRR5949410	1.1543244711383844
AC019118.3	SRR5949411	1.1544080735423528
AC019118.3	SRR5949412	1.1542193125787963
AC019118.3	SRR5949413	1.154328975937927
AC019118.3	SRR5949414	1.1543861423812125
AC019118.3	SRR5949415	1.1543930374941627
AC019118.3	SRR5949416	1.1542763738511965
AC019118.3	SRR5949417	1.154243037085462
AC019118.3	SRR5949418	1.1543861423812125
AC019118.3	SRR5949419	1.1543930374941627
AC019118.3	SRR5949420	1.1542612816136126
AC019118.3	SRR5949421	1.154243037085462
AC019118.3	SRR5949422	1.1542763738511965
AC019118.3	SRR5949423	1.1542763738511965
AC019118.3	SRR5949424	1.1544080735423528
AC019118.3	SRR5949425	1.1542763738511965
AC019118.3	SRR5949426	1.1544018504729736
AC019118.3	SRR5949427	1.1542763738511965
AC019118.3	SRR5949428	1.1544080735423528
AC019118.3	SRR5949429	1.1540148338403267
AC019118.3	SRR5949430	1.1543244711383844
AC019118.3	SRR5949431	1.1543244711383844
AC019118.3	SRR5949432	1.1543244711383844
AC019118.3	SRR5949433	1.1542881659876676
AC019118.3	SRR5949434	1.1542881659876676
AC019118.3	SRR5949435	1.154099487946561
AC019118.3	SRR5949436	1.1543930374941627
AC019118.3	SRR5949437	1.1540843659274789
AC019118.3	SRR5949438	1.1539394876265088
AC019118.3	SRR5949439	1.1544066367558048
AC019118.3	SRR5949440	1.1544018504729736
AC019118.3	SRR5949441	1.1544018504729736
AC019118.3	SRR5949442	1.1541454974839138
AC019118.3	SRR5949443	1.1541312616794417
AC019118.3	SRR5949444	1.1540976154898277
AC019118.3	SRR5949445	1.1544080735423528
AC019118.3	SRR5949446	1.1543930374941627
AC019118.3	SRR5949447	1.1542763738511965
AC019118.3	SRR5949448	1.1544080735423528
AC019118.3	SRR5949449	1.1544080735423528
AC019118.3	SRR5949450	1.1543244711383844
AC019118.3	SRR5949451	1.154243037085462
AC019118.3	SRR5949452	1.1543244711383844
AC019118.3	SRR5949453	1.1542881659876676
AC019118.3	SRR5949454	1.1543861423812125
AC019118.3	SRR5949455	1.1542763738511965
AC019118.3	SRR5949456	1.1544066367558048
AC019118.3	SRR5949457	1.1544018504729736
AC019118.3	SRR5949458	1.1544066367558048
AC019118.3	SRR5949459	1.154328975937927
AC019118.3	SRR5949460	1.154127700715507
AC019118.3	SRR5949461	1.1537652995205527
AC019118.3	SRR5949462	1.1543930374941627
AC019118.3	SRR5949463	1.154119770897195
AC019118.3	SRR5949464	1.154043329391819
AC019118.3	SRR5949465	1.1535426695350546
AC019118.3	SRR5949466	1.1543244711383844
AC019118.3	SRR5949467	1.1536303593625774
AC019118.3	SRR5949468	1.1543930374941627
AC019118.3	SRR5949469	1.1544018504729736
AC019118.3	SRR5949470	1.1543861423812125
AC019118.3	SRR5949471	1.1542612816136126
AC019118.3	SRR5949472	1.154328975937927
AC019118.3	SRR5949473	1.154328975937927
AC019118.3	SRR5949474	1.1542881659876676
AC019118.3	SRR5949475	1.1544080735423528
AC019118.3	SRR5949476	1.1543861423812125
AC019118.3	SRR5949477	1.1544018504729736
AC019118.3	SRR5949478	1.154328975937927
AC019118.3	SRR5949479	1.1538444146289202
AC019118.3	SRR5949480	1.1542612816136126
AC019118.3	SRR5949481	1.1544018504729736
AC019118.3	SRR5949482	1.1542129775631536
AC019118.3	SRR5949483	1.1538715423531325
AC019118.3	SRR5949484	1.1543930374941627
AC019118.3	SRR5949485	1.154099487946561
AC019118.3	SRR5949486	1.1542881659876676
AC019118.3	SRR5949487	1.1542612816136126
AC019118.3	SRR5949488	1.153987572083333
AC019118.3	SRR5949489	1.1541344162995835
AC019118.3	SRR5949490	1.1541360045743105
AC019118.3	SRR5949491	1.1542881659876676
AC019118.3	SRR5949492	1.1541360045743105
AC019118.3	SRR5949493	1.154243037085462
AC019118.3	SRR5949494	1.1544080735423528
AC019118.3	SRR5949495	1.154043329391819
AC019118.3	SRR5949496	1.154243037085462
AC019118.3	SRR5949497	1.1542612816136126
AC019118.3	SRR5949498	1.1543244711383844
AC019118.3	SRR5949499	1.1543930374941627
AC019118.3	SRR5949500	1.1539304288892793
AC019118.3	SRR5949501	1.1541014455850918
AC019118.3	SRR5949502	1.1538715423531325
AC019118.3	SRR5949503	1.1541360045743105
AC019118.3	SRR5949504	1.1543861423812125
AC019118.3	SRR5949505	1.1543861423812125
AC019118.3	SRR5949506	1.1543861423812125
AC019118.3	SRR5949507	1.1544018504729736
AC019118.3	SRR5949508	1.154243037085462
AC019118.3	SRR5949509	1.1543930374941627
AC019118.3	SRR5949510	1.1543861423812125
AC019118.3	SRR5949511	1.1536505416463956
AC019118.3	SRR5949512	1.154328975937927
AC019118.3	SRR5949513	1.1544080735423528
AC019118.3	SRR5949514	1.1542193125787963
AC019118.3	SRR5949515	1.1543930374941627
AC019118.3	SRR5949516	1.1543244711383844
AC019118.3	SRR5949517	1.1543861423812125
AC019118.3	SRR5949518	1.1538715423531325
AC019118.3	SRR5949519	1.154127700715507
AC019118.3	SRR5949520	1.1544018504729736
AC019118.3	SRR5949521	1.1537652995205527
AC019118.3	SRR5949522	1.154328975937927
AC019118.3	SRR5949523	1.1544018504729736
AC019118.3	SRR5949524	1.1542881659876676
AC019118.3	SRR5949525	1.1542129775631536
AC019118.3	SRR5949526	1.1537070312898285
AC019118.3	SRR5949527	1.1541360045743105
AC019118.3	SRR5949528	1.1530313538581225
AC019118.3	SRR5949529	1.1541014455850918
AC019118.3	SRR5949530	1.1542612816136126
AC019118.3	SRR5949531	1.1542342444976637
AC019118.3	SRR5949532	1.1544018504729736
AC019118.3	SRR5949533	1.1544080735423528
AC019118.3	SRR5949534	1.1541454974839138
AC019118.3	SRR5949535	1.1543861423812125
AC019118.3	SRR5949536	1.1543244711383844
AC019118.3	SRR5949537	1.1543930374941627
AC019118.3	SRR5949538	1.1544080735423528
AC019118.3	SRR5949539	1.154243037085462
AC019118.3	SRR5949540	1.154118135098547
AC019118.3	SRR5949541	1.1542612816136126
AC019118.3	SRR5949542	1.154118135098547
AC019118.3	SRR5949543	1.1542881659876676
AC019118.3	SRR5949544	1.154127700715507
AC019118.3	SRR5949545	1.1539394876265088
AC019118.3	SRR5949546	1.1541360045743105
AC019118.3	SRR5949547	1.1544080735423528
AC019118.3	SRR5949548	1.1542881659876676
AC019118.3	SRR5949549	1.1539534513664238
AC019118.3	SRR5949550	1.1535522984622077
AC019118.3	SRR5949551	1.154328975937927
AC019118.3	SRR5949552	1.154043329391819
AC019118.3	SRR5949553	1.1544066367558048
AC019118.3	SRR5949554	1.1543861423812125
AC019118.3	SRR5949555	1.1452054817287791
AC019118.3	SRR5949556	1.154099487946561
AC019118.3	SRR5949557	1.1542881659876676
AC019118.3	SRR5949558	1.154043329391819
AC019118.3	SRR5949559	1.1543930374941627
AC019118.3	SRR5949560	1.1544018504729736
AC019118.3	SRR5949561	1.1537430923754213
AC019118.3	SRR5949562	1.154043329391819
AC019118.3	SRR5949563	1.1542763738511965
AC019118.3	SRR5949564	1.1543244711383844
AC019118.3	SRR5949565	1.1544066367558048
AC019118.3	SRR5949566	1.1543861423812125
AC019118.3	SRR5949567	1.1525839843466772
AC019118.3	SRR5949568	1.154118135098547
AC019118.3	SRR5949569	1.1541344162995835
AC019118.3	SRR5949570	1.1542612816136126
AC019118.3	SRR5949571	1.1539394876265088
AC019118.3	SRR5949572	1.154243037085462
AC019118.3	SRR5949573	1.154127700715507
AC019118.3	SRR5949574	1.1542881659876676
AC019118.3	SRR5949575	1.154243037085462
AC019118.3	SRR5949576	1.1542129775631536
AC019118.3	SRR5949577	1.1544066367558048
AC019118.3	SRR5949578	1.1543244711383844
AC019118.3	SRR5949579	1.1543861423812125
AC019118.3	SRR5949580	1.1543930374941627
AC019118.3	SRR5949581	1.1544080735423528
AC019118.3	SRR5949582	1.1541312616794417
AC019118.3	SRR5949583	1.1544066367558048
AC019118.3	SRR5949584	1.1536496989510014
AC019118.3	SRR5949585	1.154328975937927
AC019118.3	SRR5949586	1.1543861423812125
AC019118.3	SRR5949587	1.1542881659876676
AC019118.3	SRR5949588	1.153006792126308
AC019118.3	SRR5949589	1.1544080735423528
AC019118.3	SRR5949590	1.1541360045743105
AC019118.3	SRR5949591	1.1543930374941627
AC019118.3	SRR5949592	1.154243037085462
AC019118.3	SRR5949593	1.1544080735423528
AC019118.3	SRR5949594	1.154243037085462
AC019118.3	SRR5949595	1.154328975937927
AC019118.3	SRR5949596	1.1542763738511965
AC019118.3	SRR5949597	1.1538444146289202
AC019118.3	SRR5949598	1.154243037085462
AC019118.3	SRR5949599	1.1541344162995835
AC019118.3	SRR5949600	1.1543244711383844
AC019118.3	SRR5949601	1.154243037085462
AC019118.3	SRR5949602	1.1544080735423528
AC019118.3	SRR5949603	1.1543244711383844
AC019118.3	SRR5949604	1.1543861423812125
AC019118.3	SRR5949605	1.154243037085462
AC019118.3	SRR5949606	1.1540286696356532
AC019118.3	SRR5949607	1.1544018504729736
AC019118.3	SRR5949608	1.1537626724135772
AC019118.3	SRR5950246	1.1537070312898285
AC019118.3	SRR5950247	1.154043329391819
AC019118.3	SRR5950248	1.1543244711383844
AC019118.3	SRR5950249	1.1544080735423528
AC019118.3	SRR5950250	1.154127700715507
AC019118.3	SRR5950251	1.1543244711383844
AC019118.3	SRR5950252	1.1544066367558048
AC019118.3	SRR5950253	1.154328975937927
AC019118.3	SRR5950254	1.1540286696356532
AC019118.3	SRR5950255	1.1537779842987672
AC019118.3	SRR5950256	1.1532906572572703
AC019118.3	SRR5950257	1.1532936707463863
AC019118.3	SRR5950258	1.1543244711383844
AC019118.3	SRR5950259	1.1544018504729736
AC019118.3	SRR5950260	1.1543244711383844
AC019118.3	SRR5950261	1.154328975937927
AC019118.3	SRR5950262	1.1542193125787963
AC019118.3	SRR5950263	1.1538444146289202
AC019118.3	SRR5950264	1.1544018504729736
AC019118.3	SRR5950265	1.154119770897195
AC019118.3	SRR5950266	1.153620340573047
AC019118.3	SRR5950267	1.1543244711383844
AC019118.3	SRR5950268	1.154243037085462
AC019118.3	SRR5950269	1.154243037085462
AC019118.3	SRR5950270	1.1539830975965506
AC019118.3	SRR5950271	1.1544080735423528
AC019118.3	SRR5950272	1.1544080735423528
AC019118.3	SRR5950273	1.1543244711383844
AC019118.3	SRR5950274	1.1541454974839138
AC019118.3	SRR5950275	1.154243037085462
AC019118.3	SRR5950276	1.154328975937927
AC019118.3	SRR5950277	1.1541014455850918
AC019118.3	SRR5950278	1.1537962707798937
AC019118.3	SRR5950279	1.1542763738511965
AC019118.3	SRR5950280	1.1543861423812125
AC019118.3	SRR5950281	1.154243037085462
AC019118.3	SRR5950282	1.1538447615632836
AC019118.3	SRR5950283	1.154328975937927
AC019118.3	SRR5950284	1.1511338942169325
AC019118.3	SRR5950285	1.1540843659274789
AC019118.3	SRR5950286	1.1542881659876676
AC019118.3	SRR5950287	1.1537833054890896
AC019118.3	SRR5950288	1.154118135098547
AC019118.3	SRR5950289	1.1537285180296166
AC019118.3	SRR5950290	1.1543930374941627
AC019118.3	SRR5950291	1.154328975937927
AC019118.3	SRR5950292	1.1542193125787963
AC019118.3	SRR5950293	1.1539534513664238
AC019118.3	SRR5950294	1.1544080735423528
AC019118.3	SRR5950295	1.1544018504729736
AC019118.3	SRR5950296	1.1542881659876676
AC019118.3	SRR5950297	1.1540286696356532
AC019118.3	SRR5950298	1.1543930374941627
AC019118.3	SRR5950299	1.1541312616794417
AC019118.3	SRR5950300	1.1542881659876676
AC019118.3	SRR5950301	1.154328975937927
AC019118.3	SRR5950302	1.1542612816136126
AC019118.3	SRR5950303	1.1541454974839138
AC019118.3	SRR5950304	1.1540148338403267
AC019118.3	SRR5950305	1.1542612816136126
AC019118.3	SRR5950306	1.1542763738511965
AC019118.3	SRR5950307	1.1541344162995835
AC019118.3	SRR5950308	1.1542342444976637
AC019118.3	SRR5950309	1.154243037085462
AC019118.3	SRR5950310	1.1542881659876676
AC019118.3	SRR5950311	1.1543930374941627
AC019118.3	SRR5950312	1.1543244711383844
AC019118.3	SRR5950313	1.1542193125787963
AC019118.3	SRR5950314	1.1543930374941627
AC019118.3	SRR5950315	1.154328975937927
AC019118.3	SRR5950316	1.1544018504729736
AC019118.3	SRR5950317	1.1541312616794417
AC019118.3	SRR5950318	1.153987572083333
AC019118.3	SRR5950319	1.1541360045743105
AC019118.3	SRR5950320	1.154119770897195
AC019118.3	SRR5950321	1.1533709738650642
AC019118.3	SRR5950322	1.1541014455850918
AC019118.3	SRR5950323	1.1542129775631536
AC019118.3	SRR5950324	1.1543930374941627
AC019118.3	SRR5950325	1.1542342444976637
AC019118.3	SRR5950326	1.154099487946561
AC019118.3	SRR5950327	1.154328975937927
AC019118.3	SRR5950328	1.154328975937927
AC019118.3	SRR5950329	1.1542881659876676
AC019118.3	SRR5950330	1.1541360045743105
AC019118.3	SRR5950331	1.1539534513664238
AC019118.3	SRR5950332	1.1540843659274789
AC019118.3	SRR5950333	1.1543930374941627
AC019118.3	SRR5950334	1.1543861423812125
AC019118.3	SRR5950335	1.1543861423812125
AC019118.3	SRR5950336	1.1524373005233322
AC019118.3	SRR5950337	1.1537962707798937
AC019118.3	SRR5950338	1.1531742805487435
AC019118.3	SRR5950339	1.1544080735423528
AC019118.3	SRR5950340	1.154127700715507
AC019118.3	SRR5950341	1.1542129775631536
AC019118.3	SRR5950342	1.1544018504729736
AC019118.3	SRR5950343	1.1542342444976637
AC019118.3	SRR5950344	1.154119770897195
AC019118.3	SRR5950345	1.1542129775631536
AC019118.3	SRR5950346	1.1543244711383844
AC019118.3	SRR5950347	1.1542612816136126
AC019118.3	SRR5950348	1.1541344162995835
AC019118.3	SRR5950349	1.1544066367558048
AC019118.3	SRR5950350	1.1543244711383844
AC019118.3	SRR5950351	1.1538444146289202
AC019118.3	SRR5950352	1.1544018504729736
AC019118.3	SRR5950353	1.1542763738511965
AC019118.3	SRR5950354	1.1544018504729736
AC019118.3	SRR5950355	1.1544066367558048
AC019118.3	SRR5950356	1.1537250692562184
AC019118.3	SRR5950357	1.1544018504729736
AC019118.3	SRR5950358	1.1541344162995835
AC019118.3	SRR5950359	1.1542342444976637
AC019118.3	SRR5950360	1.1544018504729736
AC019118.3	SRR5950361	1.1544018504729736
AC019118.3	SRR5950362	1.1541014455850918
AC019118.3	SRR5950363	1.153987572083333
AC019118.3	SRR5950364	1.1541360045743105
AC019118.3	SRR5950365	1.154328975937927
AC019118.3	SRR5950366	1.1543930374941627
AC019118.3	SRR5950367	1.153400485650712
AC019118.3	SRR5950368	1.1542763738511965
AC019118.3	SRR5950369	1.1544080735423528
AC019118.3	SRR5950370	1.1544080735423528
AC019118.3	SRR5950371	1.154328975937927
AC019118.3	SRR5950372	1.1543861423812125
AC019118.3	SRR5950373	1.1542881659876676
AC019118.3	SRR5950374	1.1542763738511965
AC019118.3	SRR5950375	1.1543930374941627
AC019118.3	SRR5950376	1.1544066367558048
AC019118.3	SRR5950377	1.1539830975965506
AC019118.3	SRR5950378	1.1542881659876676
AC019118.3	SRR5950379	1.1542763738511965
AC019118.3	SRR5950380	1.1542129775631536
AC019118.3	SRR5950381	1.1542129775631536
AC019118.3	SRR5950382	1.1537779842987672
AC019118.3	SRR5950383	1.1544066367558048
AC019118.3	SRR5950384	1.1543930374941627
AC019118.3	SRR5950385	1.1537833054890896
AC019118.3	SRR5950386	1.1543861423812125
AC019118.3	SRR5950387	1.1544066367558048
AC019118.3	SRR5950388	1.154127700715507
AC019118.3	SRR5950389	1.1532222126984653
AC019118.3	SRR5950390	1.1542129775631536
AC019118.3	SRR5950391	1.1544080735423528
AC019118.3	SRR5950392	1.1537652995205527
AC019118.3	SRR5950393	1.1541312616794417
AC019118.3	SRR5950394	1.154243037085462
AC019118.3	SRR5950395	1.1542763738511965
AC019118.3	SRR5950396	1.1544080735423528
AC019118.3	SRR5950397	1.1544066367558048
AC019118.3	SRR5950398	1.1544066367558048
AC019118.3	SRR5950399	1.1542193125787963
AC019118.3	SRR5950400	1.1542342444976637
AC019118.3	SRR5950401	1.1543930374941627
AC019118.3	SRR5950402	1.1543930374941627
AC019118.3	SRR5950403	1.154328975937927
AC019118.3	SRR5950404	1.1543861423812125
AC019118.3	SRR5950405	1.153006792126308
AC019118.3	SRR5950406	1.1539304288892793
AC019118.3	SRR5950407	1.154328975937927
AC019118.3	SRR5950408	1.154043329391819
AC019118.3	SRR5950409	1.154127700715507
AC019118.3	SRR5950410	1.1544080735423528
AC019118.3	SRR5950411	1.1544018504729736
AC019118.3	SRR5950412	1.1543861423812125
AC019118.3	SRR5950413	1.1539394876265088
AC019118.3	SRR5950414	1.1543861423812125
AC019118.3	SRR5950415	1.1542193125787963
AC019118.3	SRR5950416	1.154243037085462
AC019118.3	SRR5950417	1.1542342444976637
AC019118.3	SRR5950418	1.154119770897195
AC019118.3	SRR5950419	1.1544018504729736
AC019118.3	SRR5950420	1.1542612816136126
AC019118.3	SRR5950421	1.1541312616794417
AC019118.3	SRR5950422	1.1540976154898277
AC019118.3	SRR5950423	1.1542881659876676
AC019118.3	SRR5950424	1.1543930374941627
AC019118.3	SRR5950425	1.1544018504729736
AC019118.3	SRR5950426	1.1541344162995835
AC019118.3	SRR5950427	1.1543861423812125
AC019118.3	SRR5950428	1.1542881659876676
AC019118.3	SRR5950429	1.1544018504729736
AC019118.3	SRR5950430	1.154243037085462
AC019118.3	SRR5950431	1.1542612816136126
AC019118.3	SRR5950432	1.1543861423812125
AC019118.3	SRR5950433	1.154328975937927
AC019118.3	SRR5950434	1.1541344162995835
AC019118.3	SRR5950435	1.1542881659876676
AC019118.3	SRR5950436	1.1544018504729736
AC019118.3	SRR5950437	1.1542612816136126
AC019118.3	SRR5950438	1.1543930374941627
AC019118.3	SRR5950439	1.1544066367558048
AC019118.3	SRR5950440	1.150186403730464
AC019118.3	SRR5950441	1.1540843659274789
AC019118.3	SRR5950442	1.1543244711383844
AC019118.3	SRR5950443	1.1541454974839138
AC019118.3	SRR5950444	1.154328975937927
AC019118.3	SRR5950445	1.1543861423812125
AC019118.3	SRR5950446	1.1542129775631536
AC019118.3	SRR5950447	1.1539830975965506
AC019118.3	SRR5950448	1.1543244711383844
AC019118.3	SRR5950449	1.1543861423812125
AC019118.3	SRR5950450	1.1544018504729736
AC019118.3	SRR5950451	1.1544080735423528
AC019118.3	SRR5950452	1.154099487946561
AC019118.3	SRR5950453	1.1543930374941627
AC019118.3	SRR5950454	1.1540976154898277
AC019118.3	SRR5950455	1.1543930374941627
AC019118.3	SRR5950456	1.1542881659876676
AC019118.3	SRR5950457	1.1542129775631536
AC019118.3	SRR5950458	1.1544080735423528
AC019118.3	SRR5950459	1.1542612816136126
AC019118.3	SRR5950460	1.1542612816136126
AC019118.3	SRR5950461	1.1543244711383844
AC019118.3	SRR5950462	1.1538715423531325
AC019118.3	SRR5950463	1.1541454974839138
AC019118.3	SRR5950464	1.1541014455850918
AC019118.3	SRR5950465	1.1495981461456477
AC019118.3	SRR5950466	1.1543861423812125
AC019118.3	SRR5950467	1.1542763738511965
AC019118.3	SRR5950468	1.1543244711383844
AC019118.3	SRR5950469	1.1542129775631536
AC019118.3	SRR5950470	1.1544018504729736
AC019118.3	SRR5963912	1.1544080735423528
AC019118.3	SRR5963913	1.154118135098547
AC019118.3	SRR5963914	1.1544080735423528
AC019118.3	SRR5963915	1.154119770897195
AC019118.3	SRR5963916	1.1538752034369077
AC019118.3	SRR5963917	1.154243037085462
AC019118.3	SRR5963918	1.1542612816136126
AC019118.3	SRR5963919	1.1543861423812125
AC019118.3	SRR5963920	1.1542763738511965
AC019118.3	SRR5963921	1.1543930374941627
AC019118.3	SRR5963922	1.1542342444976637
AC019118.3	SRR5963923	1.1542612816136126
AC019118.3	SRR5963924	1.1543861423812125
AC019118.3	SRR5963925	1.154118135098547
AC019118.3	SRR5963926	1.154118135098547
AC019118.3	SRR5963927	1.1544018504729736
AC019118.3	SRR5963928	1.1540843659274789
AC019118.3	SRR5963929	1.154328975937927
AC019118.3	SRR5963930	1.1539394876265088
AC019118.3	SRR5963931	1.1544066367558048
AC019118.3	SRR5963932	1.1542881659876676
AC019118.3	SRR5963933	1.1542193125787963
AC019118.3	SRR5963934	1.153987572083333
AC019118.3	SRR5963935	1.1544080735423528
AC019118.3	SRR5963936	1.1541014455850918
AC019118.3	SRR5963937	1.1537833054890896
AC019118.3	SRR5963938	1.1543244711383844
AC019118.3	SRR5963939	1.1543861423812125
AC019118.3	SRR5963940	1.1543861423812125
AC019118.3	SRR5963941	1.1544080735423528
AC019118.3	SRR5963942	1.1544080735423528
AC019118.3	SRR5963943	1.1543930374941627
AC019118.3	SRR5963944	1.1544080735423528
AC019118.3	SRR5963945	1.1544066367558048
AC019118.3	SRR5963946	1.154328975937927
AC019118.3	SRR5963947	1.154328975937927
AC019118.3	SRR5963948	1.154328975937927
AC019118.3	SRR6467548	2.0196019147145017
AC019118.3	SRR6467549	1.0166962857042838
AC019118.3	SRR6467550	1.0094837492205468
AC019118.3	SRR6467551	1.0165120289381493
AC019118.3	SRR6467552	1.0165938972287623
AC019118.3	SRR6467553	1.0319322215162512
AC019118.3	SRR6467554	1.022575385288971
AC019118.3	SRR6467555	1.0144266845639887
AC019118.3	SRR6467556	1.011851581781421
AC019118.3	SRR6467557	1.011441792883926
AC019118.3	SRR6467558	1.0202923005984328
AC019118.3	SRR6467559	1.002192313736413
AC019118.3	SRR6467560	1.0102367475941127
AC019118.3	SRR6467561	1.007470555541101
AC019118.3	SRR6467562	1.0037998635777572
AC019118.3	SRR6467563	1.006198701649288
AC019118.3	SRR6467564	1.007316154609257
AC019118.3	SRR6467565	1.0097140318888853
AC019118.3	SRR6467566	1.0276080890484358
AC019118.3	SRR6467567	2.022198442670905
AC019118.3	SRR6467568	1.0041030169842722
AC019118.3	SRR6467569	1.0146718773316246
AC019118.3	SRR6467570	1.8495832000804957
AC019118.3	SRR6467571	1.0007200381067656
AC019118.3	SRR6467572	1.0061815486062775
AC019118.3	SRR6467573	2.013659395454116
AC019118.3	SRR6467574	1
AC019118.3	SRR6467575	2.8583821268786926
AC019118.3	SRR6467576	1.0047192251993753
AC019118.3	SRR6467577	1.0014405946684066
AC019118.3	SRR6467578	1.009862646777912
AC019118.3	SRR6467579	1.0106905274838194
AC019118.3	SRR6467580	1.9047203661529515
AC019118.3	SRR6467581	0.8599482920351685
AC019118.3	SRR6467582	0.941450468834617
AC019118.3	SRR6467583	1
AC019118.3	SRR6467584	1.0036667554019618
AC019118.3	SRR6467585	0.7266206971123287
AC019118.3	SRR6467586	1.4011558185183564
AC019118.3	SRR6467587	1.5802387481757407
AC019118.3	SRR6467588	0.5568227467608717
AC019118.3	SRR6467589	1
AC019118.3	SRR6467590	2.0056167365879425
AC019118.3	SRR6467591	1.010567215117064
AC019118.3	SRR6467592	1.0077848171459254
AC019118.3	SRR6467593	1.0045701845809227
AC019118.3	SRR6467594	0.7350215770546508
AC019118.3	SRR6467595	1.002192313736413
AC019118.3	SRR6467596	1
AC019118.3	SRR6467597	0.8492910639109715
AC019118.3	SRR6467598	1.788625636223265
AC019118.3	SRR6467599	1.0037804265166004
AC019118.3	SRR6467600	1.004823063289047
AC019118.3	SRR6467601	1.0055770267634287
AC019118.3	SRR6467602	1.2722097120601066
AC019118.3	SRR6467603	1
AC019118.3	SRR6467604	1.0042569254079385
AC019118.3	SRR6467605	1.0036053788169974
AC019118.3	SRR6467606	1
AC019118.3	SRR6467607	3
AC019118.3	SRR6467608	1.0026279344264644
AC019118.3	SRR6467609	1.000179960941952
AC019118.3	SRR6467610	1.0100482822048622
AC019118.3	SRR6467611	0.822746489489523
AC019118.3	SRR6467612	2.0116111933498324
AC019118.3	SRR6467613	1
AC019118.3	SRR6467614	1
AC019118.3	SRR6467615	1.0128041618842896
AC019118.3	SRR6467616	1.0098959578192344
AC019118.3	SRR6467617	1.0067109510861363
AC019118.3	SRR6467618	1
AC019118.3	SRR6467619	1.292853371287262
AC019118.3	SRR6467620	2.0052558688529287
AC019118.3	SRR6467621	1.0051232842269857
AC019118.3	SRR6467622	1.0150684403228711
AC019118.3	SRR6467623	1.4360923777039296
AC019118.3	SRR6467624	1.000179960941952
AC019118.3	SRR6467625	1
AC019118.3	SRR6467626	1
AC019118.3	SRR6467627	1.0100527075660375
AC019118.3	SRR6467628	1
AC019118.3	SRR6467629	0.8747413751703255
AC019118.3	SRR6467630	1.0007200381067656
AC019118.3	SRR6467631	1.0009001286274537
AC019118.3	SRR6467632	2.0143865078862206
AC019118.3	SRR6467633	3
AC019118.3	SRR6467634	1.0040247915978133
AC019118.3	SRR6467635	0.5894118334949451
AC019118.3	SRR6467636	1.0101079633214745
AC019118.3	SRR6467637	1
AC019118.3	SRR6467638	1
AC019118.3	SRR6467639	2.0064000158761304
AC019118.3	SRR6467640	1.02092395433485
AC019118.3	SRR6467641	1.0093092593249926
AC019118.3	SRR6467642	0.852903689013646
AC019118.3	SRR6467643	1.0125162691935943
AC019118.3	SRR6467644	1
AC019118.3	SRR6467645	1.2395935356349799
AC019118.3	SRR6467646	1
AC019118.3	SRR6467647	0.7606548841669499
AC019118.3	SRR6467648	1.0058055966749162
AC019118.3	SRR6467649	1.0052958813429669
AC019118.3	SRR6467650	2.010948853924701
AC019118.3	SRR6467651	1.0029413626288513
AC019118.3	SRR6467652	1.000179960941952
AC019118.3	SRR6467653	2.0199068404986402
AC019118.3	SRR6467654	1.003747088789452
AC019118.3	SRR6467655	2
AC019118.3	SRR6467656	0.9519895927372466
AC019118.3	SRR6467657	1
AC019118.3	SRR6467658	1
AC019118.3	SRR6467659	1.5838870824603206
AC019118.3	SRR6467660	1.0068477100204776
AC019118.3	SRR6467661	1.403835928005101
AC019118.3	SRR6467662	0.8948753904986294
AC019118.3	SRR6467663	1.0028083682939712
AC019118.3	SRR6467664	1.287319453299414
AC019118.3	SRR6467665	1
AC019118.3	SRR6467666	2
AC019118.3	SRR6467667	0.6064444850401363
AC019118.3	SRR6467668	2.170168494659644
AC019118.3	SRR6467669	2
AC019118.3	SRR6467670	1
AC019118.3	SRR6467671	1.8748046649151349
AC019118.3	SRR6467672	1.0088613809216063
AC019118.3	SRR6467673	1.0095966497061606
AC019118.3	SRR6467674	2.0126276532469354
AC019118.3	SRR6467675	1.0086549004496244
AC019118.3	SRR6467676	1.1613769670510998
AC019118.3	SRR6467677	1
AC019118.3	SRR6467678	1
AC019118.3	SRR6467679	1
AC019118.3	SRR6467680	1.010729395665764
AC019118.3	SRR6467681	1
AC019118.3	SRR6467682	1.0060111690650306
AC019118.3	SRR6467683	1.0111991340219961
AC019118.3	SRR6467684	1.002611135988753
AC019118.3	SRR6467685	1.0141034233036246
AC019118.3	SRR6467686	1.0014712162978496
AC019118.3	SRR6467687	0.6656965748662134
AC019118.3	SRR6467688	0.998585357575692
AC019118.3	SRR6467689	1.0099508789230731
AC019118.3	SRR6467690	1.0054839199293288
AC019118.3	SRR6467691	1.0055634218052374
AC019118.3	SRR6467692	1.0010802515574013
AC019118.3	SRR6467693	0.9913056239850421
AC019118.3	SRR6467694	1.0075961189816243
AC019118.3	SRR6467695	2.0091403691618455
AC019118.3	SRR6467696	1.3498228971302755
AC019118.3	SRR6467697	1
AC019118.3	SRR6467698	1.0046960648887655
AC019118.3	SRR6467699	1
AC019118.3	SRR6467700	0.7267923852742925
AC019118.3	SRR6467701	1
AC019118.3	SRR6467702	1.0143385323766478
AC019118.3	SRR6467703	1.0123945241480405
AC019118.3	SRR6467704	1.0028083682939712
AC019118.3	SRR6467705	1.0065322517366486
AC019118.3	SRR6467706	1.0184483735704168
AC019118.3	SRR6467707	1
AC019118.3	SRR6467708	1.0017262519502124
AC019118.3	SRR6467709	1
AC019118.3	SRR6467710	1.0009001286274537
AC019118.3	SRR6467711	1.0013658060526471
AC019118.3	SRR6467712	1.0112948620213962
AC019118.3	SRR6467713	0.48220358781884687
AC019118.3	SRR6467714	1.0059866023975144
AC019118.3	SRR6467715	1
AC019118.3	SRR6467716	1
AC019118.3	SRR6467717	1.012284376852264
AC019118.3	SRR6467718	1.0154230574273704
AC019118.3	SRR6467719	2.007313843863646
AC019118.3	SRR6467720	1
AC019118.3	SRR6467721	1.001620814861132
AC019118.3	SRR6467722	1
AC019118.3	SRR6467723	1
AC019118.3	SRR6467724	1
AC019118.3	SRR6467725	1
AC019118.3	SRR6467726	0.7977348804247648
AC019118.3	SRR6467727	3.007026060049086
AC019118.3	SRR6467728	1
AC019118.3	SRR6467729	1.0069368264130596
AC019118.3	SRR6467730	1.0021448794325023
AC019118.3	SRR6467731	1.0098953358933669
AC019118.3	SRR6467732	0.7064213964404553
AC019118.3	SRR6467733	1.0017262519502124
AC019118.3	SRR6467734	0.9909934022627375
AC019118.3	SRR6467735	1.0082981694634305
AC019118.3	SRR6467736	1.0062109131444412
AC019118.3	SRR6467737	1.0062291739769658
AC019118.3	SRR6467738	4.001439817079379
AC019118.3	SRR6467739	1
AC019118.3	SRR6467740	1.0053993370958376
AC019118.3	SRR6467741	1.002011990714717
AC019118.3	SRR6467742	2
AC019118.3	SRR6467743	1
AC019118.3	SRR6467744	1
AC019118.3	SRR6467745	1.000465258632579
AC019118.3	SRR6467746	1.007980111823691
AC019118.3	SRR6467747	0.7034268929002379
AC019118.3	SRR6467748	0.9506814772533128
AC019118.3	SRR6467749	1
AC019118.3	SRR6467750	2.00474533841842
AC019118.3	SRR6467751	1.015116940806616
AC019118.3	SRR6467752	1.0082599653422244
AC019118.3	SRR6467753	0.6652440800530341
AC019118.3	SRR6467754	1.6696158996723334
AC019118.3	SRR6467755	0.8946145117647519
AC019118.3	SRR6467756	3.0037812207073236
AC019118.3	SRR6467757	1
AC019118.3	SRR6467758	1
AC019118.3	SRR6467759	1.0056828803089768
AC019118.3	SRR6467760	2.015465278103681
AC019118.3	SRR6467761	2.0073948902040235
AC019118.3	SRR6467762	1.0050174895819426
AC019118.3	SRR6467763	0.9587698910949234
AC019118.3	SRR6467764	1.6957171519320842
AC019118.3	SRR6467765	1.0012604069024411
AC019118.3	SRR6467766	1.0148654635807097
AC019118.3	SRR6467767	2.0136338479917937
AC019118.3	SRR6467768	1.012490620071433
AC019118.3	SRR6467769	1.017985195307651
AC019118.3	SRR6467770	1
AC019118.3	SRR6467771	1.8812534924088031
AC019118.3	SRR6467772	1.0071624573529558
AC019118.3	SRR6467773	1.0039530476880079
AC019118.3	SRR6868540	1.0146754396324102
AC019118.3	SRR6868541	1.0274634703565282
AC019118.3	SRR6868542	1.0476955519171316
AC019118.3	SRR6868543	2.0301726478186213
AC019118.3	SRR6868544	1.0078390786606577
AC019118.3	SRR6868545	1.0247076064653797
AC019118.3	SRR6868546	1.0156717592642122
AC019118.3	SRR6868557	2.1182173677326763
AC019118.3	SRR6868558	1.0490872194289762
AC019118.3	SRR6868559	2.0650563008350873
AC019118.3	SRR6868560	1.0099740186645438
AC019118.3	SRR6868569	1.0617761523220262
AC019118.3	SRR6868570	1.0214163604819042
AC019118.3	SRR6868571	2.0887332246646353
AC019118.3	SRR6868572	1.0117513905915592
AC019118.3	SRR6868573	1.0409966836392885
AC019118.3	SRR6868574	1.0122229259475997
AC019118.3	SRR6868575	1.025805444460916
AC019118.3	SRR6868576	2.0317992902480486
AC019118.3	SRR6868577	1.0321919880224188
AC019118.3	SRR6868578	1.0155200621012757
AC019118.3	SRR6868579	1.0437286829000922
AC019118.3	SRR6868580	1.0107527325366503
AC019118.3	SRR6868581	1.0339413032942724
AC019118.3	SRR6868582	1.0328155381530846
AC019118.3	SRR6868585	1.0220689021157627
AC019118.3	SRR6868586	1.059503875848675
AC019118.3	SRR6868587	1.059951714856934
AC019118.3	SRR6868588	1.0071852335562725
AC019118.3	SRR6868589	2.0220349732239513
AC019118.3	SRR6868590	1.032033906477247
AC019118.3	SRR6868591	1.0130236388532423
AC019118.3	SRR6868604	1.075755471099352
AC019118.3	SRR6868605	1.0318130709448758
AC019118.3	SRR6868606	1.0405938775744006
AC019118.3	SRR6868607	1.0342544525714972
AC019118.3	SRR6868608	1.024176000194289
AC019118.3	SRR6868609	1.0438891054924728
AC019118.3	SRR6868610	2.077853909922782
AC019118.3	SRR6868620	1.011281179703731
AC019118.3	SRR6868621	1.0218254974768362
AC019118.3	SRR6868622	1.0239774453836796
AC019118.3	SRR6868623	1.0547630248890674
AC019118.3	SRR6868636	1.0437200357863465
AC019118.3	SRR6868637	2.0517073003935398
AC019118.3	SRR6868638	1.0461253585775165
AC019118.3	SRR6868639	2.0215000419107043
AC019118.3	SRR6868650	2.07920000927293
AC019118.3	SRR6868651	1.0289509945514346
AC019118.3	SRR6868652	1.0304077851358955
AC019118.3	SRR6868653	1.0187981972446098
AC019118.3	SRR6868654	1.0150307958235039
AC019118.3	SRR6868655	1.0348903243422032
AC019118.3	SRR6868665	1.0144233528894921
AC019118.3	SRR6868666	2.0204734951882255
AC019118.3	SRR6868667	1.0114938025774427
AC019118.3	SRR6868668	1.0074530555463053
AC019118.3	SRR6868669	1.0076269288321016
AC019118.3	SRR6868670	1.0177421086096043
AC019118.3	SRR6868671	1.0144459931453216
AC019118.3	SRR6868683	1.0126868266683406
AC019118.3	SRR6868684	1.0156791364509994
AC019118.3	SRR6868685	1.0213121445813669
AC019118.3	SRR6868686	1.010279036701863
AC019118.3	SRR6868687	1.0278872533572148
AC019118.3	SRR6868688	1.0267982277074879
AC019118.3	SRR6868689	1.0146059094716162
AC019118.3	SRR6868698	1.0182196176757388
AC019118.3	SRR6868699	2.0141111571530232
AC019118.3	SRR6868700	1.0160549733839008
AC019118.3	SRR6868701	1.0104876136718064
AC019118.3	SRR6868702	1.007678742360192
AC019118.3	SRR6868713	1.0104534576807476
AC019118.3	SRR6868714	1.0184145111104586
AC019118.3	SRR6868715	2.0165977004867326
AC019118.3	SRR6868716	1.0066973307865115
AC019118.3	SRR6868717	1.010251403767141
AC019118.3	SRR6868718	3.0117042771908498
AC019118.3	SRR6868719	3.0048624445833965
AC019118.3	SRR6868720	1.0050609507965924
AC019118.3	SRR6868721	1.011241097215616
AC019118.3	SRR6868722	1.0167639054768582
AC019118.3	SRR6868723	1.0194863017371107
AC019118.3	SRR6868724	2.0193785312073342
AC019118.3	SRR6868725	2.008356020066065
AC019118.3	SRR6868726	2.004825566622048
AC019118.3	SRR6868741	1.0144414580063614
AC019118.3	SRR7632756	1.0082812760242865
AC019118.3	SRR7632757	1.0277880420258994
AC019118.3	SRR7632758	1.010659920049916
AC019118.3	SRR7632759	1.029856339080279
AC019118.3	SRR7632760	1.0203110449499115
AC019118.3	SRR7632761	1.0071216685573643
AC019118.3	SRR7632762	1.0487026522067118
AC019118.3	SRR7632763	1.0164129755589333
AC019118.3	SRR7632764	1.0370326174074103
AC019118.3	SRR7632765	2.0052558688529287
AC019118.3	SRR7632766	1.0312070028815916
AC019118.3	SRR7632767	1.00237266920921
AC019118.3	SRR7632768	1.016230093834007
AC019118.3	SRR7632769	1.0114947818507258
AC019118.3	SRR7632770	1.0082739021759193
AC019118.3	SRR7632771	1.0260355560571814
AC019118.3	SRR7632772	1.0193139826231485
AC019118.3	SRR7632773	1.0054132343880438
AC019118.3	SRR7632774	1.0063445972645484
AC019118.3	SRR7632775	1.0225378532123717
AC019118.3	SRR7632776	1.0379594824107194
AC019118.3	SRR7632777	1.0241484491414745
AC019118.3	SRR7632778	1.0041644240028431
AC019118.3	SRR7632779	1.0262203067866917
AC019118.3	SRR7632780	1.0037110248141228
AC019118.3	SRR7632781	1.0615459002112622
AC019118.3	SRR7632782	1.0136901858645806
AC019118.3	SRR7632783	1.0073564665451527
AC019118.3	SRR7632784	1.008719543389948
AC019118.3	SRR7632785	1.0071980517553376
AC019118.3	SRR7632786	1.0416272812793046
AC019118.3	SRR7632787	1.0038931609808308
AC019118.3	SRR7632788	1.0022671640812284
AC019118.3	SRR7632789	1.0182058416695656
AC019118.3	SRR7632790	1.0098400917692503
AC019118.3	SRR7632791	1.0448790382400983
AC019118.3	SRR7632792	1.0073564665451527
AC019118.3	SRR7632793	1.0121408038615827
AC019118.3	SRR7632794	1.0069504499529853
AC019118.3	SRR7632795	1.003227447999251
AC019118.3	SRR7632796	1.0172279399958117
AC019118.3	SRR7632797	1.150699232136202
AC019118.3	SRR7632798	1.0057304820763078
AC019118.3	SRR7632799	1.0307926732391595
AC019118.3	SRR7632800	1.0150544095718905
AC019118.3	SRR7632801	1.0052627748922789
AC019118.3	SRR7632802	1.0350311676136474
AC019118.3	SRR7632803	1.024031967628665
AC019118.3	SRR7632804	1.0405209189801317
AC019118.3	SRR7632805	1.0030944157282213
AC019118.3	SRR7632806	1.004614493841249
AC019118.3	SRR7632807	1.008693162636712
AC019118.3	SRR7632808	1.0082200216621664
AC019118.3	SRR7632809	1.048829496254109
AC019118.3	SRR7632810	1.0041780100330324
AC019118.3	SRR7632811	2.013600110748288
AC019118.3	SRR7632812	1.007179332046641
AC019118.3	SRR7632813	1.0061984068651417
AC019118.3	SRR7632814	1.0035384452564864
AC019118.3	SRR7632815	1.0078464493290136
AC019118.3	SRR7632816	1.0754074903933615
AC019118.3	SRR7632817	1.041674851534425
AC019118.3	SRR7632818	1.0054268373142463
AC019118.3	SRR7632819	1.002447533024164
AC019118.3	SRR7632820	1.0068809949439055
AC019118.3	SRR7632821	1.0017262519502124
AC019118.3	SRR7632822	1.0125326368597183
AC019118.3	SRR7632823	1.003680628745282
AC019118.3	SRR7632824	1.0045701845809227
AC019118.3	SRR7632825	1.0028083682939712
AC019118.3	SRR7632826	1.0006453033029128
AC019118.3	SRR7632827	1.055040096796364
AC019118.3	SRR7632828	1.0261404595811736
AC019118.3	SRR7632829	1.0144645279374256
AC019118.3	SRR7632830	1.0486021527253222
AC019118.3	SRR7632831	1.009267486593636
AC019118.3	SRR7632832	1.0146195724571643
AC019118.3	SRR7632833	1.0516979198200802
AC019118.3	SRR7632834	1.029304711338354
AC019118.3	SRR7632835	1.110030669431967
AC019118.3	SRR7632836	1.014927231447063
AC019118.3	SRR7632837	1.006427797534363
AC019118.3	SRR7632838	1.025209041964611
AC019118.3	SRR7632839	1.0114938025774427
AC019118.3	SRR7632840	1.0307338553525334
AC019118.3	SRR7632841	1.1191732546509214
AC019118.3	SRR7632842	1.0018897371991922
AC019118.3	SRR7632843	1.037517112746005
AC019118.3	SRR7632844	1.0397421924636505
AC019118.3	SRR7632845	1.0050068388547722
AC019118.3	SRR7632846	1.049674009840069
AC019118.3	SRR7632847	1.0235807528043444
AC019118.3	SRR7632848	1.0091612557489493
AC019118.3	SRR7632849	1.0113703922046702
AC019118.3	SRR7632850	1.0129099016527614
AC019118.3	SRR7632851	1.0101546064236944
AC019118.3	SRR7632852	1.0012604069024411
AC019118.3	SRR7632853	1.0050683011475585
AC019118.3	SRR7632854	1.006604989330596
AC019118.3	SRR7632855	2
AC019118.3	SRR7632856	1.006471863776459
AC019118.3	SRR7632857	1.0737804448439001
AC019118.3	SRR7632858	1.0371716501108719
AC019118.3	SRR7632859	1.03970249147232
AC019118.3	SRR7632860	1.0755034509256032
AC019118.3	SRR7632861	1.0544086906801657
AC019118.3	SRR7632862	1.0352861076828388
AC019118.3	SRR7632863	1.1276773456759084
AC019118.3	SRR7632864	1.121531795981538
AC019118.3	SRR7632865	1.0014405946684066
AC019118.3	SRR7632866	1.0056799316660756
AC019118.3	SRR7632867	1.0103238937591081
AC019118.3	SRR7632868	1.02565491505434
AC019118.3	SRR7632869	1.0244411256785808
AC019118.3	SRR7632870	2.0076865442741987
AC019118.3	SRR7632871	1.0509978397928912
AC019118.3	SRR7632872	1.032283347644643
AC019118.3	SRR7632873	1.0041780100330324
AC019118.3	SRR7632874	2.0053171847237667
AC019118.3	SRR7632875	1.0016514420012725
AC019118.3	SRR7632876	2.028295591510296
AC019118.3	SRR7632877	1.041135031463042
AC019118.3	SRR7632878	1.022117629031292
AC019118.3	SRR7632879	2.004534328162457
AC019118.3	SRR7632880	1.0175570139817183
AC019118.3	SRR7632881	1.0138389345446404
AC019118.3	SRR7632882	1.02398215098824
AC019118.3	SRR7632883	1.022587298485006
AC019118.3	SRR7632884	1.0338348047099086
AC019118.3	SRR7632885	1.0050174895819426
AC019118.3	SRR7632886	1.0323339725546605
AC019118.3	SRR7632887	1.0101314025983257
AC019118.3	SRR7632888	1.0381219692204027
AC019118.3	SRR7632889	1.034226163866362
AC019118.3	SRR7632890	1.1021455850880635
AC019118.3	SRR7632891	1.0472249706717598
AC019118.3	SRR7632892	1.0058289958076159
AC019118.3	SRR7632893	1.0382330459409663
AC019118.3	SRR7632894	1.04730409167774
AC019118.3	SRR7632895	1.0116312112491015
AC019118.3	SRR7632896	1.022792885942668
AC019118.3	SRR7632897	1.0040894319687015
AC019118.3	SRR7632898	1.003747088789452
AC019118.3	SRR7632899	2.0138802669990574
AC019118.3	SRR7632900	1.006694084239897
AC019118.3	SRR7632901	1.0063642497626564
AC019118.3	SRR7632902	1.0438489006745157
AC019118.3	SRR7632903	1.0044307900197387
AC019118.3	SRR7632904	1.052639407087551
AC019118.3	SRR7632905	1.0931788245138465
AC019118.3	SRR7632906	1.016476826235516
AC019118.3	SRR7632907	1.0277502386473942
AC019118.3	SRR7632908	1.0040375088472033
AC019118.3	SRR7632909	1.0034554838462202
AC019118.3	SRR7632910	1.0381442455517274
AC019118.3	SRR7632911	1.0129819287449684
AC019118.3	SRR7632912	1.015658017729299
AC019118.3	SRR7632913	1.0588628832226115
AC019118.3	SRR7632914	1.0312943611504022
AC019118.3	SRR7632915	1.0449661158479286
AC019118.3	SRR7632916	1.0199638203063526
AC019118.3	SRR7632917	1.0525477213847285
AC019118.3	SRR7632918	1.0259071739140957
AC019118.3	SRR7632919	1.0087162263813345
AC019118.3	SRR7632920	1.011609827571363
AC019118.3	SRR7632921	1.0121840603993095
AC019118.3	SRR7632922	1.008703153846645
AC019118.3	SRR7632923	1.0104479848105985
AC019118.3	SRR7632924	1.029554096116037
AC019118.3	SRR7632925	1.0351205406829784
AC019118.3	SRR7632926	1.0185058970869778
AC019118.3	SRR7632927	1.0206217073187331
AC019118.3	SRR7632928	1.0033264596879763
AC019118.3	SRR7632929	1.0408852031443403
AC019118.3	SRR7632930	1.0009001286274537
AC019118.3	SRR7632931	2.001440076213531
AC019118.3	SRR7632932	1.0257541376073018
AC019118.3	SRR7632933	1.0212809727621546
AC019118.3	SRR7632934	1.0044185309372882
AC019118.3	SRR7632935	2.020225550036113
AC019118.3	SRR7632936	1.02112601210436
AC019118.3	SRR7632937	1.0144478283854719
AC019118.3	SRR7632938	1.0267598473930304
AC019118.3	SRR7632939	1.0281771467044196
AC019118.3	SRR7632940	1.0065268639064227
AC019118.3	SRR7632941	1.0215738909036738
AC019118.3	SRR7632942	1.0358766269652808
AC019118.3	SRR7632943	1
AC019118.3	SRR7632944	1.0184271463668109
AC019118.3	SRR7632945	1
AC019118.3	SRR8928966	1.0088471102473964
AC019118.3	SRR8928967	1.0170282299624092
AC019118.3	SRR8928968	1.0083121068252079
AC019118.3	SRR8928969	1.0083022278420297
AC019118.3	SRR8928970	1.0095999056134282
AC019118.3	SRR8928971	1.0076894214033043
AC019118.3	SRR8928972	1.0535590264470536
AC019118.3	SRR8928973	1.0059656349307404
AC019118.3	SRR8928974	1.084964542884935
AC019118.3	SRR8928975	1.0422268823538081
AC019118.3	SRR8928976	1.0418215850993868
AC019118.3	SRR8928977	1.0194654138015173
AC019118.3	SRR8928978	1.018615945849788
AC019118.3	SRR8928979	1.019328713740916
AC019118.3	SRR8928980	1.0157058979511975
AC019118.3	SRR8928981	1.011720751030811
AC019118.3	SRR8928982	1.0114260163607005
AC019118.3	SRR8928983	1.0019065235500912
AC019118.3	SRR8928984	1.005572915612441
AC019118.3	SRR8928985	1.0167967514698188
AC019118.3	SRR8928986	1.0090130342187602
AC019118.3	SRR8928987	1
AC019118.3	SRR8928988	1
AC019118.3	SRR8928989	1.0173441049815872
AC019118.3	SRR8928990	1.010567215117064
AC019118.3	SRR8928991	1.0177418771007531
AC019118.3	SRR9835604	1.0142586981600068
AC019118.3	SRR9835605	1.0055285640802187
AC019118.3	SRR9835606	2.004253860508985
AC019118.3	SRR9835607	1.0089702127219256
AC019118.3	SRR9835608	1.0145480117591426
AC019118.3	SRR9835609	2
AC019118.3	SRR9835610	1.0046056873690874
AC019118.3	SRR9835611	1.0010802515574013
AC019118.3	SRR9835612	1.0026585923618834
AC019118.3	SRR9835613	1.005907361762886
AC019118.3	SRR9835614	2.0197668209400734
AC019118.3	SRR9835615	2.0782446581621787
AC019118.3	SRR9835616	1.0073913876363687
AC019118.3	SRR9835617	1.0229877020749545
AC019118.3	SRR9835618	3.0159727585113405
AC019118.3	SRR9835619	4
AC019118.3	SRR9835620	2.0093790501809616
AC019118.3	SRR9835621	1.0065161971835763
AC019118.3	SRR9835622	1.0027334775314678
AC019118.3	SRR9835623	2.000359921883904
AC019118.3	SRR9835624	1.0219149183661382
AC019118.3	SRR9835625	1.0030776094748917
AC019118.3	SRR9835626	1.007514607649033
AC019118.3	SRR9835627	2.004085259632136
AC019118.3	SRR9835628	1.0071447133676017
AC019118.3	SRR9835629	1.0200204342909187
AC019118.3	SRR9835630	1.0553618917185172
AC019118.3	SRR9835631	1.0803218233387206
AC019118.3	SRR9835632	1.002275170713174
AC019118.3	SRR9835633	1.0073851852087703
AC019118.3	SRR9835634	1.0061984068651417
AC019118.3	SRR9835635	2.0195442410927518
AC019118.3	SRR9835636	1.0019813525502068
AC019118.3	SRR9835637	2.0088592570467187
AC019118.3	SRR9835638	2.0191108727601597
AC019118.3	SRR9835639	1.0102931107040372
AC019118.3	SRR9835640	1.0165576694950156
AC019118.3	SRR9835641	2.0075997271555144
AC019118.3	SRR9835642	1.005744383945818
AC019118.3	SRR9835643	2.0076333638644592
AC019118.3	SRR9835644	1.003227447999251
AC019118.3	SRR9835645	1.0291406134587315
AC019118.3	SRR9835646	1.0091888588653615
AC019118.3	SRR9835647	1.0024033193392368
AC019118.3	SRR9835648	2.0595413445091366
AC019118.3	SRR9835649	1.011356708865119
AC019118.3	SRR9835650	1.003794007351424
AC019118.3	SRR9835651	1.0007200381067656
AC019118.3	SRR9835652	1.0155197645862681
AC019118.3	SRR9835653	1.0027641386941393
AC019118.3	SRR9835654	1.0100460688753663
AC019118.3	SRR9835655	1.005099033703485
AC019118.3	SRR9835656	1.0026450268886613
AC019118.3	SRR9835657	1.014825837108375
AC019118.3	SRR9835658	1.002011990714717
AC019118.3	SRR9835659	1.0058777676606245
AC019118.3	SRR9835660	1.007436116480086
AC019118.3	SRR9835661	1.0040112076405936
AC019118.3	SRR9835662	1.0119165119784397
AC019118.3	SRR9835663	1.0198983921367524
AC019118.3	SRR9835664	1.0017262519502124
AC019118.3	SRR9835665	1.004072314883195
AC019118.3	SRR9835666	1
AC019118.3	SRR9835667	1.008216661169957
AC019118.3	SRR9835668	3
AC019118.3	SRR9835669	1.0264232618093723
AC019118.3	SRR9835670	1.0135813928307178
AC019118.3	SRR9835671	1.0133167044062266
AC019118.3	SRR9835672	1.0017262519502124
AC019118.3	SRR9835673	1.0225501145506797
AC019118.3	SRR9835674	1.000465258632579
AC019118.3	SRR9835675	1.0053242528371136
AC019118.3	SRR9835676	1.0888102986472097
AC019118.3	SRR9835677	1.0026279344264644
AC019118.3	SRR9835678	1.0058946208297335
AC019118.3	SRR9835679	0.9644577902512602
AC019118.3	SRR9835680	1.024155415648097
AC019118.3	SRR9835681	1.003004620275643
AC019118.3	SRR9835682	1.0602022500176214
AC019118.3	SRR9835683	1.0062291739769658
AC019118.3	SRR9835684	1.0249675723992049
AC019118.3	SRR9835685	1.0050068388547722
AC019118.3	SRR9835686	1.0132366280807228
AC019118.3	SRR9835687	1.0046316201696393
AC019118.3	SRR9835688	1
AC019118.3	SRR9835689	1.0072516016039186
AC019118.3	SRR9835690	1.0020009198402668
AC019118.3	SRR9835691	1.0088088254590628
AC019118.3	SRR9835692	2.0357502182285736
AC019118.3	SRR9835693	1.0039837461421828
AC019118.3	SRR9835694	1.0101590322507117
AC019118.3	SRR9835695	1.0050899285244395
AC019118.3	SRR9835696	1.0096415363823084
AC019118.3	SRR9835697	1.0050174895819426
AC019118.3	SRR9835698	1.0009307337307534
AC019118.3	SRR9835699	1.0015766376392168
AC019118.3	SRR9835700	1.002192313736413
AC019118.3	SRR9835701	1.0027915668331973
AC019118.3	SRR9835702	1
AC019118.3	SRR9835703	1.0010634790502007
AC019118.3	SRR9835704	1.0045533536019593
AC019118.3	SRR9835705	1.0039498099915638
AC019118.3	SRR9835706	1.0786425861503106
AC019118.3	SRR9835707	1.0010802515574013
AC019118.3	SRR9835708	1.0010054898524368
AC019118.3	SRR9835709	1.0003599542698447
AC019118.3	SRR9835710	1.0142530726569354
AC019118.3	SRR9835711	2.0007199085396894
AC019118.3	SRR9835712	1.0025056057608568
AC019118.3	SRR9835713	2.0038130471001825
AC019118.3	SRR9835714	1.001546012786343
AC019118.3	SRR9835715	1.0049761091178548
AC019118.3	SRR9835716	1.0029413626288513
AC019118.3	SRR9835717	2.006849603089067
AC019118.3	SRR9835718	1.0154090217747063
AC019118.3	SRR9835719	2.0170825968530437
AC019118.3	SRR9835720	1.0062218151362057
AC019118.3	SRR9835721	1.0147479497795637
AC019118.3	SRR9835722	1.0227754713008923
AC019118.3	SRR9835723	2
AC019118.3	SRR9835724	1.0069060376635988
AC019118.3	SRR9835725	1.0273956002434441
AC019118.3	SRR9835726	1.0007200381067656
AC019118.3	SRR9835727	1.0067684015571978
AC019118.3	SRR9835728	1.0405909251580585
AC019118.3	SRR9835729	1.0032306833661075
AC019118.3	SRR9835730	1.003830557347933
AC019118.3	SRR9835731	1.0510108441028403
AC019118.3	SRR9835732	1.0047034125711976
AC019118.3	SRR9835733	1.0044644481525995
AC019118.3	SRR9835734	1.002553057138948
AC019118.3	SRR9835735	1.0018010674864533
AC019118.3	SRR9835736	1.0119742595178156
AC019118.3	SRR9835737	1.002086827591817
AC019118.3	SRR9835738	1.0017842829024082
AC019118.3	SRR9835739	1.0270643545377112
AC019118.3	SRR9835740	1.0299228329417829
AC019118.3	SRR9835741	2.010553340593664
AC019118.3	SRR9835742	1.0186862015904543
AC019118.3	SRR9835743	1.0342119740740032
AC019118.3	SRR9835744	1.0058153874404083
AC019118.3	SRR9835745	2.044653231646128
AC019118.3	SRR9835746	1.0107941715568822
AC019118.3	SRR9835747	1.0052459323093745
AC019118.3	SRR9835748	1.0304274782164793
AC019118.3	SRR9835749	1
AC019118.3	SRR9835750	1.0082981694634305
AC019118.3	SRR9835751	1.0080480222430843
AC019118.3	SRR9835752	1.040454512254464
AC019118.3	SRR9835753	1.0104884861324797
AC019118.3	SRR9835754	1.0013658060526471
AC019118.3	SRR9835755	1.014416942522608
AC019118.3	SRR9835756	1.0464063323203885
AC019118.3	SRR9835757	1.0039973297278573
AC019118.3	SRR9835758	1.0057304820763078
AC019118.3	SRR9835759	1.0065088362437338
AC019118.3	SRR9835760	1
AC019118.3	SRR9835761	1.000179960941952
AC019118.3	SRR9835762	1.1023719914822634
AC019118.3	SRR9835763	1.0028985763366107
AC019118.3	SRR9835764	1.0025931784597333
AC019118.3	SRR9835765	2.5759244287162897
AC019118.3	SRR9835766	1.0257855942277956
AC019118.3	SRR9835767	1.0369668007927877
AC019118.3	SRR9835768	1
AC019118.3	SRR9835769	1
AC019118.3	SRR9835770	1.0198972127540598
AC019118.3	SRR9835771	1.0054132343880438
AC019118.3	SRR9835772	1.012507584036827
AC019118.3	SRR9835773	1
AC019118.3	SRR9835774	1.0351205406829784
AC019118.3	SRR9835775	1.0050334605858329
AC019118.3	SRR9835776	1.0031693334479748
AC019118.3	SRR9835777	1.002447533024164
AC019118.3	SRR9835778	1.0041473056389194
AC019118.3	SRR9835779	1.0069981117179123
AC019118.3	SRR9835780	1.001546012786343
AC019118.3	SRR9835781	1.0252236336284462
AC019118.3	SRR9835782	1.0049592713378661
AC019118.3	SRR9835783	3
AC019118.3	SRR9835784	1.0040386698901456
AC019118.3	SRR9835785	1.0438963484044135
AC019118.3	SRR9835786	2.0192511363326773
AC019118.3	SRR9835787	1.0028083682939712
AC019118.3	SRR9835788	1.0016514420012725
AC019118.3	SRR9835789	1
AC019118.3	SRR9835790	1.0070872414225938
AC019118.3	SRR9835791	1.0271261374648186
AC019118.3	SRR9835792	0.9928100228361384
AC019118.3	SRR9835793	1.0019813525502068
AC019118.3	SRR9835794	1.000179960941952
AC019118.3	SRR9835795	1.0567801380566075
AC019118.3	SRR9835796	1.0056787687252229
AC019118.3	SRR9835797	1
AC019118.3	SRR9835798	1.001546012786343
AC019118.3	SRR9835799	1.001964564945592
AC019118.3	SRR9835800	1.0011382450861817
AC019118.3	SRR9835801	1.0050027300349125
AC019118.3	SRR9835802	1.0039666308583417
AC019118.3	SRR9867812	3
AC019118.3	SRR9867813	2.8362969358340093
AC019118.3	SRR9867814	3.9153812884671355
AC019118.3	SRR9867815	6
AC019118.3	SRR9867816	2.0010799599790126
AC019118.3	SRR9867817	4.065251623093334
AC019118.3	SRR9867818	2.0005704927148478
AC019118.3	SRR9867819	1.0422191398357938
AC019118.3	SRR9867820	1.002342020016362
AC019118.3	SRR9867821	1
AC019118.3	SRR9867822	1.0131332467646033
AC019118.3	SRR9867823	5.000899804709761
AC019118.3	SRR9867824	2.1746236588624948
AC019118.3	SRR9867825	1.4028262544101162
AC019118.3	SRR9867826	1.6661292096749798
AC019118.3	SRR9867827	3
AC019118.3	SRR9867828	6.089767809270788
AC019118.3	SRR9867829	3.036391254893446
AC019118.3	SRR9867830	4.008047962858868
AC019118.3	SRR9867831	2.065698154300389
AC019118.3	SRR9879292	4.283753937924715
AC019118.3	SRR9879293	3.045864331556937
AC019118.3	SRR9879294	3.061492777813744
AC019118.3	SRR9879295	1.0201804361038371
AC019118.3	SRR9879296	2.0250325383871886
AC019118.3	SRR9879297	1.0160326211514135
AC019118.3	SRR9879298	3.0344181609774092
AC019118.3	SRR9879299	3.0140180763361135
AC019118.3	SRR9879300	2.030858308648305
AC019118.3	SRR9879301	4.009651133244096
AC019118.3	SRR9879302	4.045549349603979
AC019118.3	SRR9879303	2.011099044874141
AC019118.3	SRR9879304	2.034326099596851
AC019118.3	SRR9879305	1.0111215743846396
AC019118.3	SRR9879306	6
AC019118.3	SRR9879307	2.3443430141001618
AC019118.3	SRR9879308	2.02425738215101
AC019118.3	SRR9879309	5.057369449833156
AC019118.3	T50_307	1.006233098409452
AC019118.3	T50_313	1.0171338971063077
AC019118.3	T50_317	1.017912202260729
AC019118.3	T50_324	1.0121465228691218
AC019118.3	T50_427	1.0173634427914857
AC019118.3	T50_428	1.007839948834571
AC019118.3	T50_431	3.0185543804999577
AC019118.3	T50_436	2.0174308387825044
AC019118.3	T50_476	1.008350698322557
AC019118.3	UN_307	1.0133098244040084
AC019118.3	UN_313	2.0290620272151787
AC019118.3	UN_317	4.033427506197864
AC019118.3	UN_324	2.0443761804579212
AC019118.3	UN_427	1.0090657297142456
AC019118.3	UN_428	1.0107927868178097
AC019118.3	UN_431	3.0321010974013825
AC019118.3	UN_436	1.0085902616518891
AC019118.3	UN_476	1.0102367475941127
