Gene	sample	counts
AP001425.14	CM317	1.0496947053399786
AP001425.14	CMCD140	1.0092852040017053
AP001425.14	CMCD147	1.0387377232738804
AP001425.14	CMCD152	1
AP001425.14	CMCD154	1.0097029263832331
AP001425.14	CMCD159	1.0826308846263835
AP001425.14	CMCD161	1.0030637444667863
AP001425.14	CMCD174	1.0883603953024104
AP001425.14	CMCD196	1.0088734782641728
AP001425.14	CMCD198	1.027928565649914
AP001425.14	CMCD203	1.0031790985514153
AP001425.14	CMCD211	0.8015566318744244
AP001425.14	CMCD227	0.8192952006583658
AP001425.14	CMCD240	0.9256708984213363
AP001425.14	CMCD259	1
AP001425.14	CMCD270	1.005170859507078
AP001425.14	CMCD275	1.0084289351631328
AP001425.14	CMCD282	1.0127082910163139
AP001425.14	CMCD286	0.9360259523322331
AP001425.14	CMCD287	3
AP001425.14	CMCD294	1.061130699852429
AP001425.14	CMCD327	1.0050818994069226
AP001425.14	CMCD335	1.0046546976589779
AP001425.14	CMCD337	1.0066357688747274
AP001425.14	CMCD357	1.0203676217787498
AP001425.14	CMCD398	1.0058055966749162
AP001425.14	CMCD403	1.007131956762018
AP001425.14	CMCD422	1.002086827591817
AP001425.14	CMCD426	1.109996027604914
AP001425.14	CMCD71	1.0063256548892079
AP001425.14	CMCD72	1.1440405671509037
AP001425.14	CMCD76	1.0022671640812284
AP001425.14	CMCD88	1.000179960941952
AP001425.14	CMSA256	1
AP001425.14	CMSA316	1.0080145694811098
AP001425.14	CMUC110	1
AP001425.14	CMUC192	1.0131538458119358
AP001425.14	CMUC199	1.0266064941522361
AP001425.14	CMUC200	1.0023284588262065
AP001425.14	CMUC208	1.0024434346676425
AP001425.14	CMUC231	1
AP001425.14	CMUC234	1
AP001425.14	CMUC285	1.0109066424484112
AP001425.14	CMUC291	1.0065605922780039
AP001425.14	CMUC295	1.0009001286274537
AP001425.14	CMUC299	1.0029139303926111
AP001425.14	CMUC301	1.0005399799895063
AP001425.14	CMUC307	1.0027530595094736
AP001425.14	CMUC313	1.0406199795536664
AP001425.14	CMUC314	1.0531743294773983
AP001425.14	CMUC323	1.0232441215691963
AP001425.14	CMUC324	1.0009001286274537
AP001425.14	CMUC331	1.008979678815539
AP001425.14	CMUC333	1.0226855040011238
AP001425.14	CMUC334	1.0147637781192929
AP001425.14	CMUC346	1.0107140402598958
AP001425.14	CMUC352	1.0059528932594937
AP001425.14	CMUC360	1.0012604069024411
AP001425.14	CMUC363	1.0255367303100333
AP001425.14	CMUC365	1.0065437279509373
AP001425.14	CMUC366	1.0032749335441427
AP001425.14	CMUC368	1
AP001425.14	CMUC377	1.0040587302830086
AP001425.14	CMUC379	1.0664515526402574
AP001425.14	CMUC380	1.0176874450837656
AP001425.14	CMUC383	1.0137840525909332
AP001425.14	CMUC394	1.007265338334756
AP001425.14	CMUC419	1.024221051989512
AP001425.14	CMUC427	1
AP001425.14	CMUC428	1.0062427879425755
AP001425.14	CMUC431	1.0018317001382826
AP001425.14	CMUC435	1.0048874606535836
AP001425.14	CMUC439	1.0063179408035714
AP001425.14	CMUC89	1
AP001425.14	CS219	1.002447533024164
AP001425.14	CS256	1.0022671640812284
AP001425.14	CS257	2.179959971756346
AP001425.14	CS259	1.0015292324755884
AP001425.14	CS261	1.0227433496373879
AP001425.14	CS266	1.0344406863242126
AP001425.14	CS270	1.0125793616529746
AP001425.14	CS277	16.039841608545025
AP001425.14	CS288	1.0089179773327999
AP001425.14	CS290	1.007935358827293
AP001425.14	CS292	1.0136016438843358
AP001425.14	CS293	1.0159883878434666
AP001425.14	CS301	1.0255014806521223
AP001425.14	CS306	1.0369877958728642
AP001425.14	CS308	1.0254014198472583
AP001425.14	CS315	1.0265836055430344
AP001425.14	CS317	1.0691022518554174
AP001425.14	CS322	1.0131677901654654
AP001425.14	CS327	1.0046854175679107
AP001425.14	CS328	1.0532227797951625
AP001425.14	CS330	1.0732794536999326
AP001425.14	CS331	1.0183441621534113
AP001425.14	CS335	9.08158543081267
AP001425.14	CS338	1.0294503626489493
AP001425.14	CS339	1.1642104248974183
AP001425.14	CS343	1.0079313245495483
AP001425.14	CS344	1.0136851471582224
AP001425.14	CS350	1.021809713154857
AP001425.14	CS351	1.0082169227776983
AP001425.14	CS361	1.0231543575157043
AP001425.14	CS388	1.0331387058791355
AP001425.14	CS396	1.010589221555441
AP001425.14	CS405	1.023931692107002
AP001425.14	CS415	1.0725849893611923
AP001425.14	CS424	1.0352517578472156
AP001425.14	IM293	1.005276670296832
AP001425.14	IM296	1.064463289332191
AP001425.14	IM297	1.0944885764691814
AP001425.14	IM300	1
AP001425.14	IM305	1.0098834104700367
AP001425.14	IM309	1.0649644397817766
AP001425.14	IM310	1.0133773385295795
AP001425.14	IM311	1.0123286697107707
AP001425.14	IM316	1.00503432833736
AP001425.14	IM320	1.0454213547260982
AP001425.14	IM330	3.03035600432598
AP001425.14	IM332	1.0290904121726339
AP001425.14	IM340	1.0535879064802887
AP001425.14	IM348	1.034853198121328
AP001425.14	IM354	1.007131956762018
AP001425.14	IM356	1.007966474352951
AP001425.14	IM364	1.016813207554994
AP001425.14	IM372	1.9580024960611264
AP001425.14	IM374	1.0474599361127908
AP001425.14	IM376	1.014079534585469
AP001425.14	IM381	1.0123114121679178
AP001425.14	IM382	1.0307681061453446
AP001425.14	IM385	1
AP001425.14	IM390	1.0273630104120455
AP001425.14	IM397	1.0111260044482688
AP001425.14	IM404	1.0028664619341938
AP001425.14	IM409	1.0056553730873352
AP001425.14	IM412	1
AP001425.14	IM421	1.0155577247460867
AP001425.14	IM425	1.0520033799095727
AP001425.14	IM432	1.0393271099875068
AP001425.14	IM438	1
AP001425.14	IM442	1.0408884293487235
AP001425.14	IM445	1.0112874661338156
AP001425.14	IM448	1.021809713154857
AP001425.14	IM449	1.0083227925805054
AP001425.14	IM451	1.005112632378651
AP001425.14	IMSA256	1.0040554922457436
AP001425.14	IMSA276	1
AP001425.14	IMSA286	1
AP001425.14	IMSA343	1.0123997266953233
AP001425.14	IS_238	1
AP001425.14	IS238	0.5115914966368759
AP001425.14	IS243	1
AP001425.14	IS253	1
AP001425.14	IS283	1
AP001425.14	IS322	1.0103131867970327
AP001425.14	IS399	1.0069400737425076
AP001425.14	IS418	1.0908267191361551
AP001425.14	IS430	1.0818719286848866
AP001425.14	IS437	1.0791582738983603
AP001425.14	IS444	1.0366814403266558
AP001425.14	R276CMSA	1.061719097392973
AP001425.14	R286CMSA	1
AP001425.14	R292CMSA	1.0041473056389194
AP001425.14	R292IMSA	1.073657155188672
AP001425.14	R308CMSA	1.06717128675431
AP001425.14	R316IMSA	1.0192539459593348
AP001425.14	R347CMSA	1.063497692354949
AP001425.14	R347IMSA	1.0621981468028772
AP001425.14	R371CMSA	1.003980508346738
AP001425.14	SRR10104064	1.1094515272513297
AP001425.14	SRR10104065	1.0058572527884204
AP001425.14	SRR10104066	1.0187395055126454
AP001425.14	SRR10104067	1.023057146473477
AP001425.14	SRR10104068	1.0046558594156214
AP001425.14	SRR10104069	1.0114572698828992
AP001425.14	SRR10104070	1.0293904998541934
AP001425.14	SRR10104071	1.1606052908522344
AP001425.14	SRR10104072	1.0698874845957154
AP001425.14	SRR10104073	1.044654039124863
AP001425.14	SRR10104074	1.095822342836796
AP001425.14	SRR10104075	1.1510100695372476
AP001425.14	SRR10104076	1.0276547583233047
AP001425.14	SRR10104077	1.100777777658168
AP001425.14	SRR10104078	1.0414272361609767
AP001425.14	SRR10104079	1.0895071357309336
AP001425.14	SRR10104080	1.121518162035866
AP001425.14	SRR10104081	1.0158440725472526
AP001425.14	SRR10104082	1.0822514404163561
AP001425.14	SRR10104083	1.0631988390336564
AP001425.14	SRR10104084	1.067846735357961
AP001425.14	SRR10104085	1.0222173271187234
AP001425.14	SRR10104086	1.024784508800748
AP001425.14	SRR10104087	1.0032000079380652
AP001425.14	SRR10104088	1.0091134916012459
AP001425.14	SRR10104089	1.1347456128596176
AP001425.14	SRR10104090	1.0263035277348909
AP001425.14	SRR10104091	1.0420863331254986
AP001425.14	SRR10104092	1.0127338855518124
AP001425.14	SRR10104093	1.034297644620457
AP001425.14	SRR10104094	1.0340224493748036
AP001425.14	SRR10104095	1.0540616053506102
AP001425.14	SRR10104096	1.145718575159829
AP001425.14	SRR10104097	1.0631209277390947
AP001425.14	SRR10104098	1.0297617779816932
AP001425.14	SRR10104099	1.0474771062612767
AP001425.14	SRR10104100	1.0290641027802212
AP001425.14	SRR10104101	1.0055761585433334
AP001425.14	SRR10104102	1.0153169306923229
AP001425.14	SRR10104103	1.05208117298879
AP001425.14	SRR10104104	1.0154976077084612
AP001425.14	SRR10104105	1.0808351888270706
AP001425.14	SRR10104106	1.1304558697538387
AP001425.14	SRR10104107	1.00957560699629
AP001425.14	SRR10104108	1.0068572159530078
AP001425.14	SRR10104109	1.1183964997691782
AP001425.14	SRR10104110	1.1898566945611233
AP001425.14	SRR10104111	1.0327102204719922
AP001425.14	SRR10104112	1.186621143391241
AP001425.14	SRR10104113	1.0358394085966935
AP001425.14	SRR10104114	1.1728061185225533
AP001425.14	SRR10104115	1.14422200397898
AP001425.14	SRR10104116	1.0467296948207412
AP001425.14	SRR10104117	1.038848634824914
AP001425.14	SRR10104118	1.143352850751477
AP001425.14	SRR10104119	1.1898188257203337
AP001425.14	SRR10104120	1.0270705483762537
AP001425.14	SRR10104121	1.0817747165060128
AP001425.14	SRR10104122	1.0894989096112995
AP001425.14	SRR10104123	1.082048079369872
AP001425.14	SRR10104124	1.1164136874736872
AP001425.14	SRR10104125	1.0998082352268765
AP001425.14	SRR10104126	1.0394547176893827
AP001425.14	SRR10104127	1.1858382433832468
AP001425.14	SRR10104128	1.0287766983431799
AP001425.14	SRR10104129	1.026295765603751
AP001425.14	SRR10104130	1.041146918346077
AP001425.14	SRR10104131	1.0113290464541402
AP001425.14	SRR10104132	1.007213437136861
AP001425.14	SRR10104133	1.1637684274221152
AP001425.14	SRR10104134	1.0301069188305016
AP001425.14	SRR10104135	1.100806080320317
AP001425.14	SRR10104136	1.015016246826139
AP001425.14	SRR10104137	1.107740379806039
AP001425.14	SRR10104138	1.195501466366171
AP001425.14	SRR10104139	1.011356708865119
AP001425.14	SRR10104140	1.1423063013482577
AP001425.14	SRR10104141	1.059516503163875
AP001425.14	SRR10104142	1.0513197704930992
AP001425.14	SRR10104143	1.0081784003065664
AP001425.14	SRR10104144	1.0594651714413874
AP001425.14	SRR10104145	1.0623428698869635
AP001425.14	SRR10104146	1.009621630502804
AP001425.14	SRR10104147	1.001709468619657
AP001425.14	SRR10104148	1.0516475471177122
AP001425.14	SRR10104149	1.0467449900052073
AP001425.14	SRR10104150	1.0116270753464878
AP001425.14	SRR10104151	1.0076559805417438
AP001425.14	SRR10104152	1.0056216750483238
AP001425.14	SRR10104153	1.1019297495172091
AP001425.14	SRR10104154	1.0305255485236042
AP001425.14	SRR10104155	1.0878745919585404
AP001425.14	SRR10104156	1.0040587302830086
AP001425.14	SRR10104157	1.048915508528946
AP001425.14	SRR10104158	1.020515544249276
AP001425.14	SRR10104159	1.0126004669704767
AP001425.14	SRR10104160	1.1246452493735022
AP001425.14	SRR10104161	1.0017262519502124
AP001425.14	SRR10104162	1.0203379943833408
AP001425.14	SRR10104163	1.0300988116116585
AP001425.14	SRR10104164	1.0196346259197715
AP001425.14	SRR10104165	1.0382728925974472
AP001425.14	SRR10104166	1.0407462625761652
AP001425.14	SRR10104167	1.0225819466033605
AP001425.14	SRR10104168	1.028619155105796
AP001425.14	SRR10104169	1.0246876051078921
AP001425.14	SRR10104170	1.0300621533967607
AP001425.14	SRR10104171	1.0239774453836796
AP001425.14	SRR10104172	1.0338434316089917
AP001425.14	SRR10104173	1.0603886751096372
AP001425.14	SRR10104174	1.0338308135451142
AP001425.14	SRR10104175	1.0224777066753272
AP001425.14	SRR10104176	1.02249117212648
AP001425.14	SRR10104177	1.0253301392642815
AP001425.14	SRR10104178	1.0384147366527665
AP001425.14	SRR10104179	1.0346450273897643
AP001425.14	SRR10104180	1.0219501836121274
AP001425.14	SRR10104181	1.0267665308530658
AP001425.14	SRR10104182	1.035134385886849
AP001425.14	SRR10104183	1.0476481310619528
AP001425.14	SRR10104184	1.0212735079721074
AP001425.14	SRR10104185	1.063606994083587
AP001425.14	SRR10104186	1.0329452604392448
AP001425.14	SRR10104187	1.0769831789043174
AP001425.14	SRR10104188	1.0538655428853925
AP001425.14	SRR10104189	1.0595562598302013
AP001425.14	SRR10104190	1.1456942406975419
AP001425.14	SRR10104191	1.1375415852920412
AP001425.14	SRR10104192	1.026052966107226
AP001425.14	SRR10104193	1.039842399081235
AP001425.14	SRR10104194	1.0428799048858834
AP001425.14	SRR10104195	1.041874169755153
AP001425.14	SRR10104196	1.0406484493629597
AP001425.14	SRR10104197	1.016827778198725
AP001425.14	SRR10104198	1.025845924075245
AP001425.14	SRR10104199	1.0822812473676409
AP001425.14	SRR10104200	1.0353416618928366
AP001425.14	SRR10104201	1.0262034008940275
AP001425.14	SRR10104202	1.0661565199682426
AP001425.14	SRR10104203	1.0226367394548255
AP001425.14	SRR10104204	1.0313459546081654
AP001425.14	SRR10104205	1.0268650017331544
AP001425.14	SRR10104206	1.0287660812770658
AP001425.14	SRR10104207	1.0327220098173928
AP001425.14	SRR10104208	1.0176351169212208
AP001425.14	SRR10104209	1.0231628517195777
AP001425.14	SRR10104210	1.0263049337229564
AP001425.14	SRR10104211	1.0187630485926629
AP001425.14	SRR10104212	1.0187543126316272
AP001425.14	SRR10104213	1.058921503370994
AP001425.14	SRR10104214	1.0299744390521086
AP001425.14	SRR10104215	1.0107140402598958
AP001425.14	SRR10104216	1.060640170595656
AP001425.14	SRR10104217	1.02491390827642
AP001425.14	SRR10104218	1.0636360366675373
AP001425.14	SRR10104219	1.0633498186525099
AP001425.14	SRR10104220	1.03511691930575
AP001425.14	SRR10104221	1.0872363603035893
AP001425.14	SRR10104222	1.0381384685659298
AP001425.14	SRR10104223	1.1766327257469633
AP001425.14	SRR10104224	1.0253851067334427
AP001425.14	SRR10104225	1.0314165053623716
AP001425.14	SRR10104226	1.0388893560726131
AP001425.14	SRR10104227	1.074938615735897
AP001425.14	SRR10104228	1.1189120562490085
AP001425.14	SRR10104229	1.0371677751979662
AP001425.14	SRR10104230	1.101165214661461
AP001425.14	SRR10104231	1.0760855121352966
AP001425.14	SRR10104232	1.0597726421651714
AP001425.14	SRR10104233	1.0718133708527031
AP001425.14	SRR10104234	1.0233588556108677
AP001425.14	SRR10104235	1.043603481105794
AP001425.14	SRR10104236	1.0093078766201782
AP001425.14	SRR10104237	1.0184909964241078
AP001425.14	SRR10104238	1.0703034082552154
AP001425.14	SRR10104239	1.0611784078973197
AP001425.14	SRR10104240	1.0723812048685664
AP001425.14	SRR10104241	1.0400598513679928
AP001425.14	SRR10104242	1.063845639897752
AP001425.14	SRR10104243	1.06730685614599
AP001425.14	SRR10104244	1.039511551636178
AP001425.14	SRR10104245	1.040779809770632
AP001425.14	SRR10104246	1.1058002069903252
AP001425.14	SRR10104247	1.0564288046419525
AP001425.14	SRR10104248	1.0740857704182307
AP001425.14	SRR10104249	1.0271816644146015
AP001425.14	SRR10104250	1.153013547676236
AP001425.14	SRR10104251	1.0466047478518792
AP001425.14	SRR10104252	1.1796947867396619
AP001425.14	SRR10104253	1.0961853754741664
AP001425.14	SRR10104254	1.0372141130641137
AP001425.14	SRR10104255	1.0309957549391915
AP001425.14	SRR10104256	1.0293845436631004
AP001425.14	SRR10104257	1.037517112746005
AP001425.14	SRR10104258	1.0307926732391595
AP001425.14	SRR10224277	1.0244173062905177
AP001425.14	SRR10224278	1.0926635070500108
AP001425.14	SRR10224279	1.089250843220296
AP001425.14	SRR10224280	1.0227917534671278
AP001425.14	SRR10224281	1.0161102598101706
AP001425.14	SRR10224282	1.0501757282099426
AP001425.14	SRR10224283	1.042245924204279
AP001425.14	SRR10224284	1.1092008744415571
AP001425.14	SRR10224285	1.1279661106950958
AP001425.14	SRR10224286	1.0254224279077875
AP001425.14	SRR10224287	1.033803410459708
AP001425.14	SRR10224288	1.0962707234129587
AP001425.14	SRR10224289	1.0935047184878017
AP001425.14	SRR10224290	1.095529172881304
AP001425.14	SRR10224291	1.0312113499898703
AP001425.14	SRR10224292	1.0118581905327977
AP001425.14	SRR10224293	1.0306192603558113
AP001425.14	SRR10224294	1.0580047935764523
AP001425.14	SRR10224295	1.0860783600082067
AP001425.14	SRR10224296	1.0547229540206002
AP001425.14	SRR10224297	1.1274808217665389
AP001425.14	SRR10224298	1.0332224020270313
AP001425.14	SRR10318388	1.007335826080517
AP001425.14	SRR10318389	1.0047034125711976
AP001425.14	SRR10318390	1.0123022113887696
AP001425.14	SRR10318391	1.011851664163083
AP001425.14	SRR10318392	1.0138553266422912
AP001425.14	SRR10318393	1.0028083682939712
AP001425.14	SRR10318394	1.0131779337217366
AP001425.14	SRR10318395	1.0044169063073385
AP001425.14	SRR10318396	1.0079492911740628
AP001425.14	SRR10318397	1.0058194995827097
AP001425.14	SRR10318398	1.0034248015445335
AP001425.14	SRR10318399	1.0501074458020174
AP001425.14	SRR10318400	1.0147756454841836
AP001425.14	SRR10318401	1.0036053788169974
AP001425.14	SRR10318402	1.0042087153660115
AP001425.14	SRR10318403	1.004809174154462
AP001425.14	SRR10318404	1.0017262519502124
AP001425.14	SRR10318405	1.0024033193392368
AP001425.14	SRR10318406	1.0045332833268676
AP001425.14	SRR10318407	1.0098124708404557
AP001425.14	SRR10318408	1.0030026986051792
AP001425.14	SRR10318409	1.003152525939443
AP001425.14	SRR10318410	1.0040554922457436
AP001425.14	SRR10318411	1.0036365750295506
AP001425.14	SRR10318412	1.0048260094196193
AP001425.14	SRR10318413	1.0038166819322296
AP001425.14	SRR10318414	1.0058946208297335
AP001425.14	SRR10318415	1.006478060580776
AP001425.14	SRR10318416	1.009901553775856
AP001425.14	SRR10318417	1.0071565815090566
AP001425.14	SRR10318418	1.003747088789452
AP001425.14	SRR10318419	1.0039837461421828
AP001425.14	SRR10318420	1.0018010674864533
AP001425.14	SRR10318421	1.0047436199473785
AP001425.14	SRR10318422	1.002086827591817
AP001425.14	SRR10318423	1.0014712162978496
AP001425.14	SRR10318424	1.002086827591817
AP001425.14	SRR10318425	1.0064830045107445
AP001425.14	SRR10318426	1.0953414278907072
AP001425.14	SRR10318427	1.108018223770156
AP001425.14	SRR10318428	1.0013184108677915
AP001425.14	SRR10318429	1.0039837461421828
AP001425.14	SRR10318430	1.0085997241808262
AP001425.14	SRR10318431	1.0051501237216312
AP001425.14	SRR10318432	1.0016788397052576
AP001425.14	SRR10318433	1.2750020383966563
AP001425.14	SRR10318434	1.0030469387273355
AP001425.14	SRR10318435	1.00593898850787
AP001425.14	SRR10318436	1.0027334775314678
AP001425.14	SRR10318437	1.0007200381067656
AP001425.14	SRR10318438	1.0012604069024411
AP001425.14	SRR10318439	1.0041002874283278
AP001425.14	SRR10318440	1.0157338737818744
AP001425.14	SRR10318441	1.002760904831865
AP001425.14	SRR10318442	1.0286330408058433
AP001425.14	SRR10318443	1.0022777857742395
AP001425.14	SRR10318444	1.0084894405469222
AP001425.14	SRR10318445	1.012049840442984
AP001425.14	SRR10318446	1.0039498099915638
AP001425.14	SRR10318447	1.0104267982146213
AP001425.14	SRR10318448	1.0069124078551868
AP001425.14	SRR10318449	1.002086827591817
AP001425.14	SRR10318450	1.0051877008321608
AP001425.14	SRR10318451	1
AP001425.14	SRR10318452	1.006256696893515
AP001425.14	SRR10318453	1.0198040239242185
AP001425.14	SRR10318454	1.0047509679775968
AP001425.14	SRR10318455	1.0060173630328704
AP001425.14	SRR10318456	1.0065605922780039
AP001425.14	SRR10318457	1.001546012786343
AP001425.14	SRR10318458	1.0126930617379193
AP001425.14	SRR10318459	1.006445823745561
AP001425.14	SRR10318460	1.0039666308583417
AP001425.14	SRR10318461	1.0035136149744603
AP001425.14	SRR10318462	1.006666549360023
AP001425.14	SRR10318463	1.0030944157282213
AP001425.14	SRR10318464	1.0061954567107265
AP001425.14	SRR10318465	1.0009001286274537
AP001425.14	SRR10318466	1.0093704094610745
AP001425.14	SRR10318467	1.0050609507965924
AP001425.14	SRR10318468	1.0097343121328235
AP001425.14	SRR10318469	1.0035136149744603
AP001425.14	SRR10318470	1
AP001425.14	SRR10318471	1
AP001425.14	SRR10318472	1.0044000778964617
AP001425.14	SRR10318473	1.0038748339850176
AP001425.14	SRR10318474	1.0041780100330324
AP001425.14	SRR10318475	1.0039973297278573
AP001425.14	SRR10318476	1.0035749859475067
AP001425.14	SRR10318495	1.0010802515574013
AP001425.14	SRR10318496	1.0088054482891373
AP001425.14	SRR10318497	1.0054703162308267
AP001425.14	SRR10318498	1.0009001286274537
AP001425.14	SRR10318499	1.0010054898524368
AP001425.14	SRR10318500	1.005730776723367
AP001425.14	SRR10318501	1.0048260094196193
AP001425.14	SRR10318502	1.0005399799895063
AP001425.14	SRR10318503	1.0018010674864533
AP001425.14	SRR10318504	1.006604989330596
AP001425.14	SRR10318505	1.0005399799895063
AP001425.14	SRR10318506	1.0119197753671667
AP001425.14	SRR10318507	1.0119742595178156
AP001425.14	SRR10318508	1.0309684455084223
AP001425.14	SRR10318509	1.0068435936744917
AP001425.14	SRR10318510	1.007927987508717
AP001425.14	SRR10318511	1.0012604069024411
AP001425.14	SRR10318512	1.00761712043278
AP001425.14	SRR10318513	1.0033056112632286
AP001425.14	SRR10318514	1.0045976621199102
AP001425.14	SRR10318515	1.0119306087919657
AP001425.14	SRR10318516	1.005925378652516
AP001425.14	SRR10318517	1.0026279344264644
AP001425.14	SRR10318518	1.0071731309246519
AP001425.14	SRR10318519	1.0047192251993753
AP001425.14	SRR10318520	1.0019813525502068
AP001425.14	SRR10318521	1.00361925131193
AP001425.14	SRR10318522	1.0013658060526471
AP001425.14	SRR10318523	1.0022671640812284
AP001425.14	SRR10318524	1.0076746226166553
AP001425.14	SRR10318525	1.0061984068651417
AP001425.14	SRR10318526	1.0065161971835763
AP001425.14	SRR10318527	1.0003599542698447
AP001425.14	SRR10318528	1.0025362599557612
AP001425.14	SRR10318529	1.0022671640812284
AP001425.14	SRR10318530	1.0067403310744534
AP001425.14	SRR10318531	1.0089179773327999
AP001425.14	SRR10318532	1.0082536977318846
AP001425.14	SRR10318533	1.0231907162447254
AP001425.14	SRR10318534	1.0175665606361486
AP001425.14	SRR10318535	1.0154976077084612
AP001425.14	SRR10318536	1.0040554922457436
AP001425.14	SRR10318537	1.0108415032166953
AP001425.14	SRR10318538	1.0018317001382826
AP001425.14	SRR10318539	1.0072166853583673
AP001425.14	SRR10318540	1.0054502276354615
AP001425.14	SRR10318541	1.0070904892371237
AP001425.14	SRR10318542	1.0080340885316075
AP001425.14	SRR10318543	1.010007862549104
AP001425.14	SRR10318544	1.0024781854433447
AP001425.14	SRR10318545	1.0086306245764651
AP001425.14	SRR10318546	1.0014405946684066
AP001425.14	SRR10318547	1.0039530476880079
AP001425.14	SRR10318548	1.0048398987869123
AP001425.14	SRR10318549	1.0068752498555544
AP001425.14	SRR10318568	1.003152525939443
AP001425.14	SRR10318569	1.000825380374255
AP001425.14	SRR10318570	1.0106355959208053
AP001425.14	SRR10318571	1.000825380374255
AP001425.14	SRR10318572	1.0047509679775968
AP001425.14	SRR10318573	1.0014712162978496
AP001425.14	SRR10318574	1.0024307376089714
AP001425.14	SRR10318575	1.0046970709565088
AP001425.14	SRR10318576	1.0043070800365925
AP001425.14	SRR10318577	1.0028971271632066
AP001425.14	SRR10318578	1.0009001286274537
AP001425.14	SRR10318579	1.003152525939443
AP001425.14	SRR10318580	1.0013658060526471
AP001425.14	SRR10318581	1
AP001425.14	SRR10875803	0.8111500939089954
AP001425.14	SRR10875804	0.5526998687141053
AP001425.14	SRR10875805	0.5194067188592751
AP001425.14	SRR10875806	0.8631412234827924
AP001425.14	SRR10875807	0.9606906001395203
AP001425.14	SRR10875808	0.9089334807779137
AP001425.14	SRR10875809	0.6322609572630693
AP001425.14	SRR10875810	1.807292781683554
AP001425.14	SRR10875812	2
AP001425.14	SRR10875813	0.8096197169317331
AP001425.14	SRR10875814	1.0039973297278573
AP001425.14	SRR10875815	1
AP001425.14	SRR10875816	2
AP001425.14	SRR10875817	0.7672308450228666
AP001425.14	SRR10875818	2.1673113288765427
AP001425.14	SRR10875819	1
AP001425.14	SRR10875820	0.6201780358882866
AP001425.14	SRR10875821	0.9476438352519748
AP001425.14	SRR10875822	1.0201195316440086
AP001425.14	SRR10875823	1
AP001425.14	SRR10875824	0.6032339772747456
AP001425.14	SRR10875825	1.0017568823143634
AP001425.14	SRR10875826	0.8418328143680529
AP001425.14	SRR10875827	0.6376981960426702
AP001425.14	SRR10875829	0.7509930762994443
AP001425.14	SRR10875830	2
AP001425.14	SRR10875831	1.0035717494702923
AP001425.14	SRR10875832	1
AP001425.14	SRR10875834	1.0033362899203648
AP001425.14	SRR10875835	2
AP001425.14	SRR10875836	1.8750348534628665
AP001425.14	SRR10875837	0.8027033939846714
AP001425.14	SRR10875838	1
AP001425.14	SRR10875839	0.7386586543325293
AP001425.14	SRR10875840	0.8122515331036163
AP001425.14	SRR10875841	1.0038166819322296
AP001425.14	SRR10875842	0.6930808109926465
AP001425.14	SRR10875843	0.5512966967726888
AP001425.14	SRR10875844	0.7998780887339916
AP001425.14	SRR10875845	0.9004773375591886
AP001425.14	SRR10875846	1.0677796220453688
AP001425.14	SRR10875847	1.5054080682254962
AP001425.14	SRR10875848	1
AP001425.14	SRR10875849	0.9610581557698323
AP001425.14	SRR10875850	1.000179960941952
AP001425.14	SRR10875851	0.8712448993588919
AP001425.14	SRR10875852	0.806845693372095
AP001425.14	SRR10875853	1.002192313736413
AP001425.14	SRR10875854	1.6771277253840282
AP001425.14	SRR10875855	0.7288685075160425
AP001425.14	SRR10875856	0.6734806395790469
AP001425.14	SRR10875857	0.5786171871917298
AP001425.14	SRR10875858	0.9306989446855669
AP001425.14	SRR10875859	2
AP001425.14	SRR10875860	0.6526066699460261
AP001425.14	SRR10875861	0.5900856293905553
AP001425.14	SRR10875862	0.5796811780923556
AP001425.14	SRR10875863	1.0054141363639215
AP001425.14	SRR10875864	2
AP001425.14	SRR10875865	0.8428758251468422
AP001425.14	SRR10875866	0.7406085598109271
AP001425.14	SRR10875867	0.9579402303203833
AP001425.14	SRR10875868	0.6140196790576461
AP001425.14	SRR10875869	1
AP001425.14	SRR10875870	0.6740919321963792
AP001425.14	SRR10875871	1.000179960941952
AP001425.14	SRR10875872	0.583061422294388
AP001425.14	SRR10875873	0.8034134029872585
AP001425.14	SRR10875874	0.5839610857172621
AP001425.14	SRR10875875	0.9855354753510438
AP001425.14	SRR10875876	1
AP001425.14	SRR10875877	0.8053776302508535
AP001425.14	SRR10875878	1.0079184714668268
AP001425.14	SRR10875879	2
AP001425.14	SRR10875880	1.0039973297278573
AP001425.14	SRR10875881	0.7772391911693253
AP001425.14	SRR10875882	2
AP001425.14	SRR10875883	1.0064377837965335
AP001425.14	SRR10875884	0.9714906666798725
AP001425.14	SRR10875885	1.0018317001382826
AP001425.14	SRR10875886	1.0075249897799072
AP001425.14	SRR10875887	1
AP001425.14	SRR10875888	1.0282214633828897
AP001425.14	SRR10875889	1.0022324206205542
AP001425.14	SRR10875890	1.002192313736413
AP001425.14	SRR10875891	1
AP001425.14	SRR10875892	1.98638900177712
AP001425.14	SRR10875893	1
AP001425.14	SRR10875894	0.5185059307709611
AP001425.14	SRR10875895	2
AP001425.14	SRR10875896	1.0100794629576413
AP001425.14	SRR10875897	1.002553057138948
AP001425.14	SRR10875898	0.9457998595863732
AP001425.14	SRR10875899	0.8960758603955238
AP001425.14	SRR10875900	1.003735535910961
AP001425.14	SRR10875901	1.002192313736413
AP001425.14	SRR10875902	1.0046103866254328
AP001425.14	SRR12430469	1
AP001425.14	SRR12430470	0.8481658221594904
AP001425.14	SRR12430471	0.970004873293631
AP001425.14	SRR12430472	0.9602840264742334
AP001425.14	SRR12430473	1
AP001425.14	SRR12430474	0.6778864310961553
AP001425.14	SRR12430475	0.6500601847372958
AP001425.14	SRR12430476	1
AP001425.14	SRR12765534	1
AP001425.14	SRR12765535	1.0026279344264644
AP001425.14	SRR12765536	1.0046411051794415
AP001425.14	SRR12765537	1.0041780100330324
AP001425.14	SRR12765538	1.0342071735617993
AP001425.14	SRR12765539	1.031033395135802
AP001425.14	SRR12765540	1.0031250879275095
AP001425.14	SRR12765541	1.0094847905369881
AP001425.14	SRR12765542	1
AP001425.14	SRR12765543	1.0162479978865846
AP001425.14	SRR12765544	1.01152473160965
AP001425.14	SRR12765545	1.009281141666664
AP001425.14	SRR12765546	1.0301733653815839
AP001425.14	SRR12765547	1.0080459370173969
AP001425.14	SRR12765548	1.0204417187083
AP001425.14	SRR12765549	1.007608736799485
AP001425.14	SRR12765550	1.040062834884988
AP001425.14	SRR12765551	1.0135684904494011
AP001425.14	SRR12765552	1.0414272361609767
AP001425.14	SRR12765553	1.0443243125938797
AP001425.14	SRR12765554	1.031834253706366
AP001425.14	SRR12765555	1.0207139403659764
AP001425.14	SRR12765556	1.015364236413795
AP001425.14	SRR12765557	1.0104876136718064
AP001425.14	SRR12765558	1.0514952401037005
AP001425.14	SRR12765559	1.0019065235500912
AP001425.14	SRR12765560	1.0189547489838953
AP001425.14	SRR12765561	1.0028390317466211
AP001425.14	SRR12765562	1.015483444252062
AP001425.14	SRR12765563	1.007295005653179
AP001425.14	SRR12765564	1.002086827591817
AP001425.14	SRR12765565	1.0042530086827692
AP001425.14	SRR12765566	1.0070967496166072
AP001425.14	SRR12765567	1.0132187770818522
AP001425.14	SRR12765568	1.010279036701863
AP001425.14	SRR12765569	1.0114801175682104
AP001425.14	SRR12765570	1.0071209247328885
AP001425.14	SRR12765571	1.0111765551056255
AP001425.14	SRR12765572	1.006584008974975
AP001425.14	SRR12765573	1.0342120344840695
AP001425.14	SRR12765574	1.0069401334995287
AP001425.14	SRR12765575	1.0239395312536899
AP001425.14	SRR12765576	1.0248346620898081
AP001425.14	SRR12765577	1.0456385621694768
AP001425.14	SRR12765578	1.0151006524935662
AP001425.14	SRR12765579	1.0083832915957769
AP001425.14	SRR12765580	1.0113445817462805
AP001425.14	SRR12765581	1.015899942750325
AP001425.14	SRR12765582	1.0010054898524368
AP001425.14	SRR12765583	1.0087441767971732
AP001425.14	SRR12765584	1.0124182712247378
AP001425.14	SRR12765585	1.0109960581005948
AP001425.14	SRR12765586	1.005276670296832
AP001425.14	SRR12765587	1.011720751030811
AP001425.14	SRR12765588	1.0069509600211282
AP001425.14	SRR12765589	1.0181159328867537
AP001425.14	SRR12765590	1.029304711338354
AP001425.14	SRR12765591	1.0277391727573009
AP001425.14	SRR12765592	1.0165332338111508
AP001425.14	SRR12765593	1.0083598330411412
AP001425.14	SRR12765594	1.0232318310975639
AP001425.14	SRR12765595	1.011717488283927
AP001425.14	SRR12765596	1.0044103046586363
AP001425.14	SRR12765597	1.0080810177332105
AP001425.14	SRR12765598	1.0071752143448685
AP001425.14	SRR12765599	1.0030637444667863
AP001425.14	SRR12765600	1.0429920540407125
AP001425.14	SRR12765601	1.0217876140571718
AP001425.14	SRR12765602	1.0086614062004455
AP001425.14	SRR12765603	1.0098244476189677
AP001425.14	SRR12765604	1.0081376323189926
AP001425.14	SRR12765605	1.0076754926485763
AP001425.14	SRR12765606	1.0132711750064347
AP001425.14	SRR12765607	1.008593218827847
AP001425.14	SRR12765608	1.0088565751860703
AP001425.14	SRR12765609	1.0048050661427248
AP001425.14	SRR12765610	1.0087569538235717
AP001425.14	SRR12765611	1.0055084743211022
AP001425.14	SRR12765612	1.0045394681954278
AP001425.14	SRR12765613	1.00593898850787
AP001425.14	SRR12765614	1.0046759321397467
AP001425.14	SRR12765615	1.009158682616779
AP001425.14	SRR12765616	1.0061232629310637
AP001425.14	SRR12765617	1.0084894405469222
AP001425.14	SRR12765618	1.0231825824178566
AP001425.14	SRR12765619	1.0217630104420437
AP001425.14	SRR12765620	1.0080003107853246
AP001425.14	SRR12765621	1.0025837127848007
AP001425.14	SRR12765622	1.0218357740976558
AP001425.14	SRR12765623	1
AP001425.14	SRR12765624	1.0039625262912164
AP001425.14	SRR12765625	1.0082543784817941
AP001425.14	SRR12765626	1.0049530838846117
AP001425.14	SRR12765627	1.0005399799895063
AP001425.14	SRR12765628	1.0416041512779368
AP001425.14	SRR12765629	1.032192677516494
AP001425.14	SRR12765630	1.0017568823143634
AP001425.14	SRR12765631	1.0059866023975144
AP001425.14	SRR12765632	1.0065683082237227
AP001425.14	SRR12765633	1.0193139826231485
AP001425.14	SRR12765634	1.0054407349865786
AP001425.14	SRR12765635	1.0231147071349238
AP001425.14	SRR12765636	1.0122042835346428
AP001425.14	SRR12765637	1.0354033667153832
AP001425.14	SRR12765638	1
AP001425.14	SRR12765639	1.0309424981168878
AP001425.14	SRR12765640	1.00503432833736
AP001425.14	SRR12765641	1.0187981972446098
AP001425.14	SRR12765642	1.002447533024164
AP001425.14	SRR12765643	1.013978378378916
AP001425.14	SRR12765644	1.0035749859475067
AP001425.14	SRR12765645	1.0285351424147229
AP001425.14	SRR12765646	1.0068169239958968
AP001425.14	SRR12765647	1.0290114300454762
AP001425.14	SRR12765648	1.011871601394981
AP001425.14	SRR12765649	1.0494646804633012
AP001425.14	SRR12765650	1.0180274394060935
AP001425.14	SRR12765651	1.028219710920449
AP001425.14	SRR12765652	1.010584658765189
AP001425.14	SRR12774664	1.0053041671599932
AP001425.14	SRR12774665	1.0134052600429255
AP001425.14	SRR12774666	1.0106554920283504
AP001425.14	SRR12774667	1.014927231447063
AP001425.14	SRR12774668	2.106208896297857
AP001425.14	SRR12774669	1.0184124073990244
AP001425.14	SRR12774670	1.0489095745502544
AP001425.14	SRR12774671	1.0483423562302514
AP001425.14	SRR12774672	1.006184793499986
AP001425.14	SRR12774673	1.0142142606674132
AP001425.14	SRR12774674	1.0242203683654911
AP001425.14	SRR12774675	1.0343842942005177
AP001425.14	SRR12774676	1.0065437279509373
AP001425.14	SRR12774677	1.010883125191728
AP001425.14	SRR12774678	1.043754043143823
AP001425.14	SRR12774679	1.0232632446385574
AP001425.14	SRR12774680	1.0140488490623458
AP001425.14	SRR12774681	1.008705895915066
AP001425.14	SRR12774682	1.010589221555441
AP001425.14	SRR12774683	1.007131661704458
AP001425.14	SRR12774684	2.010572322793468
AP001425.14	SRR12774685	1.0073683070661372
AP001425.14	SRR12774686	1.0179757410447914
AP001425.14	SRR12774687	1.029309138639411
AP001425.14	SRR1609360	1.0493034237080798
AP001425.14	SRR1609361	1.025908504185614
AP001425.14	SRR1609362	1.0680988542222165
AP001425.14	SRR1609363	1.0073745093898177
AP001425.14	SRR1609364	1.0085688845855312
AP001425.14	SRR1609365	1.0143165793620785
AP001425.14	SRR1609366	1.0056861235945007
AP001425.14	SRR1609367	1.0026726659196274
AP001425.14	SRR1609368	1.0055560678333126
AP001425.14	SRR1609369	1.0009001286274537
AP001425.14	SRR1609370	1.002086827591817
AP001425.14	SRR1609371	1.0301143575969267
AP001425.14	SRR1609372	1.0007200381067656
AP001425.14	SRR1609373	1.007497432173284
AP001425.14	SRR1609374	1.0026279344264644
AP001425.14	SRR1609375	1.0065256999862005
AP001425.14	SRR1609376	1.016088421058133
AP001425.14	SRR1609377	1.005286161396734
AP001425.14	SRR1609378	1.017406841761654
AP001425.14	SRR1609379	1.0018010674864533
AP001425.14	SRR1609380	1.0158653061982168
AP001425.14	SRR1609381	1.0007200381067656
AP001425.14	SRR1609382	1.01426559739414
AP001425.14	SRR1609383	1.0104290785566081
AP001425.14	SRR1609384	1.0096415363823084
AP001425.14	SRR1609385	1.0073364170587717
AP001425.14	SRR1609386	1.006604989330596
AP001425.14	SRR1609387	1.0073913876363687
AP001425.14	SRR1609388	1.012676094664956
AP001425.14	SRR1609389	1.0025224024304422
AP001425.14	SRR1609390	1.0128241006838015
AP001425.14	SRR1609391	1.0636252817179657
AP001425.14	SRR1609392	1.0154386556086927
AP001425.14	SRR1609393	1.04478101167958
AP001425.14	SRR1609394	1.0276985045907725
AP001425.14	SRR1609395	1.0054817166017682
AP001425.14	SRR1609396	1.0010802515574013
AP001425.14	SRR1609397	1.0145310136075893
AP001425.14	SRR1609398	1.0046103866254328
AP001425.14	SRR1609399	1.0038093407347115
AP001425.14	SRR1609400	1.002192313736413
AP001425.14	SRR1609401	1.0106596239587748
AP001425.14	SRR1609402	1.0044644481525995
AP001425.14	SRR1609403	1.0031693334479748
AP001425.14	SRR1609404	1.0119457665502067
AP001425.14	SRR1609405	1.0066008739769374
AP001425.14	SRR1609406	1.0039364414686416
AP001425.14	SRR1609407	1.0022978109851632
AP001425.14	SRR1609408	1.0077848171459254
AP001425.14	SRR1609409	1.0185880328867178
AP001425.14	SRR1609410	1
AP001425.14	SRR1609411	1.0525644977244093
AP001425.14	SRR1609412	1
AP001425.14	SRR1609413	0.9604328801072967
AP001425.14	SRR1609414	1.001620814861132
AP001425.14	SRR1609415	1.000179960941952
AP001425.14	SRR1609416	1.0026279344264644
AP001425.14	SRR1609417	1.0067109510861363
AP001425.14	SRR1609418	1.0014405946684066
AP001425.14	SRR1609419	1.004874249096593
AP001425.14	SRR1609420	1.004672692112038
AP001425.14	SRR1609421	1.0064410295165898
AP001425.14	SRR1609422	1.016487712556713
AP001425.14	SRR1609423	1.0538854443534305
AP001425.14	SRR1609424	1.0787454114562254
AP001425.14	SRR1609425	1.001620814861132
AP001425.14	SRR1609426	1.0047202460643523
AP001425.14	SRR1609427	1.0051433662901192
AP001425.14	SRR1609428	1.0086302692225169
AP001425.14	SRR1609429	1.0012604069024411
AP001425.14	SRR1609430	1.0040989118595525
AP001425.14	SRR1609431	1.0073246414522423
AP001425.14	SRR1609432	1.001501838863628
AP001425.14	SRR1609433	1.0082248728722447
AP001425.14	SRR1609434	1.0150033277731985
AP001425.14	SRR1609435	1.0044783325221545
AP001425.14	SRR1609436	1.0032401551492713
AP001425.14	SRR1609437	1.0214548244785666
AP001425.14	SRR1609438	1.032283347644643
AP001425.14	SRR1609439	1.0147013578735862
AP001425.14	SRR1609440	1.0025224024304422
AP001425.14	SRR1609441	1.0022671640812284
AP001425.14	SRR1609442	1.0072027631380178
AP001425.14	SRR1609443	1.0086306245764651
AP001425.14	SRR1609444	1.0005399799895063
AP001425.14	SRR1609445	1.0035077604181182
AP001425.14	SRR1609446	1.0110032156633706
AP001425.14	SRR1609447	1.2338363336906928
AP001425.14	SRR1609448	1.0088227698794638
AP001425.14	SRR1609449	1.0024781854433447
AP001425.14	SRR1609450	1.002042629816068
AP001425.14	SRR1609451	1.0128607888336665
AP001425.14	SRR1609452	1.2632705659263332
AP001425.14	SRR1609453	2.003663400276565
AP001425.14	SRR1609454	1.0160098618742288
AP001425.14	SRR1609455	1.2516237980743048
AP001425.14	SRR1609456	1.0048325501063176
AP001425.14	SRR1609457	1.0065683082237227
AP001425.14	SRR1609458	1.240500376538707
AP001425.14	SRR1609459	1.003891653595596
AP001425.14	SRR1609460	1.0096415363823084
AP001425.14	SRR1609461	1.0016820700779165
AP001425.14	SRR1609462	1.003694208229873
AP001425.14	SRR1609463	1.0064345380869446
AP001425.14	SRR1609464	1.0111087674076973
AP001425.14	SRR1609465	1.0119474539360775
AP001425.14	SRR1609466	1.1215996409238542
AP001425.14	SRR1609467	1.0119457665502067
AP001425.14	SRR1609468	1.0016655014224112
AP001425.14	SRR1609469	1.000179960941952
AP001425.14	SRR1609470	1.0048260094196193
AP001425.14	SRR1609471	1.002106396941657
AP001425.14	SRR1609472	1.0870773664114952
AP001425.14	SRR1609473	1.057486599398644
AP001425.14	SRR1609474	1.002553057138948
AP001425.14	SRR1609475	1.0217687791754089
AP001425.14	SRR1609476	0.9533092125603889
AP001425.14	SRR1609477	2.0112874527397646
AP001425.14	SRR1609478	1.0229981829413575
AP001425.14	SRR1609479	1.0103886436623135
AP001425.14	SRR1609480	1
AP001425.14	SRR1609481	1.0104258199753007
AP001425.14	SRR1609482	1.0036360666403
AP001425.14	SRR1609483	1.0045226377310994
AP001425.14	SRR1609484	1.0079009294287338
AP001425.14	SRR1609485	1.0009001286274537
AP001425.14	SRR1609486	1.0032442567630784
AP001425.14	SRR1609487	1.003891653595596
AP001425.14	SRR1609488	1.0014405946684066
AP001425.14	SRR1609489	1.002192313736413
AP001425.14	SRR1609490	1.0163926080188865
AP001425.14	SRR1609491	1.0035263257491491
AP001425.14	SRR1609492	1
AP001425.14	SRR1609493	1.0044698249429356
AP001425.14	SRR1609494	1.005934875877056
AP001425.14	SRR1609495	1.0022324206205542
AP001425.14	SRR1609496	1.000825380374255
AP001425.14	SRR1609497	1.0009001286274537
AP001425.14	SRR1609498	1.0003599542698447
AP001425.14	SRR1609499	1.0020974473736823
AP001425.14	SRR1609500	1.0017262519502124
AP001425.14	SRR1609501	1.001283700295524
AP001425.14	SRR1609502	1.012926575887802
AP001425.14	SRR1609503	1.2571824597395216
AP001425.14	SRR1609504	1
AP001425.14	SRR1609505	1
AP001425.14	SRR1609506	1.0196933955833136
AP001425.14	SRR1609507	1.006044880155854
AP001425.14	SRR1609508	1.0005399799895063
AP001425.14	SRR1609509	1.0063277365563505
AP001425.14	SRR1609510	1.0056036635982566
AP001425.14	SRR1609511	1.036975445845237
AP001425.14	SRR1609512	1.0033056112632286
AP001425.14	SRR1609513	1.0032006852758386
AP001425.14	SRR1609514	1.0495788046288395
AP001425.14	SRR1609515	1.0019813525502068
AP001425.14	SRR1609516	3.012534030099097
AP001425.14	SRR1609517	1.022496948951921
AP001425.14	SRR1609518	1.001620814861132
AP001425.14	SRR1609519	1.0016788397052576
AP001425.14	SRR1609520	2.1579004888786444
AP001425.14	SRR1609521	2.003233439769048
AP001425.14	SRR1609522	1.0240545069445746
AP001425.14	SRR1609523	1.0047341339697147
AP001425.14	SRR1609524	1.016716170089433
AP001425.14	SRR1609525	1.0055187761067101
AP001425.14	SRR1609526	1.0203729733474096
AP001425.14	SRR1609527	1
AP001425.14	SRR1609528	1.0086549004496244
AP001425.14	SRR1609529	1.0253301392642815
AP001425.14	SRR1609530	1.0047952852118593
AP001425.14	SRR1609531	1.003794007351424
AP001425.14	SRR1609532	1.0072060113251007
AP001425.14	SRR1609533	1.03822663399045
AP001425.14	SRR1609534	1.0012910230221785
AP001425.14	SRR1609535	1.0442329013337999
AP001425.14	SRR1609536	1.0107618801660179
AP001425.14	SRR1609537	1.0038432721370993
AP001425.14	SRR1609538	1
AP001425.14	SRR1609539	1.0061942931737347
AP001425.14	SRR1609540	1
AP001425.14	SRR1609541	1.1002496061772749
AP001425.14	SRR1609542	1.002342020016362
AP001425.14	SRR1609543	1.002011990714717
AP001425.14	SRR1609544	1.0058458481595676
AP001425.14	SRR1609545	1.2589199686412367
AP001425.14	SRR1609546	1
AP001425.14	SRR1609547	1.005170859507078
AP001425.14	SRR1609548	1.017997257080447
AP001425.14	SRR1609549	1.0106959376016895
AP001425.14	SRR1609550	1
AP001425.14	SRR1609551	1.0113111021667518
AP001425.14	SRR1609552	1.0044644481525995
AP001425.14	SRR1609553	1.002611135988753
AP001425.14	SRR1609554	1.0090402771254097
AP001425.14	SRR1609555	1.0034386715434078
AP001425.14	SRR1609556	1.0221686455571868
AP001425.14	SRR1609557	1.0063043258211806
AP001425.14	SRR1609558	1.0042943593727842
AP001425.14	SRR1609559	1.0424968298454986
AP001425.14	SRR1609560	1.0071216685573643
AP001425.14	SRR1609561	1.0025394930935652
AP001425.14	SRR1609562	1.0009887185978241
AP001425.14	SRR1609563	1.0044644481525995
AP001425.14	SRR1609564	1.0009001286274537
AP001425.14	SRR1609565	1.0247858558816332
AP001425.14	SRR1609566	1.0033498647461594
AP001425.14	SRR1609567	1.2581113184722956
AP001425.14	SRR1609568	1
AP001425.14	SRR1609569	1
AP001425.14	SRR1609570	1.01776654532237
AP001425.14	SRR1609571	1.024176000194289
AP001425.14	SRR1609572	1.0132366280807228
AP001425.14	SRR1609573	1.0198308819278206
AP001425.14	SRR1609574	1.0051093909426065
AP001425.14	SRR1609575	1.0732532216417159
AP001425.14	SRR1609576	1.0039837461421828
AP001425.14	SRR1609577	1.004201371301441
AP001425.14	SRR1609578	1.0017663401829568
AP001425.14	SRR1609579	1.006701382721769
AP001425.14	SRR1609580	1.007678742360192
AP001425.14	SRR1609581	1.0418042391137226
AP001425.14	SRR1609582	1.0082780243695308
AP001425.14	SRR1609583	1.0357598428330377
AP001425.14	SRR1609584	1.002011990714717
AP001425.14	SRR1609585	1.0008833591381059
AP001425.14	SRR1609586	1.077969249642432
AP001425.14	SRR1609587	1.0120049067559673
AP001425.14	SRR1609588	1.0134052600429255
AP001425.14	SRR1609589	1.0026279344264644
AP001425.14	SRR1609590	1.0002852463574239
AP001425.14	SRR1609591	1.0032708318049182
AP001425.14	SRR1609592	1.0068449730033533
AP001425.14	SRR1609593	1.005535917850999
AP001425.14	SRR1609594	1.0253331007022206
AP001425.14	SRR1609595	2.0486124192547837
AP001425.14	SRR1609596	1.0026279344264644
AP001425.14	SRR1609597	1.0042087153660115
AP001425.14	SRR1609598	1.0275370706123974
AP001425.14	SRR1609599	2.0424356303081526
AP001425.14	SRR1609600	1.0308747019327569
AP001425.14	SRR1609601	1.028163738385504
AP001425.14	SRR1609602	1.1632163838991925
AP001425.14	SRR1609603	1
AP001425.14	SRR1609604	1.0069981117179123
AP001425.14	SRR1609605	1.007566475195609
AP001425.14	SRR1609606	1.0160829820750323
AP001425.14	SRR1609607	1.0049720004236289
AP001425.14	SRR1609608	1.019977620097426
AP001425.14	SRR1609609	1.0324178632829317
AP001425.14	SRR1609610	1
AP001425.14	SRR1609611	1.0171349305854593
AP001425.14	SRR1609612	1.002342020016362
AP001425.14	SRR1609613	1.000825380374255
AP001425.14	SRR1609614	1.0113691465526504
AP001425.14	SRR1609615	1.0031693334479748
AP001425.14	SRR1609616	1
AP001425.14	SRR1609617	1
AP001425.14	SRR1609618	1.0032000079380652
AP001425.14	SRR1609619	1.0036360666403
AP001425.14	SRR1609620	1.0125434290578252
AP001425.14	SRR1609621	1.0085252077511602
AP001425.14	SRR1609622	1.0396027374078705
AP001425.14	SRR1609623	1.019001303004751
AP001425.14	SRR1609624	1.233166099790781
AP001425.14	SRR1609625	1.001546012786343
AP001425.14	SRR1609626	1.007678742360192
AP001425.14	SRR1609627	1.0053993370958376
AP001425.14	SRR1609628	1.0019065235500912
AP001425.14	SRR1609629	1.0160549733839008
AP001425.14	SRR1609630	1.0027915668331973
AP001425.14	SRR1609631	1
AP001425.14	SRR1609632	1
AP001425.14	SRR1609633	1.003584460981328
AP001425.14	SRR1609634	1.0083088550710244
AP001425.14	SRR1609635	1.0249305070581083
AP001425.14	SRR1609636	1.033526030779779
AP001425.14	SRR1609637	1.0040554922457436
AP001425.14	SRR1609638	1.0243215512558148
AP001425.14	SRR1609639	1.005532675049881
AP001425.14	SRR1609640	1.000179960941952
AP001425.14	SRR1609641	1.000179960941952
AP001425.14	SRR1609642	1
AP001425.14	SRR1609643	1.0117732409494398
AP001425.14	SRR1609644	1.0010455492408952
AP001425.14	SRR1609645	1.0031693334479748
AP001425.14	SRR1609646	1.002342020016362
AP001425.14	SRR1609647	1.0206670235973925
AP001425.14	SRR1609648	1.003631963424637
AP001425.14	SRR1609649	1.0081274315088424
AP001425.14	SRR1609650	1.007432382777943
AP001425.14	SRR1609651	1.003394628447702
AP001425.14	SRR1609652	1.0035304285329265
AP001425.14	SRR1609653	1.0508063334876938
AP001425.14	SRR1609654	1.034357970588471
AP001425.14	SRR1609655	1.0068308408829232
AP001425.14	SRR1609656	1.014313308243783
AP001425.14	SRR1609657	1.0128509294871268
AP001425.14	SRR1609658	1.020049628429351
AP001425.14	SRR1609659	1.0079661790509038
AP001425.14	SRR1609660	1.0039223501724883
AP001425.14	SRR1609661	1.0014712162978496
AP001425.14	SRR1609662	1.0046759321397467
AP001425.14	SRR1609663	1.0026585923618834
AP001425.14	SRR1609664	1.0072181752717069
AP001425.14	SRR1609665	1
AP001425.14	SRR1609666	1.016634410174343
AP001425.14	SRR1609667	1.002883264649812
AP001425.14	SRR1609668	1.1259515593418852
AP001425.14	SRR1609669	1.0192408475989563
AP001425.14	SRR1746771	0.578657424876487
AP001425.14	SRR1746772	0.5855136605611979
AP001425.14	SRR1746773	0.7575803276764543
AP001425.14	SRR1746774	0.5353724223595819
AP001425.14	SRR1746775	0.46877982774425603
AP001425.14	SRR1746776	0.8118965753799068
AP001425.14	SRR1746777	0.7129808466104358
AP001425.14	SRR1746778	0.538514752237741
AP001425.14	SRR1746779	0.5934561762928517
AP001425.14	SRR1746780	0.528378273651414
AP001425.14	SRR1746781	1.467549999002131
AP001425.14	SRR1746782	1.0044644481525995
AP001425.14	SRR1746783	1
AP001425.14	SRR1746784	0.9968262288032627
AP001425.14	SRR1782685	1.0161405129641194
AP001425.14	SRR1782686	1.0241060513820852
AP001425.14	SRR1782687	1.0122161471354907
AP001425.14	SRR1782688	1.0167551838847384
AP001425.14	SRR1782689	1.0178762408450857
AP001425.14	SRR1782690	1.0202611034833844
AP001425.14	SRR1782691	2.0034525039004247
AP001425.14	SRR1782692	1.008267339088667
AP001425.14	SRR1782693	1.0088465649237228
AP001425.14	SRR1782694	1.0160829820750323
AP001425.14	SRR1782695	1.0007200381067656
AP001425.14	SRR1782696	1.0033707140904828
AP001425.14	SRR1782697	1.0088260831599443
AP001425.14	SRR1782698	1.002086827591817
AP001425.14	SRR1782699	2.0484155580656553
AP001425.14	SRR1782700	1.0075703770631752
AP001425.14	SRR1782701	1.006233967196753
AP001425.14	SRR1782702	1.0106664184752785
AP001425.14	SRR1782703	1.003891653595596
AP001425.14	SRR1782704	1.0158440725472526
AP001425.14	SRR1782705	1.0242058267974272
AP001425.14	SRR1782706	1.002553057138948
AP001425.14	SRR1782707	1.0038166819322296
AP001425.14	SRR1782708	1.0527335559349638
AP001425.14	SRR1782709	1.0493889346936112
AP001425.14	SRR1782710	1
AP001425.14	SRR1782711	1.0112110690582374
AP001425.14	SRR1782712	1.0118242846464562
AP001425.14	SRR1782713	1.0217630104420437
AP001425.14	SRR1782714	1.0870554088778994
AP001425.14	SRR1782715	1.0024781854433447
AP001425.14	SRR1782716	1.0149213103030237
AP001425.14	SRR1782717	1.000825380374255
AP001425.14	SRR1782718	1.0143344497021496
AP001425.14	SRR1782719	1.007268477791188
AP001425.14	SRR1782720	1.0173889776699079
AP001425.14	SRR1782721	1.1215287864396823
AP001425.14	SRR1782722	1.0008833591381059
AP001425.14	SRR1782723	1.002192313736413
AP001425.14	SRR1782724	1.011129842073421
AP001425.14	SRR1782725	1.0685748274292985
AP001425.14	SRR1782726	1.0074358213334167
AP001425.14	SRR1782727	1
AP001425.14	SRR1782728	1.0303050804635
AP001425.14	SRR1782729	0.9529845937579666
AP001425.14	SRR1782730	1.0013658060526471
AP001425.14	SRR1782731	1.032101634718041
AP001425.14	SRR1782732	1.079233440701315
AP001425.14	SRR1782733	1.0096575808681731
AP001425.14	SRR1782734	1.0062386740697231
AP001425.14	SRR1782735	1.004578209610595
AP001425.14	SRR1782736	1.0182654097647936
AP001425.14	SRR1782737	1.001620814861132
AP001425.14	SRR1782738	1.049672343546831
AP001425.14	SRR1782739	1.0104534576807476
AP001425.14	SRR1782740	1.0115791944902102
AP001425.14	SRR1782741	1.0543086561909183
AP001425.14	SRR1782742	1
AP001425.14	SRR1782743	1.002011990714717
AP001425.14	SRR1782744	1.0050174895819426
AP001425.14	SRR1782745	1.0120275763195707
AP001425.14	SRR1782746	1.0198965760233896
AP001425.14	SRR1782747	1.0072992776231908
AP001425.14	SRR1782748	1.014641893603255
AP001425.14	SRR1782749	1.0126805916371509
AP001425.14	SRR1782750	1.0013658060526471
AP001425.14	SRR1782751	1.015483444252062
AP001425.14	SRR1782752	1.0066496832577085
AP001425.14	SRR1782753	1.0009581117215416
AP001425.14	SRR1782754	1.0083102826852068
AP001425.14	SRR1782755	1.0026860176139818
AP001425.14	SRR1782756	1.045262315535892
AP001425.14	SRR1782757	1.0014405946684066
AP001425.14	SRR1782758	1.0017262519502124
AP001425.14	SRR1782759	1.0044296285233594
AP001425.14	SRR1782760	1.0142062491689723
AP001425.14	SRR1782761	5.616754620978355
AP001425.14	SRR1782762	1.0642762539094746
AP001425.14	SRR1782763	1.0054670736412705
AP001425.14	SRR1782764	1.0011509257737932
AP001425.14	SRR1782765	1.0032000079380652
AP001425.14	SRR1782766	1.0106768533425006
AP001425.14	SRR1782767	1.0096583926938514
AP001425.14	SRR1782768	1.0064574381144438
AP001425.14	SRR1782769	1.0085350889190154
AP001425.14	SRR1782770	1.0046452125208463
AP001425.14	SRR1782771	1.0066334970935034
AP001425.14	SRR1782772	1.005368595357641
AP001425.14	SRR1782773	1.0043587228536055
AP001425.14	SRR1782774	1.002553057138948
AP001425.14	SRR1782775	1.0200306175184897
AP001425.14	SRR1782776	1.0146067854880492
AP001425.14	SRR1782777	1.000179960941952
AP001425.14	SRR1782778	1.0018317001382826
AP001425.14	SRR1782779	1.0282078532888332
AP001425.14	SRR1782780	1.0128988705381583
AP001425.14	SRR1782781	1.0344998484090346
AP001425.14	SRR1782782	1.0205283876020228
AP001425.14	SRR1782783	1.0063318507933232
AP001425.14	SRR1782784	1.00334576270059
AP001425.14	SRR1782785	1.0010802515574013
AP001425.14	SRR1782786	1.0250860802347106
AP001425.14	SRR1782787	1
AP001425.14	SRR1782788	1.0037110248141228
AP001425.14	SRR1782789	1.0170195557347703
AP001425.14	SRR1782790	1.0055938748937177
AP001425.14	SRR1782791	1.0059251235048385
AP001425.14	SRR1782792	1.0068477100204776
AP001425.14	SRR1782793	1.0369712333325636
AP001425.14	SRR1782794	1.0068444629888977
AP001425.14	SRR1782795	2.0424356303081526
AP001425.14	SRR1782796	2.159205383226404
AP001425.14	SRR1782797	1.0253628024973167
AP001425.14	SRR1782798	1.0193000353281811
AP001425.14	SRR1782799	1.001620814861132
AP001425.14	SRR1782800	1.0017663401829568
AP001425.14	SRR1782801	1.0055634218052374
AP001425.14	SRR1782802	1.007377758130775
AP001425.14	SRR1782803	1.0036667554019618
AP001425.14	SRR1782804	1.0027028173063115
AP001425.14	SRR1782805	1.0018010674864533
AP001425.14	SRR1782806	1.0026585923618834
AP001425.14	SRR1782807	1.0351820922376846
AP001425.14	SRR1782808	1.0262987270047477
AP001425.14	SRR1782809	1.0134179413952518
AP001425.14	SRR1782810	1.016644694920719
AP001425.14	SRR1782811	1.0030944157282213
AP001425.14	SRR1782812	1.0125567250497436
AP001425.14	SRR1782813	1.006256696893515
AP001425.14	SRR1782814	1.0129566741382754
AP001425.14	SRR1782815	1.062121334894591
AP001425.14	SRR1782816	1.0005399799895063
AP001425.14	SRR1782817	1.0034661181326476
AP001425.14	SRR1782818	1.0133808698401505
AP001425.14	SRR1782819	1.027675196028744
AP001425.14	SRR1782820	1.0355877525178163
AP001425.14	SRR1782821	1.0027028173063115
AP001425.14	SRR1782822	1.0078594513453938
AP001425.14	SRR1782823	1.0037859885863174
AP001425.14	SRR1782824	2.0113657606179536
AP001425.14	SRR1782825	1.005809645020963
AP001425.14	SRR1782826	1.0068169239958968
AP001425.14	SRR1782827	1.0132807415847052
AP001425.14	SRR1782828	1
AP001425.14	SRR1782829	1
AP001425.14	SRR1782830	1.0393262126274254
AP001425.14	SRR1782831	1.0734003069580385
AP001425.14	SRR1782832	1.0325772296717781
AP001425.14	SRR1782833	1.023057146473477
AP001425.14	SRR1782834	1.000179960941952
AP001425.14	SRR1782835	1.1149797381951183
AP001425.14	SRR1782836	0.5562704904398946
AP001425.14	SRR1782837	1.0276203307721452
AP001425.14	SRR1782838	1.0129819287449684
AP001425.14	SRR1782839	1.013725326520963
AP001425.14	SRR1782840	1.0083257489722468
AP001425.14	SRR1782841	1.0148514356353688
AP001425.14	SRR1782842	1
AP001425.14	SRR1782843	1.0241487491844126
AP001425.14	SRR1782844	1.000179960941952
AP001425.14	SRR1782845	1.0187962690189396
AP001425.14	SRR1782846	1.0054215004022353
AP001425.14	SRR1782847	1.2337368978097534
AP001425.14	SRR1782848	1.2335837199439401
AP001425.14	SRR1782849	1.2403822504664612
AP001425.14	SRR1782850	1.2517458229536382
AP001425.14	SRR1782851	1.2634697131512598
AP001425.14	SRR1782852	1.2639231424855961
AP001425.14	SRR1782853	1.2584335321033158
AP001425.14	SRR1782854	1.0032749335441427
AP001425.14	SRR1782855	1.0024033193392368
AP001425.14	SRR1782856	1.0052935133947416
AP001425.14	SRR1782857	1.0069866303229194
AP001425.14	SRR1782858	1.0010054898524368
AP001425.14	SRR1782859	1.001620814861132
AP001425.14	SRR1782860	1.0022671640812284
AP001425.14	SRR1782861	2.0037182055455687
AP001425.14	SRR1782862	1.0046056873690874
AP001425.14	SRR1782863	1.002611135988753
AP001425.14	SRR1782864	1.0129045923036408
AP001425.14	SRR1782865	1.0042361830179003
AP001425.14	SRR1782866	1.0035136149744603
AP001425.14	SRR1782867	1.0165396388547423
AP001425.14	SRR1782868	1.0036360666403
AP001425.14	SRR1782869	1.0034248015445335
AP001425.14	SRR1782870	1.0024781854433447
AP001425.14	SRR1782871	1.0052491741857592
AP001425.14	SRR1782872	1.0027028173063115
AP001425.14	SRR1782873	1.004614493841249
AP001425.14	SRR1782874	1.006441613669879
AP001425.14	SRR1782875	1.0051528561314607
AP001425.14	SRR1782876	1.0039362270488077
AP001425.14	SRR1782877	1.0033853244066688
AP001425.14	SRR1782878	1.0078282441722788
AP001425.14	SRR1782879	1.0143624914943958
AP001425.14	SRR1782880	3.012708549053701
AP001425.14	SRR1782881	1.0041611856247215
AP001425.14	SRR1782882	1.003529408876886
AP001425.14	SRR1782883	1.0018010674864533
AP001425.14	SRR1782884	1.0007200381067656
AP001425.14	SRR1782885	1
AP001425.14	SRR1782886	1.0055495224370705
AP001425.14	SRR1782887	1.0009001286274537
AP001425.14	SRR1782888	1.0032442567630784
AP001425.14	SRR1782889	1.0043144248742466
AP001425.14	SRR1782890	1.001546012786343
AP001425.14	SRR1782891	1.0007200381067656
AP001425.14	SRR1782892	1.0018317001382826
AP001425.14	SRR1782893	1.0038748339850176
AP001425.14	SRR1782894	1.011191678825168
AP001425.14	SRR1782895	1.0036667554019618
AP001425.14	SRR1782896	1.0021448794325023
AP001425.14	SRR1782897	1.0027530595094736
AP001425.14	SRR1782898	1.0022671640812284
AP001425.14	SRR1782899	1.0037625733547102
AP001425.14	SRR1782900	1.0010054898524368
AP001425.14	SRR1782901	1.0009828787718729
AP001425.14	SRR1782902	1
AP001425.14	SRR1782903	1.002553057138948
AP001425.14	SRR1782904	1
AP001425.14	SRR1782905	1.002086827591817
AP001425.14	SRR1782906	1.0063487115704537
AP001425.14	SRR1782907	1.0048842199437062
AP001425.14	SRR1782908	1.0030501735120572
AP001425.14	SRR1782909	1.0034248015445335
AP001425.14	SRR1782910	1
AP001425.14	SRR1782911	1.0069060376635988
AP001425.14	SRR1782912	0.9538079228387495
AP001425.14	SRR1782913	1
AP001425.14	SRR1782914	1.0027028173063115
AP001425.14	SRR1782915	1
AP001425.14	SRR1782916	1.0105701140314456
AP001425.14	SRR1782917	1.0032306833661075
AP001425.14	SRR1782918	1.0010802515574013
AP001425.14	SRR1782919	1
AP001425.14	SRR1782920	1.0010054898524368
AP001425.14	SRR1782921	1.002086827591817
AP001425.14	SRR1782922	1.1863691226303883
AP001425.14	SRR1782923	1.0055761585433334
AP001425.14	SRR1782924	1.0051265257078354
AP001425.14	SRR1782925	1.0034829308953188
AP001425.14	SRR1782926	1.0073409688920356
AP001425.14	SRR1782927	1.0028390317466211
AP001425.14	SRR1782928	1.0071660004775882
AP001425.14	SRR1782929	1.0086240591672244
AP001425.14	SRR1782930	1.0028390317466211
AP001425.14	SRR1782931	1.002669218203121
AP001425.14	SRR1782932	1.003731881663257
AP001425.14	SRR1782933	1.0649351792796355
AP001425.14	SRR1782934	1.005851477940036
AP001425.14	SRR1782935	1.004495162244163
AP001425.14	SRR1782936	1.0252329438970447
AP001425.14	SRR1782937	1.0078568348794155
AP001425.14	SRR1782938	1.2574474178148516
AP001425.14	SRR1782939	1.0047411238848365
AP001425.14	SRR1782940	1.0026585923618834
AP001425.14	SRR1782941	1.0078123826132555
AP001425.14	SRR1782942	1.0039318284858731
AP001425.14	SRR1782943	1.004614493841249
AP001425.14	SRR1782944	1.0012910230221785
AP001425.14	SRR1782945	1.0052491741857592
AP001425.14	SRR1782946	1.002086827591817
AP001425.14	SRR1782947	1.002086827591817
AP001425.14	SRR1782948	1
AP001425.14	SRR1782949	1.002447533024164
AP001425.14	SRR1782950	1
AP001425.14	SRR1782951	1.003298273803316
AP001425.14	SRR1782952	1.2675408899603178
AP001425.14	SRR1782953	1.0019065235500912
AP001425.14	SRR1782954	1.126108257274077
AP001425.14	SRR1782955	1.033842034247493
AP001425.14	SRR1782956	1.0151667217080587
AP001425.14	SRR1782957	1.019311965849562
AP001425.14	SRR1782958	1.0054744269623506
AP001425.14	SRR1782959	1.0579165678317932
AP001425.14	SRR1782960	1
AP001425.14	SRR1782961	1.0036360666403
AP001425.14	SRR1782962	1.007295005653179
AP001425.14	SRR1782963	1.0068921197371672
AP001425.14	SRR1782964	1.0003599542698447
AP001425.14	SRR1782965	1.0030596435909767
AP001425.14	SRR1782966	1
AP001425.14	SRR1782967	1.0040206867929065
AP001425.14	SRR1782968	1.0010455492408952
AP001425.14	SRR1782969	1.0119783968398457
AP001425.14	SRR1782970	1.012507584036827
AP001425.14	SRR1782971	1.0167967514698188
AP001425.14	SRR1782972	1.0056022027105522
AP001425.14	SRR1782973	1.0512612155664167
AP001425.14	SRR1782974	1
AP001425.14	SRR1782975	1.0394713474480297
AP001425.14	SRR1782976	1.0097952561921797
AP001425.14	SRR1782977	1.0003599542698447
AP001425.14	SRR1782978	1.0167008005288674
AP001425.14	SRR1782979	1.0083829961716155
AP001425.14	SRR1782980	1.0017262519502124
AP001425.14	SRR1782981	1.012303856712658
AP001425.14	SRR1782982	1.0058055966749162
AP001425.14	SRR1782983	1.0009581117215416
AP001425.14	SRR1782984	1.0003599542698447
AP001425.14	SRR1782985	1.0068308408829232
AP001425.14	SRR1782986	1.0029888346325269
AP001425.14	SRR1782987	1.0012604069024411
AP001425.14	SRR1782988	1
AP001425.14	SRR1782989	1.0430979490658228
AP001425.14	SRR1782990	1.0134118565743073
AP001425.14	SRR1782991	1.0041337200241454
AP001425.14	SRR1782992	1.002447533024164
AP001425.14	SRR1782993	1.0207811101132158
AP001425.14	SRR1782994	1
AP001425.14	SRR1782995	1.0083014810209638
AP001425.14	SRR1782996	1
AP001425.14	SRR1782997	1.004495162244163
AP001425.14	SRR1782998	1.0036360666403
AP001425.14	SRR1782999	1.0213121241102965
AP001425.14	SRR1783000	1.0038996732048098
AP001425.14	SRR1783001	1.0163537994424299
AP001425.14	SRR1783002	1.056652332155794
AP001425.14	SRR1783003	1
AP001425.14	SRR1783004	1.004591059283169
AP001425.14	SRR1783005	1.015882624326654
AP001425.14	SRR1783006	1.0237799351824244
AP001425.14	SRR1813867	1.0482498991450804
AP001425.14	SRR1813868	1.0188667378001919
AP001425.14	SRR1813869	1.0100898715185678
AP001425.14	SRR1813870	0.6251937931019956
AP001425.14	SRR1813871	0.562192920264915
AP001425.14	SRR1813872	0.8355787689137504
AP001425.14	SRR1813873	0.5632955981084536
AP001425.14	SRR1813874	2.020356805364274
AP001425.14	SRR1813875	1
AP001425.14	SRR1813876	1.0053337443862558
AP001425.14	SRR1813877	0.5427152664808346
AP001425.14	SRR1813878	1.0007200381067656
AP001425.14	SRR1813879	1
AP001425.14	SRR1813880	1
AP001425.14	SRR1813881	1.0197571530664682
AP001425.14	SRR1813882	0.6495027477914479
AP001425.14	SRR1813883	1.000825380374255
AP001425.14	SRR1813884	1.012768265660338
AP001425.14	SRR1813885	2
AP001425.14	SRR1813886	1.0012604069024411
AP001425.14	SRR1813887	1.0105363153624978
AP001425.14	SRR1928188	1.0081784003065664
AP001425.14	SRR1928189	1.0073129060669679
AP001425.14	SRR1928190	1.0087951767762386
AP001425.14	SRR1928191	1.0113225234973442
AP001425.14	SRR1928192	1.0128988705381583
AP001425.14	SRR1928193	1.015364236413795
AP001425.14	SRR2046996	1.00858822452488
AP001425.14	SRR2046997	1.0111153757740123
AP001425.14	SRR2046998	2.0404863785504275
AP001425.14	SRR2046999	2.015357484720384
AP001425.14	SRR2047000	2.021396550176389
AP001425.14	SRR2047001	2.0188799414696534
AP001425.14	SRR2047002	1.0188427709986354
AP001425.14	SRR2047003	1.0237799351824244
AP001425.14	SRR2047004	1.0079492911740628
AP001425.14	SRR2047005	2.016288644740739
AP001425.14	SRR2047006	1.0152138321654876
AP001425.14	SRR2047007	1.0262840471791508
AP001425.14	SRR2047008	1.0125174400411554
AP001425.14	SRR2047009	1.0185103595038079
AP001425.14	SRR2313973	1.0126842466806711
AP001425.14	SRR2313974	1.0074072425695189
AP001425.14	SRR2313975	1.0102481457588257
AP001425.14	SRR2313976	1.0146655626217738
AP001425.14	SRR2313977	1.0086919531101515
AP001425.14	SRR2313978	1.026320422451999
AP001425.14	SRR2313979	1.0103515286766147
AP001425.14	SRR2313980	1.005836351775555
AP001425.14	SRR2313981	1.003584460981328
AP001425.14	SRR2313982	1.0131505784433956
AP001425.14	SRR2313983	1.0167862737972515
AP001425.14	SRR2313984	1.0054595072071568
AP001425.14	SRR2313985	1.0189547489838953
AP001425.14	SRR2313986	1.006188548591034
AP001425.14	SRR2313987	1.0033330542129326
AP001425.14	SRR2313988	1.0090381299656352
AP001425.14	SRR2313989	1.0105895564048322
AP001425.14	SRR2313990	1.0154615932290423
AP001425.14	SRR2313991	1.016510074800994
AP001425.14	SRR2313992	1.014686192824186
AP001425.14	SRR2313993	1.0103672884396626
AP001425.14	SRR2313994	1.0212939489113868
AP001425.14	SRR2313995	1.0041337200241454
AP001425.14	SRR2313996	1.004535361286343
AP001425.14	SRR2313997	1.0121911663041532
AP001425.14	SRR2313998	1.0240939627595231
AP001425.14	SRR2313999	1.009295092615731
AP001425.14	SRR2314000	1.0085380459332074
AP001425.14	SRR2314001	1.0137250295317557
AP001425.14	SRR2314002	1.0107561095059667
AP001425.14	SRR2314003	1.0216964429597561
AP001425.14	SRR2314004	1.007935358827293
AP001425.14	SRR2314005	1.0095034664456817
AP001425.14	SRR2314006	1.0187871020034116
AP001425.14	SRR2314007	1.0060180422728575
AP001425.14	SRR2314008	1.0013184108677915
AP001425.14	SRR2314009	1.0082228687169175
AP001425.14	SRR2314010	1.0065745056218443
AP001425.14	SRR2314011	1.0070596957891693
AP001425.14	SRR2314012	1.0072545548549394
AP001425.14	SRR2314013	1.0115556615875927
AP001425.14	SRR2314014	1.011441792883926
AP001425.14	SRR2314015	1.0077674777082104
AP001425.14	SRR2314016	1.0032306833661075
AP001425.14	SRR2314017	1.0193139826231485
AP001425.14	SRR2314018	1.037183848807375
AP001425.14	SRR2314019	1.00338054475646
AP001425.14	SRR2314020	1.016563630576381
AP001425.14	SRR2314021	1.00503432833736
AP001425.14	SRR2314022	1.0122161471354907
AP001425.14	SRR2314023	1.0097198436416865
AP001425.14	SRR2314024	1.012946813858373
AP001425.14	SRR2314025	1.004856734566851
AP001425.14	SRR2314026	1.0219330614415651
AP001425.14	SRR2314027	1.007384020296009
AP001425.14	SRR2314028	1.0028664619341938
AP001425.14	SRR2314029	1.002342020016362
AP001425.14	SRR2314030	1.004725624223947
AP001425.14	SRR2314031	1.0172769075048627
AP001425.14	SRR2314032	1.017287384279533
AP001425.14	SRR2314033	1.024065959569855
AP001425.14	SRR2314034	1.0293297863593514
AP001425.14	SRR2314035	1.046856177985374
AP001425.14	SRR2314036	1.017280352612803
AP001425.14	SRR2314037	1.0133200709899204
AP001425.14	SRR2314038	1.0057304820763078
AP001425.14	SRR2314039	1.0107759115674844
AP001425.14	SRR2314040	1.0391610375751816
AP001425.14	SRR2314041	1.00751106329803
AP001425.14	SRR2314042	1.004072314883195
AP001425.14	SRR2314043	1.0088969487682873
AP001425.14	SRR2314044	1.0042394216378854
AP001425.14	SRR2314045	1.007491229092778
AP001425.14	SRR3493774	1
AP001425.14	SRR3493775	1
AP001425.14	SRR3493776	0.91904809301052
AP001425.14	SRR3493777	1.0006453033029128
AP001425.14	SRR3493778	1
AP001425.14	SRR3493779	1.0033498647461594
AP001425.14	SRR3493780	1.0498142493709828
AP001425.14	SRR3493781	1
AP001425.14	SRR3493782	1.0082658104193984
AP001425.14	SRR3493783	1.0025837127848007
AP001425.14	SRR3493784	1.0206706748019738
AP001425.14	SRR3493785	1.000825380374255
AP001425.14	SRR3493786	1.0406653004374282
AP001425.14	SRR3493787	1
AP001425.14	SRR3493788	1
AP001425.14	SRR3493789	1.0182148740097388
AP001425.14	SRR3493790	1
AP001425.14	SRR3493791	1.0014405946684066
AP001425.14	SRR3493792	1.0007200381067656
AP001425.14	SRR3493793	1.0095628196007407
AP001425.14	SRR3493794	1.0030944157282213
AP001425.14	SRR3493795	1.0036053788169974
AP001425.14	SRR3493796	1.0081167478238944
AP001425.14	SRR3493797	1
AP001425.14	SRR3493798	1.010988724395538
AP001425.14	SRR3493799	1
AP001425.14	SRR3493800	1.0071349096622415
AP001425.14	SRR3493801	1.0089319232619702
AP001425.14	SRR3493802	1
AP001425.14	SRR3493803	1
AP001425.14	SRR3493804	1.0007200381067656
AP001425.14	SRR3493805	1.002342020016362
AP001425.14	SRR3493806	1
AP001425.14	SRR3493807	1
AP001425.14	SRR3493808	1.0019371594265116
AP001425.14	SRR3493809	1.0032306833661075
AP001425.14	SRR3493810	1
AP001425.14	SRR3493811	1
AP001425.14	SRR3493812	1.0007200381067656
AP001425.14	SRR3493813	1.0018010674864533
AP001425.14	SRR3493814	1
AP001425.14	SRR3493815	0.740058073222207
AP001425.14	SRR3493816	1
AP001425.14	SRR3493817	1.0028083682939712
AP001425.14	SRR3493818	1.0034513813688428
AP001425.14	SRR3493819	1
AP001425.14	SRR3493820	1.1218742596374018
AP001425.14	SRR3493821	1.0115011358570332
AP001425.14	SRR3493822	1
AP001425.14	SRR3493823	0.7868007166291554
AP001425.14	SRR3493824	0.7782524270076328
AP001425.14	SRR3493825	1.0012910230221785
AP001425.14	SRR3493826	1.0007200381067656
AP001425.14	SRR3493827	1
AP001425.14	SRR3493828	1
AP001425.14	SRR3493829	1.002342020016362
AP001425.14	SRR3493830	0.6210192465068755
AP001425.14	SRR3493831	1.0044169063073385
AP001425.14	SRR3493832	1.000179960941952
AP001425.14	SRR3493833	0.6422865251548932
AP001425.14	SRR3493834	1
AP001425.14	SRR3493835	1.0050511673749054
AP001425.14	SRR3493836	1
AP001425.14	SRR3493837	1.0006453033029128
AP001425.14	SRR3493838	1
AP001425.14	SRR3493839	1.0081612135148976
AP001425.14	SRR3493840	1.0191397315498472
AP001425.14	SRR3493841	1.00216167005823
AP001425.14	SRR3493846	1.0227563759529175
AP001425.14	SRR3493847	1.0366265711095628
AP001425.14	SRR3493848	1.000179960941952
AP001425.14	SRR3493849	0.6191823778231276
AP001425.14	SRR3493850	1
AP001425.14	SRR3714631	1
AP001425.14	SRR3714632	1.005532675049881
AP001425.14	SRR3714633	1.0113714976183878
AP001425.14	SRR3714634	1.006256696893515
AP001425.14	SRR3714635	1
AP001425.14	SRR3714636	1
AP001425.14	SRR3714637	1
AP001425.14	SRR3714638	1
AP001425.14	SRR3714639	0.5753327031081422
AP001425.14	SRR3714640	0.7411050743982482
AP001425.14	SRR3714641	0.6312815040672326
AP001425.14	SRR3714642	0.5854408237304336
AP001425.14	SRR3714643	0.6509238380690622
AP001425.14	SRR3714644	0.7409205532322277
AP001425.14	SRR3714645	1.0062673608662638
AP001425.14	SRR3714646	1.000179960941952
AP001425.14	SRR3714648	0.6808948591426862
AP001425.14	SRR3714649	0.950704107482473
AP001425.14	SRR3714650	1.0066624337546857
AP001425.14	SRR3714651	0.8061310473440458
AP001425.14	SRR3714652	0.880067857778748
AP001425.14	SRR3714653	1
AP001425.14	SRR3714654	1
AP001425.14	SRR3714655	1.0005399799895063
AP001425.14	SRR3714656	1.1315358978912713
AP001425.14	SRR3714657	0.5592759085536376
AP001425.14	SRR3714658	0.7750655479269212
AP001425.14	SRR3714659	0.5213327894493638
AP001425.14	SRR3714660	1
AP001425.14	SRR3714661	1
AP001425.14	SRR3714662	1.0107865634480706
AP001425.14	SRR3714663	1.0005399799895063
AP001425.14	SRR3714664	0.8886441072949159
AP001425.14	SRR3714665	1
AP001425.14	SRR3714666	1
AP001425.14	SRR3714667	0.7758465015764936
AP001425.14	SRR3714668	1
AP001425.14	SRR3714669	0.7815583665903988
AP001425.14	SRR3714670	1.0131789146255041
AP001425.14	SRR3714671	1.0010054898524368
AP001425.14	SRR3714672	1.0025088387998022
AP001425.14	SRR3714673	0.6136098426308987
AP001425.14	SRR3714674	0.6712445934322668
AP001425.14	SRR3714675	0.7436785228315872
AP001425.14	SRR3714676	1
AP001425.14	SRR3714677	1.002192313736413
AP001425.14	SRR3714678	0.5608953692102709
AP001425.14	SRR3714679	1.0013658060526471
AP001425.14	SRR3714680	1.0014238161238702
AP001425.14	SRR3714681	1.0032581242663439
AP001425.14	SRR3714682	0.9251895204649639
AP001425.14	SRR3714683	1.0019118866481316
AP001425.14	SRR3714684	0.5837388314511333
AP001425.14	SRR3714685	1.0015860938060694
AP001425.14	SRR3714686	0.6825454531864573
AP001425.14	SRR3714688	1.0072151869090182
AP001425.14	SRR3714689	0.7651409664245631
AP001425.14	SRR3714690	0.78596420673364
AP001425.14	SRR3714691	1
AP001425.14	SRR3714692	0.7275899328557139
AP001425.14	SRR3714693	0.6727083805760267
AP001425.14	SRR3714694	0.8308269621955467
AP001425.14	SRR3714695	0.9104150817781187
AP001425.14	SRR3714696	1
AP001425.14	SRR3714697	1.008941448872144
AP001425.14	SRR3714698	1.0129099016527614
AP001425.14	SRR3714699	0.8209103150993131
AP001425.14	SRR3714700	0.8067877973810842
AP001425.14	SRR3714701	0.743627175493714
AP001425.14	SRR3714702	0.962619684560016
AP001425.14	SRR3714703	1.0009001286274537
AP001425.14	SRR3714704	0.7225201876559582
AP001425.14	SRR3714705	0.8950900693109363
AP001425.14	SRR3714706	1.0348625162168688
AP001425.14	SRR3714707	1.000465258632579
AP001425.14	SRR3714708	1.0229861853499778
AP001425.14	SRR3714709	0.8865915789026881
AP001425.14	SRR3714710	0.5275638785029315
AP001425.14	SRR3714711	0.670442881400527
AP001425.14	SRR3714712	1
AP001425.14	SRR3714713	1
AP001425.14	SRR3714714	1
AP001425.14	SRR3714715	1.0045976621199102
AP001425.14	SRR3714716	1
AP001425.14	SRR3714717	1
AP001425.14	SRR3714718	1
AP001425.14	SRR3714719	0.5293693050752714
AP001425.14	SRR3714720	0.8101910173611906
AP001425.14	SRR3714721	0.5914938926818853
AP001425.14	SRR3714723	0.6080213504916173
AP001425.14	SRR3714724	1.0027736060725236
AP001425.14	SRR3714725	1.0122888422733813
AP001425.14	SRR3714726	0.6054535635324834
AP001425.14	SRR3714727	0.9379266482789932
AP001425.14	SRR3714728	1.0080722840940834
AP001425.14	SRR3714729	1.0258093057558688
AP001425.14	SRR3714730	0.8026363966289812
AP001425.14	SRR3714731	1.000179960941952
AP001425.14	SRR3714732	0.5431665769454288
AP001425.14	SRR3714734	0.5355782267326148
AP001425.14	SRR3714735	0.6771775710840109
AP001425.14	SRR3714736	0.8353423023921218
AP001425.14	SRR3714737	1
AP001425.14	SRR3714738	0.9022710971454205
AP001425.14	SRR3714739	0.6763742521696835
AP001425.14	SRR3714740	0.7725589357945342
AP001425.14	SRR3714741	1.0009581117215416
AP001425.14	SRR3714744	0.9409895450736933
AP001425.14	SRR3714745	1.0402451473540792
AP001425.14	SRR3714746	1.008355710513067
AP001425.14	SRR3714747	0.5522966072361245
AP001425.14	SRR3714748	0.6338577240741132
AP001425.14	SRR3714749	1.0205775690941423
AP001425.14	SRR3714750	0.6931115368457716
AP001425.14	SRR3714751	1.000825380374255
AP001425.14	SRR3714752	1
AP001425.14	SRR3714753	1.0075653100732087
AP001425.14	SRR3714754	1
AP001425.14	SRR3714755	0.689177012895678
AP001425.14	SRR3714756	1.0214197456593945
AP001425.14	SRR3714757	0.7256965013971997
AP001425.14	SRR3714758	0.941135441636919
AP001425.14	SRR3714759	0.5236983777079908
AP001425.14	SRR3714760	1.0006453033029128
AP001425.14	SRR3714761	1.000124712645935
AP001425.14	SRR3714762	0.9296203737524296
AP001425.14	SRR3714764	1
AP001425.14	SRR3714765	0.8529917412834348
AP001425.14	SRR3714766	1
AP001425.14	SRR3714767	0.6790010487369122
AP001425.14	SRR3714768	1
AP001425.14	SRR5176628	1.006808691572482
AP001425.14	SRR5176629	1.0056828803089768
AP001425.14	SRR5176630	1.00221972623461
AP001425.14	SRR5176631	1.0095554363800798
AP001425.14	SRR5176632	1.0028083682939712
AP001425.14	SRR5176633	1.0063933941186642
AP001425.14	SRR5176634	1.0395854398178583
AP001425.14	SRR5176635	1.006092499057644
AP001425.14	SRR5176636	1.0259454268844617
AP001425.14	SRR5176637	1.0295349916779901
AP001425.14	SRR5176638	1.122472464979261
AP001425.14	SRR5176639	1
AP001425.14	SRR5176640	1.0439825147124846
AP001425.14	SRR5176641	1.0145674663519957
AP001425.14	SRR5176642	1.0019065235500912
AP001425.14	SRR5176643	1.0017262519502124
AP001425.14	SRR5176644	1.000179960941952
AP001425.14	SRR5176645	1.038132905050157
AP001425.14	SRR5176646	1.018354954225084
AP001425.14	SRR5176647	1.0057887449973542
AP001425.14	SRR5176648	1.0028083682939712
AP001425.14	SRR5176649	1.0066452728062618
AP001425.14	SRR5176650	1.0238007506984588
AP001425.14	SRR5176651	1.0158653061982168
AP001425.14	SRR5176652	1.0055051719366213
AP001425.14	SRR5176653	1.002669218203121
AP001425.14	SRR5176654	1.0080755949097406
AP001425.14	SRR5176655	1.00118563174329
AP001425.14	SRR5176656	1.069687850829972
AP001425.14	SRR5176657	1.0798186787512312
AP001425.14	SRR5176658	1.001620814861132
AP001425.14	SRR5176659	1.0021448794325023
AP001425.14	SRR5176660	1.001124914001854
AP001425.14	SRR5176661	1.005368595357641
AP001425.14	SRR5176662	0.9673827506103251
AP001425.14	SRR5176663	1.0062735564114655
AP001425.14	SRR5176664	1
AP001425.14	SRR5176665	1.008705895915066
AP001425.14	SRR5176666	1.003794007351424
AP001425.14	SRR5176667	1.0784326276989211
AP001425.14	SRR5176668	1.004323906889319
AP001425.14	SRR5176669	1.0094259876059126
AP001425.14	SRR5176670	1.0063933941186642
AP001425.14	SRR5176671	1.0017842829024082
AP001425.14	SRR5176672	1.0054744269623506
AP001425.14	SRR5176673	1.0047509679775968
AP001425.14	SRR5176674	1.0022978109851632
AP001425.14	SRR5176675	1.0041780100330324
AP001425.14	SRR5176676	1.0182154548374127
AP001425.14	SRR5176677	1.0014405946684066
AP001425.14	SRR5176678	1.0221313973041704
AP001425.14	SRR5176679	1.008843607004959
AP001425.14	SRR5176680	1.0028083682939712
AP001425.14	SRR5176681	1.0010802515574013
AP001425.14	SRR5176682	1.0097140318888853
AP001425.14	SRR5176683	1.004495162244163
AP001425.14	SRR5176684	1.0026279344264644
AP001425.14	SRR5176685	1.0029413626288513
AP001425.14	SRR5176686	1.0042610311786755
AP001425.14	SRR5176687	1.0044201455101487
AP001425.14	SRR5176688	1.0130567972055589
AP001425.14	SRR5176689	1.0073300783969779
AP001425.14	SRR5176690	1.0250785821196775
AP001425.14	SRR5176691	1.0009001286274537
AP001425.14	SRR5176692	1.0096679251628273
AP001425.14	SRR5176693	1.0072548499485035
AP001425.14	SRR5176694	1
AP001425.14	SRR5176695	1.0138275958896568
AP001425.14	SRR5176696	1.1276067886443841
AP001425.14	SRR5176697	2.054218604019587
AP001425.14	SRR5176698	1.164477770967963
AP001425.14	SRR5176699	1.0242455710874605
AP001425.14	SRR5176700	1.0887470529698755
AP001425.14	SRR5176701	1.0339279043721292
AP001425.14	SRR5176702	1
AP001425.14	SRR5176703	1.0222386939864545
AP001425.14	SRR5176704	1.0043587228536055
AP001425.14	SRR5176705	2.0040787965612448
AP001425.14	SRR5176706	1.0268731231539296
AP001425.14	SRR5176707	1.0193297719483747
AP001425.14	SRR5176708	1.0095002108494255
AP001425.14	SRR5176709	1.0047509679775968
AP001425.14	SRR5176710	1
AP001425.14	SRR5176711	1.001902427405406
AP001425.14	SRR5176712	1.0124489319096075
AP001425.14	SRR5176713	1.0086581533197898
AP001425.14	SRR5176714	1.0597737530480678
AP001425.14	SRR5176715	1.0012604069024411
AP001425.14	SRR5176716	1.001964564945592
AP001425.14	SRR5176717	1.006427797534363
AP001425.14	SRR5176718	1.0085688845855312
AP001425.14	SRR5176719	1.0023284588262065
AP001425.14	SRR5176720	1
AP001425.14	SRR5176721	1
AP001425.14	SRR5176722	1.01939507511747
AP001425.14	SRR5176723	1.0093325243947782
AP001425.14	SRR5176724	1.0053169006142997
AP001425.14	SRR5176725	1.0121298614748808
AP001425.14	SRR5176726	1
AP001425.14	SRR5176727	1.0005705740803321
AP001425.14	SRR5176728	1.0243749333461307
AP001425.14	SRR5176729	1.0018717925909741
AP001425.14	SRR5176730	1.0063794832782318
AP001425.14	SRR5176731	1.0045394681954278
AP001425.14	SRR5176732	1
AP001425.14	SRR5176733	1.00221972623461
AP001425.14	SRR5176734	1.0806477792257758
AP001425.14	SRR5176735	1.0023284588262065
AP001425.14	SRR5176736	2.0038743188530233
AP001425.14	SRR5176737	1.0028971271632066
AP001425.14	SRR5176738	1.0106397277698875
AP001425.14	SRR5176739	1.0078091324706568
AP001425.14	SRR5176740	1.004072314883195
AP001425.14	SRR5176741	1.0408847329279391
AP001425.14	SRR5176742	1.010291833169212
AP001425.14	SRR5176743	1.011462874490941
AP001425.14	SRR5176744	1.0131637081071394
AP001425.14	SRR5176745	1.0088524506271404
AP001425.14	SRR5176746	1.00221972623461
AP001425.14	SRR5176747	1
AP001425.14	SRR5176748	1.0012604069024411
AP001425.14	SRR5176749	1.0161679489713202
AP001425.14	SRR5176750	1.0159089388893974
AP001425.14	SRR5176751	1.0035611140644307
AP001425.14	SRR5176752	1.0044724723375944
AP001425.14	SRR5176753	1.002611135988753
AP001425.14	SRR5176754	1.0052184370390407
AP001425.14	SRR5176755	1.000465258632579
AP001425.14	SRR5176756	1.0283814664958064
AP001425.14	SRR5176757	1.0554499963578214
AP001425.14	SRR5176758	1.010940517584876
AP001425.14	SRR5176759	1.026903890048256
AP001425.14	SRR5176760	1.0056861235945007
AP001425.14	SRR5176761	1.0058055966749162
AP001425.14	SRR5176762	1.0740318196782621
AP001425.14	SRR5176763	1.007431702583026
AP001425.14	SRR5176764	1.0007200381067656
AP001425.14	SRR5176765	1.0016514420012725
AP001425.14	SRR5176766	1.0028083682939712
AP001425.14	SRR5176767	1.0010054898524368
AP001425.14	SRR5176768	1.0148664495753779
AP001425.14	SRR5176769	1.002883264649812
AP001425.14	SRR5176770	1.0022978109851632
AP001425.14	SRR5176771	1.002412783311024
AP001425.14	SRR5176772	2.0123968137302835
AP001425.14	SRR5176773	1.0074020636341914
AP001425.14	SRR5176774	1.0060997931780538
AP001425.14	SRR5176775	1.0092509626586887
AP001425.14	SRR5176776	1.0081167478238944
AP001425.14	SRR5176777	1.0097815941634372
AP001425.14	SRR5176778	1.005572915612441
AP001425.14	SRR5176779	1.0050375695313305
AP001425.14	SRR5176780	1.0029888346325269
AP001425.14	SRR5176781	1.006184793499986
AP001425.14	SRR5176782	1.0080091098205926
AP001425.14	SRR5176783	1.0090657297142456
AP001425.14	SRR5176784	1.0040386698901456
AP001425.14	SRR5176785	1.0017262519502124
AP001425.14	SRR5176786	1
AP001425.14	SRR5176787	1.007497432173284
AP001425.14	SRR5176788	1.0264449971198473
AP001425.14	SRR5176789	1.013949547608129
AP001425.14	SRR5176790	1.0093226993929205
AP001425.14	SRR5176791	1.0086741821784493
AP001425.14	SRR5176792	1
AP001425.14	SRR5176793	1.0088841699686975
AP001425.14	SRR5176794	3.0133933444577985
AP001425.14	SRR5176795	1.0041337200241454
AP001425.14	SRR5176796	1.0222382848481906
AP001425.14	SRR5176797	1.0069060376635988
AP001425.14	SRR5176798	1.0052110855900878
AP001425.14	SRR5176799	1
AP001425.14	SRR5176800	1.0077542977076395
AP001425.14	SRR5176801	1.0168619162072303
AP001425.14	SRR5176802	1.0138345149480519
AP001425.14	SRR5176803	1.00402802953607
AP001425.14	SRR5176804	1.02112644076761
AP001425.14	SRR5176805	1.0038166819322296
AP001425.14	SRR5176806	1.0293316032282849
AP001425.14	SRR5176807	1.0006453033029128
AP001425.14	SRR5176808	1.0003599542698447
AP001425.14	SRR5176809	1.0014405946684066
AP001425.14	SRR5176810	1
AP001425.14	SRR5176811	1
AP001425.14	SRR5176812	1.0010802515574013
AP001425.14	SRR5176813	1.0010802515574013
AP001425.14	SRR5176814	1
AP001425.14	SRR5176815	1.013767067239064
AP001425.14	SRR5176816	1.014024061573879
AP001425.14	SRR5176817	1.0051501237216312
AP001425.14	SRR5176818	1.002447533024164
AP001425.14	SRR5176819	1.052525107799273
AP001425.14	SRR5176820	1.0220622993353137
AP001425.14	SRR5176821	1.008962478364178
AP001425.14	SRR5176822	1.0288326159382661
AP001425.14	SRR5176823	1.0037302716009715
AP001425.14	SRR5176824	1.0055802697075793
AP001425.14	SRR5176825	1.0010802515574013
AP001425.14	SRR5176826	1.0080601963585891
AP001425.14	SRR5176827	1.0037417158678243
AP001425.14	SRR5176828	1.0039362270488077
AP001425.14	SRR5176829	1.0026585923618834
AP001425.14	SRR5176830	1.0003599542698447
AP001425.14	SRR5176831	1.0050818994069226
AP001425.14	SRR5176832	1.0098220047641269
AP001425.14	SRR5176833	1.0056799316660756
AP001425.14	SRR5176834	1.0038017867755233
AP001425.14	SRR5176835	1.0034861670860973
AP001425.14	SRR5176836	1.000825380374255
AP001425.14	SRR5176837	1.0508653132871792
AP001425.14	SRR5176838	1.0246586529675596
AP001425.14	SRR5176839	1.040250778085957
AP001425.14	SRR5176840	1.000465258632579
AP001425.14	SRR5176841	1.0134982253253717
AP001425.14	SRR5176842	1.0061368754637303
AP001425.14	SRR5176843	1.0076160966243792
AP001425.14	SRR5176844	1.002883264649812
AP001425.14	SRR5176845	1.0144079175752987
AP001425.14	SRR5176846	1.0044337350001697
AP001425.14	SRR5176847	1.0198121879198054
AP001425.14	SRR5176848	1.0084182482829835
AP001425.14	SRR5176849	1.0192261891808638
AP001425.14	SRR5176850	1.0134815678813656
AP001425.14	SRR5176851	1.0010455492408952
AP001425.14	SRR5176852	1.0219393534398167
AP001425.14	SRR5176853	1.002447533024164
AP001425.14	SRR5176854	1.0464063323203885
AP001425.14	SRR5176855	1.0022671640812284
AP001425.14	SRR5176856	1.015767846289757
AP001425.14	SRR5176857	1.0034661181326476
AP001425.14	SRR5176858	1.0068447579623179
AP001425.14	SRR5176859	1.0017568823143634
AP001425.14	SRR5176860	1
AP001425.14	SRR5176861	1.0019065235500912
AP001425.14	SRR5176862	1.005770730554937
AP001425.14	SRR5176863	1.002447533024164
AP001425.14	SRR5176864	1.0048033120397526
AP001425.14	SRR5176865	1.0019065235500912
AP001425.14	SRR5176866	1
AP001425.14	SRR5176867	1.0042054768450526
AP001425.14	SRR5176868	1.0345942081893522
AP001425.14	SRR5176869	1.002447533024164
AP001425.14	SRR5176870	1.004495162244163
AP001425.14	SRR5176871	1.0033885602826702
AP001425.14	SRR5176872	1.0190046497146266
AP001425.14	SRR5861974	1.0130433677592323
AP001425.14	SRR5861975	1.0090231573303534
AP001425.14	SRR5861976	1.0399586289520686
AP001425.14	SRR5861977	1
AP001425.14	SRR5861978	1.0048260094196193
AP001425.14	SRR5861979	1.0093120030410565
AP001425.14	SRR5861980	1
AP001425.14	SRR5861981	1.0197815921391915
AP001425.14	SRR5861982	1.2333293129099616
AP001425.14	SRR5861983	1.001620814861132
AP001425.14	SRR5861984	1.0080145694811098
AP001425.14	SRR5861985	1.016870477919848
AP001425.14	SRR5861986	1.0019813525502068
AP001425.14	SRR5861987	1.0125418094627725
AP001425.14	SRR5861988	1.0170644141079765
AP001425.14	SRR5861989	1.0123248275356085
AP001425.14	SRR5861990	1.002984734062975
AP001425.14	SRR5861991	1
AP001425.14	SRR5861992	1
AP001425.14	SRR5861993	1.003694208229873
AP001425.14	SRR5861994	1
AP001425.14	SRR5861995	1.0086700213995727
AP001425.14	SRR5861996	1.0041304817450423
AP001425.14	SRR5861997	1.025339219737338
AP001425.14	SRR5861998	1.005699730212809
AP001425.14	SRR5861999	1.026742644639398
AP001425.14	SRR5862000	1.0003599542698447
AP001425.14	SRR5862001	1
AP001425.14	SRR5862002	1.0010802515574013
AP001425.14	SRR5862003	1.002412783311024
AP001425.14	SRR5862004	1.005509961707591
AP001425.14	SRR5862005	1.0052491741857592
AP001425.14	SRR5862006	1.0037417158678243
AP001425.14	SRR5862007	1.008386543590015
AP001425.14	SRR5862008	1.0039837461421828
AP001425.14	SRR5862009	1.0035304285329265
AP001425.14	SRR5862010	1.0512612155664167
AP001425.14	SRR5862011	1.0355123965079929
AP001425.14	SRR5862012	1.006981535073958
AP001425.14	SRR5862013	1.0206507030732106
AP001425.14	SRR5862014	1.0048549166779728
AP001425.14	SRR5862015	1
AP001425.14	SRR5862016	1.0041644240028431
AP001425.14	SRR5862017	1.0081920406445979
AP001425.14	SRR5862018	1.003980508346738
AP001425.14	SRR5862019	1.0078876527019538
AP001425.14	SRR5862020	1.003363733709208
AP001425.14	SRR5862021	1.0059502686096389
AP001425.14	SRR5862022	1.004809174154462
AP001425.14	SRR5862023	1.0074832063331325
AP001425.14	SRR5862024	1.0026860176139818
AP001425.14	SRR5862025	1
AP001425.14	SRR5862026	1.0076713729183253
AP001425.14	SRR5862027	1.0005399799895063
AP001425.14	SRR5862028	1.1262536898298274
AP001425.14	SRR5862029	1.02024518939608
AP001425.14	SRR5862030	1.0027334775314678
AP001425.14	SRR5862031	1.0069060376635988
AP001425.14	SRR5862032	1.0733161679094974
AP001425.14	SRR5862033	1.0014986090722051
AP001425.14	SRR5862034	1.2455161624992859
AP001425.14	SRR5862035	1.0065785570627332
AP001425.14	SRR5862036	1.0173435392265755
AP001425.14	SRR5862037	1.0542964573472537
AP001425.14	SRR5862038	1.0790945062876685
AP001425.14	SRR5862039	1.0017262519502124
AP001425.14	SRR5862040	1.0064209215270505
AP001425.14	SRR5862041	1.0053378545594238
AP001425.14	SRR5862042	1.0088120788256298
AP001425.14	SRR5862043	1
AP001425.14	SRR5862044	1.0013658060526471
AP001425.14	SRR5862045	1.0041611856247215
AP001425.14	SRR5862046	1.0077848171459254
AP001425.14	SRR5862047	1.0087045754820203
AP001425.14	SRR5862048	1.2470733792685733
AP001425.14	SRR5862049	1.0154319201015636
AP001425.14	SRR5862050	1.0032749335441427
AP001425.14	SRR5862051	1.004672692112038
AP001425.14	SRR5862052	1.0034554838462202
AP001425.14	SRR5862053	1.0026279344264644
AP001425.14	SRR5862054	1.0260159995067561
AP001425.14	SRR5862055	1.022637922005436
AP001425.14	SRR5862056	1.0326488670033724
AP001425.14	SRR5862057	1.0076559805417438
AP001425.14	SRR5862058	1.0022671640812284
AP001425.14	SRR5862059	1.0276203307721452
AP001425.14	SRR5862060	1.0090831474448634
AP001425.14	SRR5862061	1.0035611140644307
AP001425.14	SRR5862062	1.0005399799895063
AP001425.14	SRR5862063	1.0119474539360775
AP001425.14	SRR5862064	1.0019371594265116
AP001425.14	SRR5862065	1.0025183037678282
AP001425.14	SRR5862066	1.0090241825684263
AP001425.14	SRR5862067	1.2340297724805442
AP001425.14	SRR5862068	1.0047202460643523
AP001425.14	SRR5862069	1.0021269302544924
AP001425.14	SRR5862070	1.0132753777637182
AP001425.14	SRR5862071	1.2517458229536382
AP001425.14	SRR5862072	1.2634612941586179
AP001425.14	SRR5862073	2.0037182055455687
AP001425.14	SRR5862074	1.0050281404219858
AP001425.14	SRR5862075	1.0067831870350152
AP001425.14	SRR5862076	1.240670619317905
AP001425.14	SRR5862077	1.003924078944055
AP001425.14	SRR5862078	1.0774391300279966
AP001425.14	SRR5862079	1.0101026655898993
AP001425.14	SRR5862080	1.0183262211710338
AP001425.14	SRR5862081	1.0017262519502124
AP001425.14	SRR5862082	1.0037523531876433
AP001425.14	SRR5862083	1
AP001425.14	SRR5862084	1.0068169239958968
AP001425.14	SRR5862085	1
AP001425.14	SRR5862086	1.0247352824726355
AP001425.14	SRR5862087	1.0117536254353572
AP001425.14	SRR5862088	1.121721315480128
AP001425.14	SRR5862089	1.0122530679623452
AP001425.14	SRR5862090	1.001709468619657
AP001425.14	SRR5862091	1.013801038227387
AP001425.14	SRR5862092	1.0205242153246368
AP001425.14	SRR5862093	1.000179960941952
AP001425.14	SRR5862094	1.004945674737599
AP001425.14	SRR5862095	1.0873315399586785
AP001425.14	SRR5862096	1.00216167005823
AP001425.14	SRR5862097	1.0052491741857592
AP001425.14	SRR5862098	0.9538079228387495
AP001425.14	SRR5862099	1.0223775623222773
AP001425.14	SRR5862100	1.0026279344264644
AP001425.14	SRR5862101	1.0581490093852495
AP001425.14	SRR5862102	2.0115642686641606
AP001425.14	SRR5862103	1.0233035627864664
AP001425.14	SRR5862104	1.0041337200241454
AP001425.14	SRR5862105	1.0110064761067548
AP001425.14	SRR5862106	1.0042530086827692
AP001425.14	SRR5862107	1
AP001425.14	SRR5862108	1.0068477100204776
AP001425.14	SRR5862109	1.0018010674864533
AP001425.14	SRR5862110	1.0079096360319266
AP001425.14	SRR5862111	1.0145480117591426
AP001425.14	SRR5862112	1.0037110248141228
AP001425.14	SRR5862113	1.0086741821784493
AP001425.14	SRR5862114	1.0046422669203672
AP001425.14	SRR5862115	1.006604989330596
AP001425.14	SRR5862116	1.0254857038474403
AP001425.14	SRR5862117	1.0032581242663439
AP001425.14	SRR5862118	1.008264382868182
AP001425.14	SRR5862119	1.004072314883195
AP001425.14	SRR5862120	1.0009001286274537
AP001425.14	SRR5862121	1.0014405946684066
AP001425.14	SRR5862122	1.0020393982806224
AP001425.14	SRR5862123	1.0022671640812284
AP001425.14	SRR5862124	1.0031693334479748
AP001425.14	SRR5862125	1
AP001425.14	SRR5862126	1.0009001286274537
AP001425.14	SRR5862127	1.0037110248141228
AP001425.14	SRR5862128	1.003694208229873
AP001425.14	SRR5862129	1.0783123695394767
AP001425.14	SRR5862130	1.0061676406940727
AP001425.14	SRR5862131	1.0022671640812284
AP001425.14	SRR5862132	1.0009001286274537
AP001425.14	SRR5862133	1.0009001286274537
AP001425.14	SRR5862134	1.000179960941952
AP001425.14	SRR5862135	1.0124958537165647
AP001425.14	SRR5862136	1.0003599542698447
AP001425.14	SRR5862137	1.00216167005823
AP001425.14	SRR5862138	1.0017663401829568
AP001425.14	SRR5862139	1.0013216400780827
AP001425.14	SRR5862140	1.0032442567630784
AP001425.14	SRR5862141	1.0042837163090255
AP001425.14	SRR5862142	1.0026860176139818
AP001425.14	SRR5862143	1.0003599542698447
AP001425.14	SRR5862144	1.0055802697075793
AP001425.14	SRR5862145	1.0032749335441427
AP001425.14	SRR5862146	1.0133733985581923
AP001425.14	SRR5862147	1.0071624573529558
AP001425.14	SRR5862148	1
AP001425.14	SRR5862149	1.0056861235945007
AP001425.14	SRR5862150	1.0024033193392368
AP001425.14	SRR5862151	1.012046576634804
AP001425.14	SRR5862152	1.0238846982116432
AP001425.14	SRR5862153	1.0203447653969262
AP001425.14	SRR5862154	1
AP001425.14	SRR5862155	1.0062123152026168
AP001425.14	SRR5862156	2.050544530591609
AP001425.14	SRR5862157	1.025782636703574
AP001425.14	SRR5862158	1.0005399799895063
AP001425.14	SRR5862159	1.005836351775555
AP001425.14	SRR5862160	1.0378044312625647
AP001425.14	SRR5862161	1.0027199110450864
AP001425.14	SRR5862162	1.0032581242663439
AP001425.14	SRR5862163	1.00338054475646
AP001425.14	SRR5862164	1.0500323204142936
AP001425.14	SRR5862165	1.0042943593727842
AP001425.14	SRR5862166	3.0127590260483075
AP001425.14	SRR5862167	1.002086827591817
AP001425.14	SRR5862168	1.0016514420012725
AP001425.14	SRR5862169	1.003631963424637
AP001425.14	SRR5862170	1.0108445605752712
AP001425.14	SRR5862171	2.003364140155833
AP001425.14	SRR5862172	1.0017262519502124
AP001425.14	SRR5862173	1.024784508800748
AP001425.14	SRR5862174	1.0281268623068158
AP001425.14	SRR5862175	1.0048260094196193
AP001425.14	SRR5862176	1.0171349305854593
AP001425.14	SRR5862177	1.0318682832320207
AP001425.14	SRR5862178	1.0285351424147229
AP001425.14	SRR5862179	1.0056022027105522
AP001425.14	SRR5862180	1.163410651901285
AP001425.14	SRR5862181	1.0208867172468703
AP001425.14	SRR5862182	1.0091326280382285
AP001425.14	SRR5862183	1.0048842199437062
AP001425.14	SRR5862184	1.0267236692152724
AP001425.14	SRR5862185	1
AP001425.14	SRR5862186	1.0072483532698095
AP001425.14	SRR5862187	1.0074072425695189
AP001425.14	SRR5862188	1.0388632588888775
AP001425.14	SRR5862189	1.0080998574243627
AP001425.14	SRR5862190	1.0013216400780827
AP001425.14	SRR5862191	1.0115110461819634
AP001425.14	SRR5862192	1.0447528439170217
AP001425.14	SRR5862193	1.0035611140644307
AP001425.14	SRR5862194	1.0051877008321608
AP001425.14	SRR5862195	1.0062679805579082
AP001425.14	SRR5862196	1
AP001425.14	SRR5862197	1
AP001425.14	SRR5862198	1.1006263597390016
AP001425.14	SRR5862199	1.002447533024164
AP001425.14	SRR5862200	1.002117468981499
AP001425.14	SRR5862201	1.2662551075359945
AP001425.14	SRR5862202	1.0211835799356648
AP001425.14	SRR5862203	1.033482189187862
AP001425.14	SRR5862204	1
AP001425.14	SRR5862205	1
AP001425.14	SRR5862206	1.0177742386248947
AP001425.14	SRR5862207	1.0052627748922789
AP001425.14	SRR5862208	1.0189273711359403
AP001425.14	SRR5862209	1.0111265812321877
AP001425.14	SRR5862210	1
AP001425.14	SRR5862211	1.0321768293944853
AP001425.14	SRR5862212	1.0087809371964969
AP001425.14	SRR5862213	1.0045749698980364
AP001425.14	SRR5862214	1.0026987179060987
AP001425.14	SRR5862215	1.00237266920921
AP001425.14	SRR5862216	1.0035611140644307
AP001425.14	SRR5862217	1.0064377837965335
AP001425.14	SRR5862218	1.0009001286274537
AP001425.14	SRR5862219	1.022945581707591
AP001425.14	SRR5862220	1.0044644481525995
AP001425.14	SRR5862221	1
AP001425.14	SRR5862222	1.0032306833661075
AP001425.14	SRR5862223	1.0429841423303001
AP001425.14	SRR5862224	1.007644976521039
AP001425.14	SRR5862225	1.0026238353323988
AP001425.14	SRR5862226	1.0010802515574013
AP001425.14	SRR5862227	1
AP001425.14	SRR5862228	1.0088969487682873
AP001425.14	SRR5862229	1.005836351775555
AP001425.14	SRR5862230	1.0052323318307268
AP001425.14	SRR5862231	1.0020393982806224
AP001425.14	SRR5862232	1.014834368071843
AP001425.14	SRR5862233	1.0027334775314678
AP001425.14	SRR5862234	1.0057748425146649
AP001425.14	SRR5862235	1.0009001286274537
AP001425.14	SRR5862236	1.002117468981499
AP001425.14	SRR5862237	1.030696233812855
AP001425.14	SRR5862238	1.000825380374255
AP001425.14	SRR5862239	1.007643811307862
AP001425.14	SRR5862240	1.0027028173063115
AP001425.14	SRR5862241	1.0061466694539738
AP001425.14	SRR5862242	1.0068340878705722
AP001425.14	SRR5862243	1.0055084743211022
AP001425.14	SRR5862244	1.014062871686957
AP001425.14	SRR5862245	1.0179113233903831
AP001425.14	SRR5862246	1.0018838921166466
AP001425.14	SRR5862247	1.0054744269623506
AP001425.14	SRR5862248	1.0007200381067656
AP001425.14	SRR5862249	1.014824489514172
AP001425.14	SRR5862250	1.0105296734932572
AP001425.14	SRR5862251	1.0100832966107522
AP001425.14	SRR5862252	1.0025224024304422
AP001425.14	SRR5862253	1.0076222154653056
AP001425.14	SRR5862254	1.0069504499529853
AP001425.14	SRR5862255	1.0077540024677532
AP001425.14	SRR5862256	1.0154304835599302
AP001425.14	SRR5862257	1.0133332028501592
AP001425.14	SRR5862258	1.002553057138948
AP001425.14	SRR5862259	1.0134145129264618
AP001425.14	SRR5862260	1.0641135195805316
AP001425.14	SRR5862261	1.0162121900968593
AP001425.14	SRR5862262	1.0096833750182226
AP001425.14	SRR5862263	1.045022718956458
AP001425.14	SRR5862264	1.0056553730873352
AP001425.14	SRR5862265	1.00118563174329
AP001425.14	SRR5862266	1.0054268373142463
AP001425.14	SRR5862267	1.0548744221196733
AP001425.14	SRR5862268	1.0048260094196193
AP001425.14	SRR5862269	1.0038780714396673
AP001425.14	SRR5862270	1.00221972623461
AP001425.14	SRR5862271	1.0058638639474222
AP001425.14	SRR5862272	1.011046062783337
AP001425.14	SRR5862273	1.0033150837538076
AP001425.14	SRR5862274	1.0045394681954278
AP001425.14	SRR5862275	1.0127963981370376
AP001425.14	SRR5862276	1.0171325747477717
AP001425.14	SRR5862277	1.012407898752116
AP001425.14	SRR5949109	1.1543930374941627
AP001425.14	SRR5949110	1.1528629477900991
AP001425.14	SRR5949111	1.1543861423812125
AP001425.14	SRR5949112	1.1544080735423528
AP001425.14	SRR5949113	1.1538715423531325
AP001425.14	SRR5949114	1.1544080735423528
AP001425.14	SRR5949115	1.1543930374941627
AP001425.14	SRR5949116	1.154328975937927
AP001425.14	SRR5949117	1.1544080735423528
AP001425.14	SRR5949118	1.1542881659876676
AP001425.14	SRR5949119	1.1544066367558048
AP001425.14	SRR5949120	1.1542612816136126
AP001425.14	SRR5949121	1.1542612816136126
AP001425.14	SRR5949122	1.1542193125787963
AP001425.14	SRR5949123	1.154119770897195
AP001425.14	SRR5949124	1.1536303593625774
AP001425.14	SRR5949125	1.1538715423531325
AP001425.14	SRR5949126	1.1542193125787963
AP001425.14	SRR5949127	1.1542612816136126
AP001425.14	SRR5949128	1.1542612816136126
AP001425.14	SRR5949129	1.1544066367558048
AP001425.14	SRR5949130	1.1543861423812125
AP001425.14	SRR5949131	1.1541454974839138
AP001425.14	SRR5949132	1.1543930374941627
AP001425.14	SRR5949133	1.154243037085462
AP001425.14	SRR5949134	1.1544080735423528
AP001425.14	SRR5949135	1.1543244711383844
AP001425.14	SRR5949136	1.1544018504729736
AP001425.14	SRR5949137	1.1537285180296166
AP001425.14	SRR5949138	1.154127700715507
AP001425.14	SRR5949139	1.1542342444976637
AP001425.14	SRR5949140	1.1543861423812125
AP001425.14	SRR5949141	1.1544066367558048
AP001425.14	SRR5949142	1.1543861423812125
AP001425.14	SRR5949143	1.1544080735423528
AP001425.14	SRR5949144	1.154243037085462
AP001425.14	SRR5949145	1.1542881659876676
AP001425.14	SRR5949146	1.1542763738511965
AP001425.14	SRR5949147	1.1542763738511965
AP001425.14	SRR5949148	1.1535426695350546
AP001425.14	SRR5949149	1.1542881659876676
AP001425.14	SRR5949150	1.1544066367558048
AP001425.14	SRR5949151	1.1540843659274789
AP001425.14	SRR5949152	1.1521642390280358
AP001425.14	SRR5949153	1.1542129775631536
AP001425.14	SRR5949154	1.1532523441137337
AP001425.14	SRR5949155	1.1542881659876676
AP001425.14	SRR5949156	1.1544066367558048
AP001425.14	SRR5949157	1.1543930374941627
AP001425.14	SRR5949158	1.1544080735423528
AP001425.14	SRR5949159	1.1533709738650642
AP001425.14	SRR5949160	1.1543930374941627
AP001425.14	SRR5949161	1.1543861423812125
AP001425.14	SRR5949162	1.1543930374941627
AP001425.14	SRR5949163	1.1544066367558048
AP001425.14	SRR5949164	1.1544080735423528
AP001425.14	SRR5949165	1.154328975937927
AP001425.14	SRR5949166	1.1544066367558048
AP001425.14	SRR5949167	1.1542881659876676
AP001425.14	SRR5949168	1.1543244711383844
AP001425.14	SRR5949169	1.1496389762158161
AP001425.14	SRR5949170	1.1544080735423528
AP001425.14	SRR5949171	1.1541360045743105
AP001425.14	SRR5949172	1.1541312616794417
AP001425.14	SRR5949173	1.1543930374941627
AP001425.14	SRR5949174	1.1543244711383844
AP001425.14	SRR5949175	1.1544080735423528
AP001425.14	SRR5949176	1.1542612816136126
AP001425.14	SRR5949177	1.153448318699057
AP001425.14	SRR5949178	1.1542129775631536
AP001425.14	SRR5949179	1.1543861423812125
AP001425.14	SRR5949180	1.1544080735423528
AP001425.14	SRR5949181	1.1544018504729736
AP001425.14	SRR5949182	1.154243037085462
AP001425.14	SRR5949183	1.1544066367558048
AP001425.14	SRR5949184	1.154328975937927
AP001425.14	SRR5949185	1.1541312616794417
AP001425.14	SRR5949186	1.1537962707798937
AP001425.14	SRR5949187	1.1543861423812125
AP001425.14	SRR5949188	1.1543244711383844
AP001425.14	SRR5949189	1.1542612816136126
AP001425.14	SRR5949190	1.1542881659876676
AP001425.14	SRR5949191	1.1541360045743105
AP001425.14	SRR5949192	1.1544018504729736
AP001425.14	SRR5949193	1.1544066367558048
AP001425.14	SRR5949194	1.1543930374941627
AP001425.14	SRR5949195	1.154328975937927
AP001425.14	SRR5949196	1.1541454974839138
AP001425.14	SRR5949197	1.153987572083333
AP001425.14	SRR5949198	1.153664101949279
AP001425.14	SRR5949199	1.1542193125787963
AP001425.14	SRR5949200	1.1544066367558048
AP001425.14	SRR5949201	1.1543244711383844
AP001425.14	SRR5949202	1.1543861423812125
AP001425.14	SRR5949203	1.1543930374941627
AP001425.14	SRR5949204	1.1544080735423528
AP001425.14	SRR5949205	1.1544080735423528
AP001425.14	SRR5949206	1.154328975937927
AP001425.14	SRR5949207	1.1543930374941627
AP001425.14	SRR5949208	1.1542881659876676
AP001425.14	SRR5949209	1.1543930374941627
AP001425.14	SRR5949210	1.1543244711383844
AP001425.14	SRR5949211	1.153987572083333
AP001425.14	SRR5949212	1.1543244711383844
AP001425.14	SRR5949213	1.1542193125787963
AP001425.14	SRR5949214	1.1540843659274789
AP001425.14	SRR5949215	1.1542612816136126
AP001425.14	SRR5949216	1.1543861423812125
AP001425.14	SRR5949217	1.1543861423812125
AP001425.14	SRR5949218	1.154243037085462
AP001425.14	SRR5949219	1.1542612816136126
AP001425.14	SRR5949220	1.1541312616794417
AP001425.14	SRR5949221	1.1540843659274789
AP001425.14	SRR5949222	1.1542612816136126
AP001425.14	SRR5949223	1.153448318699057
AP001425.14	SRR5949224	1.1542881659876676
AP001425.14	SRR5949225	1.1544018504729736
AP001425.14	SRR5949226	1.1541312616794417
AP001425.14	SRR5949227	1.1544018504729736
AP001425.14	SRR5949228	1.1541312616794417
AP001425.14	SRR5949229	1.154127700715507
AP001425.14	SRR5949230	1.1544018504729736
AP001425.14	SRR5949231	1.1540286696356532
AP001425.14	SRR5949232	1.1531855179973023
AP001425.14	SRR5949233	1.1534681238443258
AP001425.14	SRR5949234	1.1542763738511965
AP001425.14	SRR5949235	1.1541312616794417
AP001425.14	SRR5949236	1.1524349692227331
AP001425.14	SRR5949237	1.1540286696356532
AP001425.14	SRR5949238	1.1537962707798937
AP001425.14	SRR5949239	1.152631812552955
AP001425.14	SRR5949240	1.1544066367558048
AP001425.14	SRR5949241	1.1542881659876676
AP001425.14	SRR5949242	1.1543244711383844
AP001425.14	SRR5949243	1.1542129775631536
AP001425.14	SRR5949244	1.1542193125787963
AP001425.14	SRR5949245	1.1542342444976637
AP001425.14	SRR5949246	1.1543244711383844
AP001425.14	SRR5949247	1.1542763738511965
AP001425.14	SRR5949248	1.154328975937927
AP001425.14	SRR5949249	1.1543244711383844
AP001425.14	SRR5949250	1.1544080735423528
AP001425.14	SRR5949251	1.1541312616794417
AP001425.14	SRR5949252	1.1543930374941627
AP001425.14	SRR5949253	1.1539534513664238
AP001425.14	SRR5949254	1.154099487946561
AP001425.14	SRR5949255	1.1543244711383844
AP001425.14	SRR5949256	1.1542342444976637
AP001425.14	SRR5949257	1.1544066367558048
AP001425.14	SRR5949258	1.1544066367558048
AP001425.14	SRR5949259	1.154243037085462
AP001425.14	SRR5949260	1.1544080735423528
AP001425.14	SRR5949261	1.1544080735423528
AP001425.14	SRR5949262	1.1542193125787963
AP001425.14	SRR5949263	1.154328975937927
AP001425.14	SRR5949264	1.1542612816136126
AP001425.14	SRR5949265	1.1543930374941627
AP001425.14	SRR5949266	1.1537626724135772
AP001425.14	SRR5949267	1.1537779842987672
AP001425.14	SRR5949268	1.1544018504729736
AP001425.14	SRR5949269	1.1542612816136126
AP001425.14	SRR5949270	1.1543244711383844
AP001425.14	SRR5949271	1.154119770897195
AP001425.14	SRR5949272	1.1544080735423528
AP001425.14	SRR5949273	1.1544080735423528
AP001425.14	SRR5949274	1.154328975937927
AP001425.14	SRR5949275	1.154099487946561
AP001425.14	SRR5949276	1.154328975937927
AP001425.14	SRR5949277	1.1537779842987672
AP001425.14	SRR5949278	1.1543861423812125
AP001425.14	SRR5949279	1.1543861423812125
AP001425.14	SRR5949280	1.1539394876265088
AP001425.14	SRR5949281	1.1543244711383844
AP001425.14	SRR5949282	1.1544080735423528
AP001425.14	SRR5949283	1.154043329391819
AP001425.14	SRR5949284	1.1544080735423528
AP001425.14	SRR5949285	1.15317802952035
AP001425.14	SRR5949286	1.1537626724135772
AP001425.14	SRR5949287	1.1544080735423528
AP001425.14	SRR5949288	1.1543861423812125
AP001425.14	SRR5949289	1.1542342444976637
AP001425.14	SRR5949290	1.1544080735423528
AP001425.14	SRR5949291	1.1543244711383844
AP001425.14	SRR5949292	1.1542763738511965
AP001425.14	SRR5949293	1.1544080735423528
AP001425.14	SRR5949294	1.1544066367558048
AP001425.14	SRR5949295	1.1543861423812125
AP001425.14	SRR5949296	1.154328975937927
AP001425.14	SRR5949297	1.1543930374941627
AP001425.14	SRR5949298	1.1541360045743105
AP001425.14	SRR5949299	1.1542763738511965
AP001425.14	SRR5949300	1.1544066367558048
AP001425.14	SRR5949301	1.1544066367558048
AP001425.14	SRR5949302	1.1542342444976637
AP001425.14	SRR5949303	1.1541454974839138
AP001425.14	SRR5949304	1.1543930374941627
AP001425.14	SRR5949305	1.1537652995205527
AP001425.14	SRR5949306	1.1543930374941627
AP001425.14	SRR5949307	1.1542763738511965
AP001425.14	SRR5949308	1.154328975937927
AP001425.14	SRR5949309	1.154119770897195
AP001425.14	SRR5949310	1.154119770897195
AP001425.14	SRR5949311	1.1542763738511965
AP001425.14	SRR5949312	1.1540148338403267
AP001425.14	SRR5949313	1.1543244711383844
AP001425.14	SRR5949314	1.1544066367558048
AP001425.14	SRR5949315	1.1543244711383844
AP001425.14	SRR5949316	1.1543861423812125
AP001425.14	SRR5949317	1.1538444146289202
AP001425.14	SRR5949318	1.1537833054890896
AP001425.14	SRR5949319	1.1543930374941627
AP001425.14	SRR5949320	1.1544080735423528
AP001425.14	SRR5949321	1.154328975937927
AP001425.14	SRR5949322	1.1541312616794417
AP001425.14	SRR5949323	1.1543244711383844
AP001425.14	SRR5949324	1.1544080735423528
AP001425.14	SRR5949325	1.1543861423812125
AP001425.14	SRR5949326	1.1542881659876676
AP001425.14	SRR5949327	1.1537250692562184
AP001425.14	SRR5949328	1.1543930374941627
AP001425.14	SRR5949329	1.1544018504729736
AP001425.14	SRR5949330	1.1543861423812125
AP001425.14	SRR5949331	1.1544018504729736
AP001425.14	SRR5949332	1.1544080735423528
AP001425.14	SRR5949333	1.154243037085462
AP001425.14	SRR5949334	1.1540148338403267
AP001425.14	SRR5949335	1.1544066367558048
AP001425.14	SRR5949336	1.154328975937927
AP001425.14	SRR5949337	1.1544018504729736
AP001425.14	SRR5949338	1.1543861423812125
AP001425.14	SRR5949339	1.1543861423812125
AP001425.14	SRR5949340	1.1541454974839138
AP001425.14	SRR5949341	1.154243037085462
AP001425.14	SRR5949342	1.1543930374941627
AP001425.14	SRR5949343	1.1542612816136126
AP001425.14	SRR5949344	1.1543930374941627
AP001425.14	SRR5949345	1.1544018504729736
AP001425.14	SRR5949346	1.1537070312898285
AP001425.14	SRR5949347	1.1539830975965506
AP001425.14	SRR5949348	1.1532222126984653
AP001425.14	SRR5949349	1.1543861423812125
AP001425.14	SRR5949350	1.1543244711383844
AP001425.14	SRR5949351	1.1543244711383844
AP001425.14	SRR5949352	1.154328975937927
AP001425.14	SRR5949353	1.1543861423812125
AP001425.14	SRR5949354	1.154118135098547
AP001425.14	SRR5949355	1.1542763738511965
AP001425.14	SRR5949356	1.1513016641508953
AP001425.14	SRR5949357	1.1542763738511965
AP001425.14	SRR5949358	1.1542881659876676
AP001425.14	SRR5949359	1.1543861423812125
AP001425.14	SRR5949360	1.154243037085462
AP001425.14	SRR5949361	1.1542342444976637
AP001425.14	SRR5949362	1.1524373005233322
AP001425.14	SRR5949363	1.1544018504729736
AP001425.14	SRR5949364	1.1541344162995835
AP001425.14	SRR5949365	1.1539534513664238
AP001425.14	SRR5949366	1.151926209413139
AP001425.14	SRR5949367	1.1544080735423528
AP001425.14	SRR5949368	1.1532936707463863
AP001425.14	SRR5949369	1.1544066367558048
AP001425.14	SRR5949370	1.1543930374941627
AP001425.14	SRR5949371	1.154127700715507
AP001425.14	SRR5949372	1.1543244711383844
AP001425.14	SRR5949373	1.1544066367558048
AP001425.14	SRR5949374	1.1541360045743105
AP001425.14	SRR5949375	1.1544066367558048
AP001425.14	SRR5949376	1.1544080735423528
AP001425.14	SRR5949377	1.1543861423812125
AP001425.14	SRR5949378	1.1544080735423528
AP001425.14	SRR5949379	1.1543861423812125
AP001425.14	SRR5949380	1.1535503567545762
AP001425.14	SRR5949381	1.154099487946561
AP001425.14	SRR5949382	1.1543861423812125
AP001425.14	SRR5949383	1.1542193125787963
AP001425.14	SRR5949384	1.1544066367558048
AP001425.14	SRR5949385	1.1542129775631536
AP001425.14	SRR5949386	1.1544080735423528
AP001425.14	SRR5949387	1.1525536382806347
AP001425.14	SRR5949388	1.1540976154898277
AP001425.14	SRR5949389	1.1544080735423528
AP001425.14	SRR5949390	1.1543244711383844
AP001425.14	SRR5949391	1.154127700715507
AP001425.14	SRR5949392	1.1544080735423528
AP001425.14	SRR5949393	1.154127700715507
AP001425.14	SRR5949394	1.154043329391819
AP001425.14	SRR5949395	1.1543244711383844
AP001425.14	SRR5949396	1.153448318699057
AP001425.14	SRR5949397	1.1544066367558048
AP001425.14	SRR5949398	1.1544018504729736
AP001425.14	SRR5949399	1.1542881659876676
AP001425.14	SRR5949400	1.148920661344423
AP001425.14	SRR5949401	1.1544080735423528
AP001425.14	SRR5949402	1.154328975937927
AP001425.14	SRR5949403	1.1542612816136126
AP001425.14	SRR5949404	1.154127700715507
AP001425.14	SRR5949405	1.1543861423812125
AP001425.14	SRR5949406	1.1544066367558048
AP001425.14	SRR5949407	1.1543861423812125
AP001425.14	SRR5949408	1.1543861423812125
AP001425.14	SRR5949409	1.154328975937927
AP001425.14	SRR5949410	1.1543244711383844
AP001425.14	SRR5949411	1.1544080735423528
AP001425.14	SRR5949412	1.1542193125787963
AP001425.14	SRR5949413	1.154328975937927
AP001425.14	SRR5949414	1.1543861423812125
AP001425.14	SRR5949415	1.1543930374941627
AP001425.14	SRR5949416	1.1542763738511965
AP001425.14	SRR5949417	1.154243037085462
AP001425.14	SRR5949418	1.1543861423812125
AP001425.14	SRR5949419	1.1543930374941627
AP001425.14	SRR5949420	1.1542612816136126
AP001425.14	SRR5949421	1.154243037085462
AP001425.14	SRR5949422	1.1542763738511965
AP001425.14	SRR5949423	1.1542763738511965
AP001425.14	SRR5949424	1.1544080735423528
AP001425.14	SRR5949425	1.1542763738511965
AP001425.14	SRR5949426	1.1544018504729736
AP001425.14	SRR5949427	1.1542763738511965
AP001425.14	SRR5949428	1.1544080735423528
AP001425.14	SRR5949429	1.1540148338403267
AP001425.14	SRR5949430	1.1543244711383844
AP001425.14	SRR5949431	1.1543244711383844
AP001425.14	SRR5949432	1.1543244711383844
AP001425.14	SRR5949433	1.1542881659876676
AP001425.14	SRR5949434	1.1542881659876676
AP001425.14	SRR5949435	1.154099487946561
AP001425.14	SRR5949436	1.1543930374941627
AP001425.14	SRR5949437	1.1540843659274789
AP001425.14	SRR5949438	1.1539394876265088
AP001425.14	SRR5949439	1.1544066367558048
AP001425.14	SRR5949440	1.1544018504729736
AP001425.14	SRR5949441	1.1544018504729736
AP001425.14	SRR5949442	1.1541454974839138
AP001425.14	SRR5949443	1.1541312616794417
AP001425.14	SRR5949444	1.1540976154898277
AP001425.14	SRR5949445	1.1544080735423528
AP001425.14	SRR5949446	1.1543930374941627
AP001425.14	SRR5949447	1.1542763738511965
AP001425.14	SRR5949448	1.1544080735423528
AP001425.14	SRR5949449	1.1544080735423528
AP001425.14	SRR5949450	1.1543244711383844
AP001425.14	SRR5949451	1.154243037085462
AP001425.14	SRR5949452	1.1543244711383844
AP001425.14	SRR5949453	1.1542881659876676
AP001425.14	SRR5949454	1.1543861423812125
AP001425.14	SRR5949455	1.1542763738511965
AP001425.14	SRR5949456	1.1544066367558048
AP001425.14	SRR5949457	1.1544018504729736
AP001425.14	SRR5949458	1.1544066367558048
AP001425.14	SRR5949459	1.154328975937927
AP001425.14	SRR5949460	1.154127700715507
AP001425.14	SRR5949461	1.1537652995205527
AP001425.14	SRR5949462	1.1543930374941627
AP001425.14	SRR5949463	1.154119770897195
AP001425.14	SRR5949464	1.154043329391819
AP001425.14	SRR5949465	1.1535426695350546
AP001425.14	SRR5949466	1.1543244711383844
AP001425.14	SRR5949467	1.1536303593625774
AP001425.14	SRR5949468	1.1543930374941627
AP001425.14	SRR5949469	1.1544018504729736
AP001425.14	SRR5949470	1.1543861423812125
AP001425.14	SRR5949471	1.1542612816136126
AP001425.14	SRR5949472	1.154328975937927
AP001425.14	SRR5949473	1.154328975937927
AP001425.14	SRR5949474	1.1542881659876676
AP001425.14	SRR5949475	1.1544080735423528
AP001425.14	SRR5949476	1.1543861423812125
AP001425.14	SRR5949477	1.1544018504729736
AP001425.14	SRR5949478	1.154328975937927
AP001425.14	SRR5949479	1.1538444146289202
AP001425.14	SRR5949480	1.1542612816136126
AP001425.14	SRR5949481	1.1544018504729736
AP001425.14	SRR5949482	1.1542129775631536
AP001425.14	SRR5949483	1.1538715423531325
AP001425.14	SRR5949484	1.1543930374941627
AP001425.14	SRR5949485	1.154099487946561
AP001425.14	SRR5949486	1.1542881659876676
AP001425.14	SRR5949487	1.1542612816136126
AP001425.14	SRR5949488	1.153987572083333
AP001425.14	SRR5949489	1.1541344162995835
AP001425.14	SRR5949490	1.1541360045743105
AP001425.14	SRR5949491	1.1542881659876676
AP001425.14	SRR5949492	1.1541360045743105
AP001425.14	SRR5949493	1.154243037085462
AP001425.14	SRR5949494	1.1544080735423528
AP001425.14	SRR5949495	1.154043329391819
AP001425.14	SRR5949496	1.154243037085462
AP001425.14	SRR5949497	1.1542612816136126
AP001425.14	SRR5949498	1.1543244711383844
AP001425.14	SRR5949499	1.1543930374941627
AP001425.14	SRR5949500	1.1539304288892793
AP001425.14	SRR5949501	1.1541014455850918
AP001425.14	SRR5949502	1.1538715423531325
AP001425.14	SRR5949503	1.1541360045743105
AP001425.14	SRR5949504	1.1543861423812125
AP001425.14	SRR5949505	1.1543861423812125
AP001425.14	SRR5949506	1.1543861423812125
AP001425.14	SRR5949507	1.1544018504729736
AP001425.14	SRR5949508	1.154243037085462
AP001425.14	SRR5949509	1.1543930374941627
AP001425.14	SRR5949510	1.1543861423812125
AP001425.14	SRR5949511	1.1536505416463956
AP001425.14	SRR5949512	1.154328975937927
AP001425.14	SRR5949513	1.1544080735423528
AP001425.14	SRR5949514	1.1542193125787963
AP001425.14	SRR5949515	1.1543930374941627
AP001425.14	SRR5949516	1.1543244711383844
AP001425.14	SRR5949517	1.1543861423812125
AP001425.14	SRR5949518	1.1538715423531325
AP001425.14	SRR5949519	1.154127700715507
AP001425.14	SRR5949520	1.1544018504729736
AP001425.14	SRR5949521	1.1537652995205527
AP001425.14	SRR5949522	1.154328975937927
AP001425.14	SRR5949523	1.1544018504729736
AP001425.14	SRR5949524	1.1542881659876676
AP001425.14	SRR5949525	1.1542129775631536
AP001425.14	SRR5949526	1.1537070312898285
AP001425.14	SRR5949527	1.1541360045743105
AP001425.14	SRR5949528	1.1530313538581225
AP001425.14	SRR5949529	1.1541014455850918
AP001425.14	SRR5949530	1.1542612816136126
AP001425.14	SRR5949531	1.1542342444976637
AP001425.14	SRR5949532	1.1544018504729736
AP001425.14	SRR5949533	1.1544080735423528
AP001425.14	SRR5949534	1.1541454974839138
AP001425.14	SRR5949535	1.1543861423812125
AP001425.14	SRR5949536	1.1543244711383844
AP001425.14	SRR5949537	1.1543930374941627
AP001425.14	SRR5949538	1.1544080735423528
AP001425.14	SRR5949539	1.154243037085462
AP001425.14	SRR5949540	1.154118135098547
AP001425.14	SRR5949541	1.1542612816136126
AP001425.14	SRR5949542	1.154118135098547
AP001425.14	SRR5949543	1.1542881659876676
AP001425.14	SRR5949544	1.154127700715507
AP001425.14	SRR5949545	1.1539394876265088
AP001425.14	SRR5949546	1.1541360045743105
AP001425.14	SRR5949547	1.1544080735423528
AP001425.14	SRR5949548	1.1542881659876676
AP001425.14	SRR5949549	1.1539534513664238
AP001425.14	SRR5949550	1.1535522984622077
AP001425.14	SRR5949551	1.154328975937927
AP001425.14	SRR5949552	1.154043329391819
AP001425.14	SRR5949553	1.1544066367558048
AP001425.14	SRR5949554	1.1543861423812125
AP001425.14	SRR5949555	1.1452054817287791
AP001425.14	SRR5949556	1.154099487946561
AP001425.14	SRR5949557	1.1542881659876676
AP001425.14	SRR5949558	1.154043329391819
AP001425.14	SRR5949559	1.1543930374941627
AP001425.14	SRR5949560	1.1544018504729736
AP001425.14	SRR5949561	1.1537430923754213
AP001425.14	SRR5949562	1.154043329391819
AP001425.14	SRR5949563	1.1542763738511965
AP001425.14	SRR5949564	1.1543244711383844
AP001425.14	SRR5949565	1.1544066367558048
AP001425.14	SRR5949566	1.1543861423812125
AP001425.14	SRR5949567	1.1525839843466772
AP001425.14	SRR5949568	1.154118135098547
AP001425.14	SRR5949569	1.1541344162995835
AP001425.14	SRR5949570	1.1542612816136126
AP001425.14	SRR5949571	1.1539394876265088
AP001425.14	SRR5949572	1.154243037085462
AP001425.14	SRR5949573	1.154127700715507
AP001425.14	SRR5949574	1.1542881659876676
AP001425.14	SRR5949575	1.154243037085462
AP001425.14	SRR5949576	1.1542129775631536
AP001425.14	SRR5949577	1.1544066367558048
AP001425.14	SRR5949578	1.1543244711383844
AP001425.14	SRR5949579	1.1543861423812125
AP001425.14	SRR5949580	1.1543930374941627
AP001425.14	SRR5949581	1.1544080735423528
AP001425.14	SRR5949582	1.1541312616794417
AP001425.14	SRR5949583	1.1544066367558048
AP001425.14	SRR5949584	1.1536496989510014
AP001425.14	SRR5949585	1.154328975937927
AP001425.14	SRR5949586	1.1543861423812125
AP001425.14	SRR5949587	1.1542881659876676
AP001425.14	SRR5949588	1.153006792126308
AP001425.14	SRR5949589	1.1544080735423528
AP001425.14	SRR5949590	1.1541360045743105
AP001425.14	SRR5949591	1.1543930374941627
AP001425.14	SRR5949592	1.154243037085462
AP001425.14	SRR5949593	1.1544080735423528
AP001425.14	SRR5949594	1.154243037085462
AP001425.14	SRR5949595	1.154328975937927
AP001425.14	SRR5949596	1.1542763738511965
AP001425.14	SRR5949597	1.1538444146289202
AP001425.14	SRR5949598	1.154243037085462
AP001425.14	SRR5949599	1.1541344162995835
AP001425.14	SRR5949600	1.1543244711383844
AP001425.14	SRR5949601	1.154243037085462
AP001425.14	SRR5949602	1.1544080735423528
AP001425.14	SRR5949603	1.1543244711383844
AP001425.14	SRR5949604	1.1543861423812125
AP001425.14	SRR5949605	1.154243037085462
AP001425.14	SRR5949606	1.1540286696356532
AP001425.14	SRR5949607	1.1544018504729736
AP001425.14	SRR5949608	1.1537626724135772
AP001425.14	SRR5950246	1.1537070312898285
AP001425.14	SRR5950247	1.154043329391819
AP001425.14	SRR5950248	1.1543244711383844
AP001425.14	SRR5950249	1.1544080735423528
AP001425.14	SRR5950250	1.154127700715507
AP001425.14	SRR5950251	1.1543244711383844
AP001425.14	SRR5950252	1.1544066367558048
AP001425.14	SRR5950253	1.154328975937927
AP001425.14	SRR5950254	1.1540286696356532
AP001425.14	SRR5950255	1.1537779842987672
AP001425.14	SRR5950256	1.1532906572572703
AP001425.14	SRR5950257	1.1532936707463863
AP001425.14	SRR5950258	1.1543244711383844
AP001425.14	SRR5950259	1.1544018504729736
AP001425.14	SRR5950260	1.1543244711383844
AP001425.14	SRR5950261	1.154328975937927
AP001425.14	SRR5950262	1.1542193125787963
AP001425.14	SRR5950263	1.1538444146289202
AP001425.14	SRR5950264	1.1544018504729736
AP001425.14	SRR5950265	1.154119770897195
AP001425.14	SRR5950266	1.153620340573047
AP001425.14	SRR5950267	1.1543244711383844
AP001425.14	SRR5950268	1.154243037085462
AP001425.14	SRR5950269	1.154243037085462
AP001425.14	SRR5950270	1.1539830975965506
AP001425.14	SRR5950271	1.1544080735423528
AP001425.14	SRR5950272	1.1544080735423528
AP001425.14	SRR5950273	1.1543244711383844
AP001425.14	SRR5950274	1.1541454974839138
AP001425.14	SRR5950275	1.154243037085462
AP001425.14	SRR5950276	1.154328975937927
AP001425.14	SRR5950277	1.1541014455850918
AP001425.14	SRR5950278	1.1537962707798937
AP001425.14	SRR5950279	1.1542763738511965
AP001425.14	SRR5950280	1.1543861423812125
AP001425.14	SRR5950281	1.154243037085462
AP001425.14	SRR5950282	1.1538447615632836
AP001425.14	SRR5950283	1.154328975937927
AP001425.14	SRR5950284	1.1511338942169325
AP001425.14	SRR5950285	1.1540843659274789
AP001425.14	SRR5950286	1.1542881659876676
AP001425.14	SRR5950287	1.1537833054890896
AP001425.14	SRR5950288	1.154118135098547
AP001425.14	SRR5950289	1.1537285180296166
AP001425.14	SRR5950290	1.1543930374941627
AP001425.14	SRR5950291	1.154328975937927
AP001425.14	SRR5950292	1.1542193125787963
AP001425.14	SRR5950293	1.1539534513664238
AP001425.14	SRR5950294	1.1544080735423528
AP001425.14	SRR5950295	1.1544018504729736
AP001425.14	SRR5950296	1.1542881659876676
AP001425.14	SRR5950297	1.1540286696356532
AP001425.14	SRR5950298	1.1543930374941627
AP001425.14	SRR5950299	1.1541312616794417
AP001425.14	SRR5950300	1.1542881659876676
AP001425.14	SRR5950301	1.154328975937927
AP001425.14	SRR5950302	1.1542612816136126
AP001425.14	SRR5950303	1.1541454974839138
AP001425.14	SRR5950304	1.1540148338403267
AP001425.14	SRR5950305	1.1542612816136126
AP001425.14	SRR5950306	1.1542763738511965
AP001425.14	SRR5950307	1.1541344162995835
AP001425.14	SRR5950308	1.1542342444976637
AP001425.14	SRR5950309	1.154243037085462
AP001425.14	SRR5950310	1.1542881659876676
AP001425.14	SRR5950311	1.1543930374941627
AP001425.14	SRR5950312	1.1543244711383844
AP001425.14	SRR5950313	1.1542193125787963
AP001425.14	SRR5950314	1.1543930374941627
AP001425.14	SRR5950315	1.154328975937927
AP001425.14	SRR5950316	1.1544018504729736
AP001425.14	SRR5950317	1.1541312616794417
AP001425.14	SRR5950318	1.153987572083333
AP001425.14	SRR5950319	1.1541360045743105
AP001425.14	SRR5950320	1.154119770897195
AP001425.14	SRR5950321	1.1533709738650642
AP001425.14	SRR5950322	1.1541014455850918
AP001425.14	SRR5950323	1.1542129775631536
AP001425.14	SRR5950324	1.1543930374941627
AP001425.14	SRR5950325	1.1542342444976637
AP001425.14	SRR5950326	1.154099487946561
AP001425.14	SRR5950327	1.154328975937927
AP001425.14	SRR5950328	1.154328975937927
AP001425.14	SRR5950329	1.1542881659876676
AP001425.14	SRR5950330	1.1541360045743105
AP001425.14	SRR5950331	1.1539534513664238
AP001425.14	SRR5950332	1.1540843659274789
AP001425.14	SRR5950333	1.1543930374941627
AP001425.14	SRR5950334	1.1543861423812125
AP001425.14	SRR5950335	1.1543861423812125
AP001425.14	SRR5950336	1.1524373005233322
AP001425.14	SRR5950337	1.1537962707798937
AP001425.14	SRR5950338	1.1531742805487435
AP001425.14	SRR5950339	1.1544080735423528
AP001425.14	SRR5950340	1.154127700715507
AP001425.14	SRR5950341	1.1542129775631536
AP001425.14	SRR5950342	1.1544018504729736
AP001425.14	SRR5950343	1.1542342444976637
AP001425.14	SRR5950344	1.154119770897195
AP001425.14	SRR5950345	1.1542129775631536
AP001425.14	SRR5950346	1.1543244711383844
AP001425.14	SRR5950347	1.1542612816136126
AP001425.14	SRR5950348	1.1541344162995835
AP001425.14	SRR5950349	1.1544066367558048
AP001425.14	SRR5950350	1.1543244711383844
AP001425.14	SRR5950351	1.1538444146289202
AP001425.14	SRR5950352	1.1544018504729736
AP001425.14	SRR5950353	1.1542763738511965
AP001425.14	SRR5950354	1.1544018504729736
AP001425.14	SRR5950355	1.1544066367558048
AP001425.14	SRR5950356	1.1537250692562184
AP001425.14	SRR5950357	1.1544018504729736
AP001425.14	SRR5950358	1.1541344162995835
AP001425.14	SRR5950359	1.1542342444976637
AP001425.14	SRR5950360	1.1544018504729736
AP001425.14	SRR5950361	1.1544018504729736
AP001425.14	SRR5950362	1.1541014455850918
AP001425.14	SRR5950363	1.153987572083333
AP001425.14	SRR5950364	1.1541360045743105
AP001425.14	SRR5950365	1.154328975937927
AP001425.14	SRR5950366	1.1543930374941627
AP001425.14	SRR5950367	1.153400485650712
AP001425.14	SRR5950368	1.1542763738511965
AP001425.14	SRR5950369	1.1544080735423528
AP001425.14	SRR5950370	1.1544080735423528
AP001425.14	SRR5950371	1.154328975937927
AP001425.14	SRR5950372	1.1543861423812125
AP001425.14	SRR5950373	1.1542881659876676
AP001425.14	SRR5950374	1.1542763738511965
AP001425.14	SRR5950375	1.1543930374941627
AP001425.14	SRR5950376	1.1544066367558048
AP001425.14	SRR5950377	1.1539830975965506
AP001425.14	SRR5950378	1.1542881659876676
AP001425.14	SRR5950379	1.1542763738511965
AP001425.14	SRR5950380	1.1542129775631536
AP001425.14	SRR5950381	1.1542129775631536
AP001425.14	SRR5950382	1.1537779842987672
AP001425.14	SRR5950383	1.1544066367558048
AP001425.14	SRR5950384	1.1543930374941627
AP001425.14	SRR5950385	1.1537833054890896
AP001425.14	SRR5950386	1.1543861423812125
AP001425.14	SRR5950387	1.1544066367558048
AP001425.14	SRR5950388	1.154127700715507
AP001425.14	SRR5950389	1.1532222126984653
AP001425.14	SRR5950390	1.1542129775631536
AP001425.14	SRR5950391	1.1544080735423528
AP001425.14	SRR5950392	1.1537652995205527
AP001425.14	SRR5950393	1.1541312616794417
AP001425.14	SRR5950394	1.154243037085462
AP001425.14	SRR5950395	1.1542763738511965
AP001425.14	SRR5950396	1.1544080735423528
AP001425.14	SRR5950397	1.1544066367558048
AP001425.14	SRR5950398	1.1544066367558048
AP001425.14	SRR5950399	1.1542193125787963
AP001425.14	SRR5950400	1.1542342444976637
AP001425.14	SRR5950401	1.1543930374941627
AP001425.14	SRR5950402	1.1543930374941627
AP001425.14	SRR5950403	1.154328975937927
AP001425.14	SRR5950404	1.1543861423812125
AP001425.14	SRR5950405	1.153006792126308
AP001425.14	SRR5950406	1.1539304288892793
AP001425.14	SRR5950407	1.154328975937927
AP001425.14	SRR5950408	1.154043329391819
AP001425.14	SRR5950409	1.154127700715507
AP001425.14	SRR5950410	1.1544080735423528
AP001425.14	SRR5950411	1.1544018504729736
AP001425.14	SRR5950412	1.1543861423812125
AP001425.14	SRR5950413	1.1539394876265088
AP001425.14	SRR5950414	1.1543861423812125
AP001425.14	SRR5950415	1.1542193125787963
AP001425.14	SRR5950416	1.154243037085462
AP001425.14	SRR5950417	1.1542342444976637
AP001425.14	SRR5950418	1.154119770897195
AP001425.14	SRR5950419	1.1544018504729736
AP001425.14	SRR5950420	1.1542612816136126
AP001425.14	SRR5950421	1.1541312616794417
AP001425.14	SRR5950422	1.1540976154898277
AP001425.14	SRR5950423	1.1542881659876676
AP001425.14	SRR5950424	1.1543930374941627
AP001425.14	SRR5950425	1.1544018504729736
AP001425.14	SRR5950426	1.1541344162995835
AP001425.14	SRR5950427	1.1543861423812125
AP001425.14	SRR5950428	1.1542881659876676
AP001425.14	SRR5950429	1.1544018504729736
AP001425.14	SRR5950430	1.154243037085462
AP001425.14	SRR5950431	1.1542612816136126
AP001425.14	SRR5950432	1.1543861423812125
AP001425.14	SRR5950433	1.154328975937927
AP001425.14	SRR5950434	1.1541344162995835
AP001425.14	SRR5950435	1.1542881659876676
AP001425.14	SRR5950436	1.1544018504729736
AP001425.14	SRR5950437	1.1542612816136126
AP001425.14	SRR5950438	1.1543930374941627
AP001425.14	SRR5950439	1.1544066367558048
AP001425.14	SRR5950440	1.150186403730464
AP001425.14	SRR5950441	1.1540843659274789
AP001425.14	SRR5950442	1.1543244711383844
AP001425.14	SRR5950443	1.1541454974839138
AP001425.14	SRR5950444	1.154328975937927
AP001425.14	SRR5950445	1.1543861423812125
AP001425.14	SRR5950446	1.1542129775631536
AP001425.14	SRR5950447	1.1539830975965506
AP001425.14	SRR5950448	1.1543244711383844
AP001425.14	SRR5950449	1.1543861423812125
AP001425.14	SRR5950450	1.1544018504729736
AP001425.14	SRR5950451	1.1544080735423528
AP001425.14	SRR5950452	1.154099487946561
AP001425.14	SRR5950453	1.1543930374941627
AP001425.14	SRR5950454	1.1540976154898277
AP001425.14	SRR5950455	1.1543930374941627
AP001425.14	SRR5950456	1.1542881659876676
AP001425.14	SRR5950457	1.1542129775631536
AP001425.14	SRR5950458	1.1544080735423528
AP001425.14	SRR5950459	1.1542612816136126
AP001425.14	SRR5950460	1.1542612816136126
AP001425.14	SRR5950461	1.1543244711383844
AP001425.14	SRR5950462	1.1538715423531325
AP001425.14	SRR5950463	1.1541454974839138
AP001425.14	SRR5950464	1.1541014455850918
AP001425.14	SRR5950465	1.1495981461456477
AP001425.14	SRR5950466	1.1543861423812125
AP001425.14	SRR5950467	1.1542763738511965
AP001425.14	SRR5950468	1.1543244711383844
AP001425.14	SRR5950469	1.1542129775631536
AP001425.14	SRR5950470	1.1544018504729736
AP001425.14	SRR5963912	1.1544080735423528
AP001425.14	SRR5963913	1.154118135098547
AP001425.14	SRR5963914	1.1544080735423528
AP001425.14	SRR5963915	1.154119770897195
AP001425.14	SRR5963916	1.1538752034369077
AP001425.14	SRR5963917	1.154243037085462
AP001425.14	SRR5963918	1.1542612816136126
AP001425.14	SRR5963919	1.1543861423812125
AP001425.14	SRR5963920	1.1542763738511965
AP001425.14	SRR5963921	1.1543930374941627
AP001425.14	SRR5963922	1.1542342444976637
AP001425.14	SRR5963923	1.1542612816136126
AP001425.14	SRR5963924	1.1543861423812125
AP001425.14	SRR5963925	1.154118135098547
AP001425.14	SRR5963926	1.154118135098547
AP001425.14	SRR5963927	1.1544018504729736
AP001425.14	SRR5963928	1.1540843659274789
AP001425.14	SRR5963929	1.154328975937927
AP001425.14	SRR5963930	1.1539394876265088
AP001425.14	SRR5963931	1.1544066367558048
AP001425.14	SRR5963932	1.1542881659876676
AP001425.14	SRR5963933	1.1542193125787963
AP001425.14	SRR5963934	1.153987572083333
AP001425.14	SRR5963935	1.1544080735423528
AP001425.14	SRR5963936	1.1541014455850918
AP001425.14	SRR5963937	1.1537833054890896
AP001425.14	SRR5963938	1.1543244711383844
AP001425.14	SRR5963939	1.1543861423812125
AP001425.14	SRR5963940	1.1543861423812125
AP001425.14	SRR5963941	1.1544080735423528
AP001425.14	SRR5963942	1.1544080735423528
AP001425.14	SRR5963943	1.1543930374941627
AP001425.14	SRR5963944	1.1544080735423528
AP001425.14	SRR5963945	1.1544066367558048
AP001425.14	SRR5963946	1.154328975937927
AP001425.14	SRR5963947	1.154328975937927
AP001425.14	SRR5963948	1.154328975937927
AP001425.14	SRR6467548	1.0098009573572508
AP001425.14	SRR6467549	1.0166962857042838
AP001425.14	SRR6467550	1.0094837492205468
AP001425.14	SRR6467551	1.0165120289381493
AP001425.14	SRR6467552	1.0165938972287623
AP001425.14	SRR6467553	1.0319322215162512
AP001425.14	SRR6467554	1.022575385288971
AP001425.14	SRR6467555	1.0144266845639887
AP001425.14	SRR6467556	1.011851581781421
AP001425.14	SRR6467557	1.011441792883926
AP001425.14	SRR6467558	1.0202923005984328
AP001425.14	SRR6467559	1.002192313736413
AP001425.14	SRR6467560	1.0102367475941127
AP001425.14	SRR6467561	1.007470555541101
AP001425.14	SRR6467562	1.0037998635777572
AP001425.14	SRR6467563	1.006198701649288
AP001425.14	SRR6467564	1.007316154609257
AP001425.14	SRR6467565	1.0097140318888853
AP001425.14	SRR6467566	1.0276080890484358
AP001425.14	SRR6467567	1.0110992213354526
AP001425.14	SRR6467568	1.0041030169842722
AP001425.14	SRR6467569	1.0146718773316246
AP001425.14	SRR6467570	0.9247916000402479
AP001425.14	SRR6467571	1.0007200381067656
AP001425.14	SRR6467572	1.0061815486062775
AP001425.14	SRR6467573	1.006829697727058
AP001425.14	SRR6467574	1
AP001425.14	SRR6467575	0.5716764253757385
AP001425.14	SRR6467576	1.0047192251993753
AP001425.14	SRR6467577	1.0014405946684066
AP001425.14	SRR6467578	1.009862646777912
AP001425.14	SRR6467579	1.0106905274838194
AP001425.14	SRR6467580	0.9523601830764757
AP001425.14	SRR6467581	0.8599482920351685
AP001425.14	SRR6467582	0.941450468834617
AP001425.14	SRR6467583	1
AP001425.14	SRR6467584	1.0036667554019618
AP001425.14	SRR6467585	0.7266206971123287
AP001425.14	SRR6467586	0.7005779092591782
AP001425.14	SRR6467587	0.7901193740878704
AP001425.14	SRR6467588	0.5568227467608717
AP001425.14	SRR6467589	1
AP001425.14	SRR6467590	1.0028083682939712
AP001425.14	SRR6467591	1.010567215117064
AP001425.14	SRR6467592	1.0077848171459254
AP001425.14	SRR6467593	1.0045701845809227
AP001425.14	SRR6467594	0.7350215770546508
AP001425.14	SRR6467595	1.002192313736413
AP001425.14	SRR6467596	1
AP001425.14	SRR6467597	0.8492910639109715
AP001425.14	SRR6467598	0.8943128181116325
AP001425.14	SRR6467599	1.0037804265166004
AP001425.14	SRR6467600	1.004823063289047
AP001425.14	SRR6467601	1.0055770267634287
AP001425.14	SRR6467602	0.6361048560300533
AP001425.14	SRR6467603	1
AP001425.14	SRR6467604	1.0042569254079385
AP001425.14	SRR6467605	1.0036053788169974
AP001425.14	SRR6467606	1
AP001425.14	SRR6467607	1
AP001425.14	SRR6467608	1.0026279344264644
AP001425.14	SRR6467609	1.000179960941952
AP001425.14	SRR6467610	1.0100482822048622
AP001425.14	SRR6467611	0.822746489489523
AP001425.14	SRR6467612	1.0058055966749162
AP001425.14	SRR6467613	1
AP001425.14	SRR6467614	1
AP001425.14	SRR6467615	1.0128041618842896
AP001425.14	SRR6467616	1.0098959578192344
AP001425.14	SRR6467617	1.0067109510861363
AP001425.14	SRR6467618	1
AP001425.14	SRR6467619	0.646426685643631
AP001425.14	SRR6467620	1.0026279344264644
AP001425.14	SRR6467621	1.0051232842269857
AP001425.14	SRR6467622	1.0150684403228711
AP001425.14	SRR6467623	0.7180461888519648
AP001425.14	SRR6467624	1.000179960941952
AP001425.14	SRR6467625	1
AP001425.14	SRR6467626	1
AP001425.14	SRR6467627	1.0100527075660375
AP001425.14	SRR6467628	1
AP001425.14	SRR6467629	0.8747413751703255
AP001425.14	SRR6467630	1.0007200381067656
AP001425.14	SRR6467631	1.0009001286274537
AP001425.14	SRR6467632	1.0071932539431103
AP001425.14	SRR6467633	1
AP001425.14	SRR6467634	1.0040247915978133
AP001425.14	SRR6467635	0.5894118334949451
AP001425.14	SRR6467636	1.0101079633214745
AP001425.14	SRR6467637	1
AP001425.14	SRR6467638	1
AP001425.14	SRR6467639	1.0032000079380652
AP001425.14	SRR6467640	1.02092395433485
AP001425.14	SRR6467641	1.0093092593249926
AP001425.14	SRR6467642	0.852903689013646
AP001425.14	SRR6467643	1.0125162691935943
AP001425.14	SRR6467644	1
AP001425.14	SRR6467645	0.6197967678174899
AP001425.14	SRR6467646	1
AP001425.14	SRR6467647	0.7606548841669499
AP001425.14	SRR6467648	1.0058055966749162
AP001425.14	SRR6467649	1.0052958813429669
AP001425.14	SRR6467650	1.0054744269623506
AP001425.14	SRR6467651	1.0029413626288513
AP001425.14	SRR6467652	1.000179960941952
AP001425.14	SRR6467653	1.0099534202493201
AP001425.14	SRR6467654	1.003747088789452
AP001425.14	SRR6467655	1
AP001425.14	SRR6467656	0.9519895927372466
AP001425.14	SRR6467657	1
AP001425.14	SRR6467658	1
AP001425.14	SRR6467659	0.7919435412301603
AP001425.14	SRR6467660	1.0068477100204776
AP001425.14	SRR6467661	0.7019179640025505
AP001425.14	SRR6467662	0.8948753904986294
AP001425.14	SRR6467663	1.0028083682939712
AP001425.14	SRR6467664	0.643659726649707
AP001425.14	SRR6467665	1
AP001425.14	SRR6467666	1
AP001425.14	SRR6467667	0.6064444850401363
AP001425.14	SRR6467668	0.7233894982198812
AP001425.14	SRR6467669	1
AP001425.14	SRR6467670	1
AP001425.14	SRR6467671	0.9374023324575674
AP001425.14	SRR6467672	1.0088613809216063
AP001425.14	SRR6467673	1.0095966497061606
AP001425.14	SRR6467674	1.0063138266234677
AP001425.14	SRR6467675	1.0086549004496244
AP001425.14	SRR6467676	0.5806884835255499
AP001425.14	SRR6467677	1
AP001425.14	SRR6467678	1
AP001425.14	SRR6467679	1
AP001425.14	SRR6467680	1.010729395665764
AP001425.14	SRR6467681	1
AP001425.14	SRR6467682	1.0060111690650306
AP001425.14	SRR6467683	1.0111991340219961
AP001425.14	SRR6467684	1.002611135988753
AP001425.14	SRR6467685	1.0141034233036246
AP001425.14	SRR6467686	1.0014712162978496
AP001425.14	SRR6467687	0.6656965748662134
AP001425.14	SRR6467688	0.998585357575692
AP001425.14	SRR6467689	1.0099508789230731
AP001425.14	SRR6467690	1.0054839199293288
AP001425.14	SRR6467691	1.0055634218052374
AP001425.14	SRR6467692	1.0010802515574013
AP001425.14	SRR6467693	0.9913056239850421
AP001425.14	SRR6467694	1.0075961189816243
AP001425.14	SRR6467695	1.0045701845809227
AP001425.14	SRR6467696	0.6749114485651377
AP001425.14	SRR6467697	1
AP001425.14	SRR6467698	1.0046960648887655
AP001425.14	SRR6467699	1
AP001425.14	SRR6467700	0.7267923852742925
AP001425.14	SRR6467701	1
AP001425.14	SRR6467702	1.0143385323766478
AP001425.14	SRR6467703	1.0123945241480405
AP001425.14	SRR6467704	1.0028083682939712
AP001425.14	SRR6467705	1.0065322517366486
AP001425.14	SRR6467706	1.0184483735704168
AP001425.14	SRR6467707	1
AP001425.14	SRR6467708	1.0017262519502124
AP001425.14	SRR6467709	1
AP001425.14	SRR6467710	1.0009001286274537
AP001425.14	SRR6467711	1.0013658060526471
AP001425.14	SRR6467712	1.0112948620213962
AP001425.14	SRR6467713	0.48220358781884687
AP001425.14	SRR6467714	1.0059866023975144
AP001425.14	SRR6467715	1
AP001425.14	SRR6467716	1
AP001425.14	SRR6467717	1.012284376852264
AP001425.14	SRR6467718	1.0154230574273704
AP001425.14	SRR6467719	1.003656921931823
AP001425.14	SRR6467720	1
AP001425.14	SRR6467721	1.001620814861132
AP001425.14	SRR6467722	1
AP001425.14	SRR6467723	1
AP001425.14	SRR6467724	1
AP001425.14	SRR6467725	1
AP001425.14	SRR6467726	0.7977348804247648
AP001425.14	SRR6467727	1.002342020016362
AP001425.14	SRR6467728	1
AP001425.14	SRR6467729	1.0069368264130596
AP001425.14	SRR6467730	1.0021448794325023
AP001425.14	SRR6467731	1.0098953358933669
AP001425.14	SRR6467732	0.7064213964404553
AP001425.14	SRR6467733	1.0017262519502124
AP001425.14	SRR6467734	0.9909934022627375
AP001425.14	SRR6467735	1.0082981694634305
AP001425.14	SRR6467736	1.0062109131444412
AP001425.14	SRR6467737	1.0062291739769658
AP001425.14	SRR6467738	1.0003599542698447
AP001425.14	SRR6467739	1
AP001425.14	SRR6467740	1.0053993370958376
AP001425.14	SRR6467741	1.002011990714717
AP001425.14	SRR6467742	1
AP001425.14	SRR6467743	1
AP001425.14	SRR6467744	1
AP001425.14	SRR6467745	1.000465258632579
AP001425.14	SRR6467746	1.007980111823691
AP001425.14	SRR6467747	0.7034268929002379
AP001425.14	SRR6467748	0.9506814772533128
AP001425.14	SRR6467749	1
AP001425.14	SRR6467750	1.00237266920921
AP001425.14	SRR6467751	1.015116940806616
AP001425.14	SRR6467752	1.0082599653422244
AP001425.14	SRR6467753	0.6652440800530341
AP001425.14	SRR6467754	0.8348079498361667
AP001425.14	SRR6467755	0.8946145117647519
AP001425.14	SRR6467756	1.0012604069024411
AP001425.14	SRR6467757	1
AP001425.14	SRR6467758	1
AP001425.14	SRR6467759	1.0056828803089768
AP001425.14	SRR6467760	1.0077326390518404
AP001425.14	SRR6467761	1.0036974451020118
AP001425.14	SRR6467762	1.0050174895819426
AP001425.14	SRR6467763	0.9587698910949234
AP001425.14	SRR6467764	0.565239050644028
AP001425.14	SRR6467765	1.0012604069024411
AP001425.14	SRR6467766	1.0148654635807097
AP001425.14	SRR6467767	1.0068169239958968
AP001425.14	SRR6467768	1.012490620071433
AP001425.14	SRR6467769	1.017985195307651
AP001425.14	SRR6467770	1
AP001425.14	SRR6467771	1.8812534924088031
AP001425.14	SRR6467772	1.0071624573529558
AP001425.14	SRR6467773	1.0039530476880079
AP001425.14	SRR6868540	1.0146754396324102
AP001425.14	SRR6868541	1.0274634703565282
AP001425.14	SRR6868542	1.0476955519171316
AP001425.14	SRR6868543	1.0150863239093106
AP001425.14	SRR6868544	1.0078390786606577
AP001425.14	SRR6868545	1.0247076064653797
AP001425.14	SRR6868546	1.0156717592642122
AP001425.14	SRR6868557	1.0591086838663382
AP001425.14	SRR6868558	1.0490872194289762
AP001425.14	SRR6868559	2.0650563008350873
AP001425.14	SRR6868560	1.0099740186645438
AP001425.14	SRR6868569	1.0617761523220262
AP001425.14	SRR6868570	1.0214163604819042
AP001425.14	SRR6868571	1.0443666123323176
AP001425.14	SRR6868572	1.0117513905915592
AP001425.14	SRR6868573	1.0409966836392885
AP001425.14	SRR6868574	1.0122229259475997
AP001425.14	SRR6868575	1.025805444460916
AP001425.14	SRR6868576	1.0158996451240243
AP001425.14	SRR6868577	1.0321919880224188
AP001425.14	SRR6868578	1.0155200621012757
AP001425.14	SRR6868579	1.0437286829000922
AP001425.14	SRR6868580	1.0107527325366503
AP001425.14	SRR6868581	1.0339413032942724
AP001425.14	SRR6868582	1.0328155381530846
AP001425.14	SRR6868585	1.0220689021157627
AP001425.14	SRR6868586	1.059503875848675
AP001425.14	SRR6868587	1.059951714856934
AP001425.14	SRR6868588	1.0071852335562725
AP001425.14	SRR6868589	1.0110174866119757
AP001425.14	SRR6868590	1.032033906477247
AP001425.14	SRR6868591	1.0130236388532423
AP001425.14	SRR6868604	1.075755471099352
AP001425.14	SRR6868605	1.0318130709448758
AP001425.14	SRR6868606	1.0405938775744006
AP001425.14	SRR6868607	1.0342544525714972
AP001425.14	SRR6868608	1.024176000194289
AP001425.14	SRR6868609	1.0438891054924728
AP001425.14	SRR6868610	1.038926954961391
AP001425.14	SRR6868620	1.011281179703731
AP001425.14	SRR6868621	1.0218254974768362
AP001425.14	SRR6868622	1.0239774453836796
AP001425.14	SRR6868623	1.0547630248890674
AP001425.14	SRR6868636	1.0437200357863465
AP001425.14	SRR6868637	1.0258536501967699
AP001425.14	SRR6868638	1.0461253585775165
AP001425.14	SRR6868639	1.0107500209553522
AP001425.14	SRR6868650	1.039600004636465
AP001425.14	SRR6868651	1.0289509945514346
AP001425.14	SRR6868652	1.0304077851358955
AP001425.14	SRR6868653	1.0187981972446098
AP001425.14	SRR6868654	1.0150307958235039
AP001425.14	SRR6868655	1.0348903243422032
AP001425.14	SRR6868665	1.0144233528894921
AP001425.14	SRR6868666	1.0102367475941127
AP001425.14	SRR6868667	1.0114938025774427
AP001425.14	SRR6868668	1.0074530555463053
AP001425.14	SRR6868669	1.0076269288321016
AP001425.14	SRR6868670	1.0177421086096043
AP001425.14	SRR6868671	1.0144459931453216
AP001425.14	SRR6868683	1.0126868266683406
AP001425.14	SRR6868684	1.0156791364509994
AP001425.14	SRR6868685	2.0426242891627338
AP001425.14	SRR6868686	1.010279036701863
AP001425.14	SRR6868687	1.0278872533572148
AP001425.14	SRR6868688	1.0267982277074879
AP001425.14	SRR6868689	1.0146059094716162
AP001425.14	SRR6868698	1.0182196176757388
AP001425.14	SRR6868699	1.0070555785765116
AP001425.14	SRR6868700	1.0160549733839008
AP001425.14	SRR6868701	1.0104876136718064
AP001425.14	SRR6868702	1.007678742360192
AP001425.14	SRR6868713	1.0104534576807476
AP001425.14	SRR6868714	1.0184145111104586
AP001425.14	SRR6868715	1.0082988502433663
AP001425.14	SRR6868716	1.0066973307865115
AP001425.14	SRR6868717	1.010251403767141
AP001425.14	SRR6868718	1.0039014257302832
AP001425.14	SRR6868719	1.001620814861132
AP001425.14	SRR6868720	1.0050609507965924
AP001425.14	SRR6868721	1.011241097215616
AP001425.14	SRR6868722	1.0167639054768582
AP001425.14	SRR6868723	1.0194863017371107
AP001425.14	SRR6868724	1.0096892656036671
AP001425.14	SRR6868725	2.008356020066065
AP001425.14	SRR6868726	1.002412783311024
AP001425.14	SRR6868741	1.0144414580063614
AP001425.14	SRR7632756	1.0082812760242865
AP001425.14	SRR7632757	1.0277880420258994
AP001425.14	SRR7632758	1.010659920049916
AP001425.14	SRR7632759	1.029856339080279
AP001425.14	SRR7632760	1.0203110449499115
AP001425.14	SRR7632761	1.0071216685573643
AP001425.14	SRR7632762	1.0487026522067118
AP001425.14	SRR7632763	1.0164129755589333
AP001425.14	SRR7632764	1.0370326174074103
AP001425.14	SRR7632765	1.0026279344264644
AP001425.14	SRR7632766	1.0312070028815916
AP001425.14	SRR7632767	1.00237266920921
AP001425.14	SRR7632768	1.016230093834007
AP001425.14	SRR7632769	1.0114947818507258
AP001425.14	SRR7632770	1.0082739021759193
AP001425.14	SRR7632771	1.0260355560571814
AP001425.14	SRR7632772	1.0193139826231485
AP001425.14	SRR7632773	1.0054132343880438
AP001425.14	SRR7632774	1.0063445972645484
AP001425.14	SRR7632775	1.0225378532123717
AP001425.14	SRR7632776	1.0379594824107194
AP001425.14	SRR7632777	1.0241484491414745
AP001425.14	SRR7632778	1.0041644240028431
AP001425.14	SRR7632779	1.0262203067866917
AP001425.14	SRR7632780	1.0037110248141228
AP001425.14	SRR7632781	1.0615459002112622
AP001425.14	SRR7632782	1.0136901858645806
AP001425.14	SRR7632783	1.0073564665451527
AP001425.14	SRR7632784	1.008719543389948
AP001425.14	SRR7632785	1.0071980517553376
AP001425.14	SRR7632786	1.0416272812793046
AP001425.14	SRR7632787	1.0038931609808308
AP001425.14	SRR7632788	1.0022671640812284
AP001425.14	SRR7632789	1.0182058416695656
AP001425.14	SRR7632790	1.0098400917692503
AP001425.14	SRR7632791	1.0448790382400983
AP001425.14	SRR7632792	1.0073564665451527
AP001425.14	SRR7632793	1.0121408038615827
AP001425.14	SRR7632794	1.0069504499529853
AP001425.14	SRR7632795	1.003227447999251
AP001425.14	SRR7632796	1.0172279399958117
AP001425.14	SRR7632797	1.150699232136202
AP001425.14	SRR7632798	1.0057304820763078
AP001425.14	SRR7632799	1.0307926732391595
AP001425.14	SRR7632800	1.0150544095718905
AP001425.14	SRR7632801	1.0052627748922789
AP001425.14	SRR7632802	1.0350311676136474
AP001425.14	SRR7632803	1.024031967628665
AP001425.14	SRR7632804	1.0405209189801317
AP001425.14	SRR7632805	1.0030944157282213
AP001425.14	SRR7632806	1.004614493841249
AP001425.14	SRR7632807	1.008693162636712
AP001425.14	SRR7632808	1.0082200216621664
AP001425.14	SRR7632809	1.048829496254109
AP001425.14	SRR7632810	1.0041780100330324
AP001425.14	SRR7632811	1.006800055374144
AP001425.14	SRR7632812	1.007179332046641
AP001425.14	SRR7632813	1.0061984068651417
AP001425.14	SRR7632814	1.0035384452564864
AP001425.14	SRR7632815	2.015692898658027
AP001425.14	SRR7632816	1.0754074903933615
AP001425.14	SRR7632817	1.041674851534425
AP001425.14	SRR7632818	1.0054268373142463
AP001425.14	SRR7632819	1.002447533024164
AP001425.14	SRR7632820	1.0068809949439055
AP001425.14	SRR7632821	1.0017262519502124
AP001425.14	SRR7632822	1.0125326368597183
AP001425.14	SRR7632823	1.003680628745282
AP001425.14	SRR7632824	1.0045701845809227
AP001425.14	SRR7632825	1.0028083682939712
AP001425.14	SRR7632826	1.0006453033029128
AP001425.14	SRR7632827	1.055040096796364
AP001425.14	SRR7632828	1.0261404595811736
AP001425.14	SRR7632829	1.0144645279374256
AP001425.14	SRR7632830	1.0486021527253222
AP001425.14	SRR7632831	1.009267486593636
AP001425.14	SRR7632832	1.0146195724571643
AP001425.14	SRR7632833	1.0516979198200802
AP001425.14	SRR7632834	1.029304711338354
AP001425.14	SRR7632835	1.110030669431967
AP001425.14	SRR7632836	1.014927231447063
AP001425.14	SRR7632837	1.006427797534363
AP001425.14	SRR7632838	1.025209041964611
AP001425.14	SRR7632839	1.0114938025774427
AP001425.14	SRR7632840	1.0307338553525334
AP001425.14	SRR7632841	1.1191732546509214
AP001425.14	SRR7632842	1.0018897371991922
AP001425.14	SRR7632843	1.037517112746005
AP001425.14	SRR7632844	1.0397421924636505
AP001425.14	SRR7632845	1.0050068388547722
AP001425.14	SRR7632846	1.049674009840069
AP001425.14	SRR7632847	1.0235807528043444
AP001425.14	SRR7632848	1.0091612557489493
AP001425.14	SRR7632849	1.0113703922046702
AP001425.14	SRR7632850	1.0129099016527614
AP001425.14	SRR7632851	1.0101546064236944
AP001425.14	SRR7632852	1.0012604069024411
AP001425.14	SRR7632853	1.0050683011475585
AP001425.14	SRR7632854	1.006604989330596
AP001425.14	SRR7632855	1
AP001425.14	SRR7632856	1.006471863776459
AP001425.14	SRR7632857	1.0737804448439001
AP001425.14	SRR7632858	1.0371716501108719
AP001425.14	SRR7632859	1.03970249147232
AP001425.14	SRR7632860	1.0755034509256032
AP001425.14	SRR7632861	1.0544086906801657
AP001425.14	SRR7632862	1.0352861076828388
AP001425.14	SRR7632863	1.1276773456759084
AP001425.14	SRR7632864	1.121531795981538
AP001425.14	SRR7632865	1.0014405946684066
AP001425.14	SRR7632866	1.0056799316660756
AP001425.14	SRR7632867	1.0103238937591081
AP001425.14	SRR7632868	1.02565491505434
AP001425.14	SRR7632869	1.0244411256785808
AP001425.14	SRR7632870	1.0038432721370993
AP001425.14	SRR7632871	1.0509978397928912
AP001425.14	SRR7632872	1.032283347644643
AP001425.14	SRR7632873	1.0041780100330324
AP001425.14	SRR7632874	1.0026585923618834
AP001425.14	SRR7632875	1.0016514420012725
AP001425.14	SRR7632876	1.014147795755148
AP001425.14	SRR7632877	1.041135031463042
AP001425.14	SRR7632878	1.022117629031292
AP001425.14	SRR7632879	1.0022671640812284
AP001425.14	SRR7632880	1.0175570139817183
AP001425.14	SRR7632881	1.0138389345446404
AP001425.14	SRR7632882	1.02398215098824
AP001425.14	SRR7632883	1.022587298485006
AP001425.14	SRR7632884	1.0338348047099086
AP001425.14	SRR7632885	1.0050174895819426
AP001425.14	SRR7632886	1.0323339725546605
AP001425.14	SRR7632887	1.0101314025983257
AP001425.14	SRR7632888	1.0381219692204027
AP001425.14	SRR7632889	1.034226163866362
AP001425.14	SRR7632890	1.1021455850880635
AP001425.14	SRR7632891	1.0472249706717598
AP001425.14	SRR7632892	1.0058289958076159
AP001425.14	SRR7632893	1.0382330459409663
AP001425.14	SRR7632894	1.04730409167774
AP001425.14	SRR7632895	1.0116312112491015
AP001425.14	SRR7632896	1.022792885942668
AP001425.14	SRR7632897	1.0040894319687015
AP001425.14	SRR7632898	1.003747088789452
AP001425.14	SRR7632899	1.0069401334995287
AP001425.14	SRR7632900	1.006694084239897
AP001425.14	SRR7632901	1.0063642497626564
AP001425.14	SRR7632902	1.0438489006745157
AP001425.14	SRR7632903	1.0044307900197387
AP001425.14	SRR7632904	1.052639407087551
AP001425.14	SRR7632905	1.0931788245138465
AP001425.14	SRR7632906	1.016476826235516
AP001425.14	SRR7632907	1.0277502386473942
AP001425.14	SRR7632908	1.0040375088472033
AP001425.14	SRR7632909	1.0034554838462202
AP001425.14	SRR7632910	1.0381442455517274
AP001425.14	SRR7632911	1.0129819287449684
AP001425.14	SRR7632912	1.015658017729299
AP001425.14	SRR7632913	1.0588628832226115
AP001425.14	SRR7632914	1.0312943611504022
AP001425.14	SRR7632915	1.0449661158479286
AP001425.14	SRR7632916	1.0199638203063526
AP001425.14	SRR7632917	1.0525477213847285
AP001425.14	SRR7632918	1.0259071739140957
AP001425.14	SRR7632919	1.0087162263813345
AP001425.14	SRR7632920	1.011609827571363
AP001425.14	SRR7632921	1.0121840603993095
AP001425.14	SRR7632922	1.008703153846645
AP001425.14	SRR7632923	1.0104479848105985
AP001425.14	SRR7632924	1.029554096116037
AP001425.14	SRR7632925	1.0351205406829784
AP001425.14	SRR7632926	1.0185058970869778
AP001425.14	SRR7632927	1.0206217073187331
AP001425.14	SRR7632928	1.0033264596879763
AP001425.14	SRR7632929	1.0408852031443403
AP001425.14	SRR7632930	1.0009001286274537
AP001425.14	SRR7632931	1.0007200381067656
AP001425.14	SRR7632932	1.0257541376073018
AP001425.14	SRR7632933	1.0212809727621546
AP001425.14	SRR7632934	1.0044185309372882
AP001425.14	SRR7632935	1.0101127750180565
AP001425.14	SRR7632936	1.02112601210436
AP001425.14	SRR7632937	1.0144478283854719
AP001425.14	SRR7632938	1.0267598473930304
AP001425.14	SRR7632939	1.0281771467044196
AP001425.14	SRR7632940	1.0065268639064227
AP001425.14	SRR7632941	1.0215738909036738
AP001425.14	SRR7632942	1.0358766269652808
AP001425.14	SRR7632943	1
AP001425.14	SRR7632944	1.0184271463668109
AP001425.14	SRR7632945	1
AP001425.14	SRR8928966	1.0088471102473964
AP001425.14	SRR8928967	1.0170282299624092
AP001425.14	SRR8928968	1.0083121068252079
AP001425.14	SRR8928969	1.0083022278420297
AP001425.14	SRR8928970	1.0095999056134282
AP001425.14	SRR8928971	1.0076894214033043
AP001425.14	SRR8928972	1.0535590264470536
AP001425.14	SRR8928973	1.0059656349307404
AP001425.14	SRR8928974	1.084964542884935
AP001425.14	SRR8928975	1.0422268823538081
AP001425.14	SRR8928976	1.0418215850993868
AP001425.14	SRR8928977	1.0194654138015173
AP001425.14	SRR8928978	1.018615945849788
AP001425.14	SRR8928979	1.019328713740916
AP001425.14	SRR8928980	1.0157058979511975
AP001425.14	SRR8928981	1.011720751030811
AP001425.14	SRR8928982	1.0114260163607005
AP001425.14	SRR8928983	1.0019065235500912
AP001425.14	SRR8928984	1.005572915612441
AP001425.14	SRR8928985	1.0167967514698188
AP001425.14	SRR8928986	1.0090130342187602
AP001425.14	SRR8928987	1
AP001425.14	SRR8928988	1
AP001425.14	SRR8928989	1.0173441049815872
AP001425.14	SRR8928990	1.010567215117064
AP001425.14	SRR8928991	1.0177418771007531
AP001425.14	SRR9835604	1.0142586981600068
AP001425.14	SRR9835605	1.0055285640802187
AP001425.14	SRR9835606	1.0021269302544924
AP001425.14	SRR9835607	1.0089702127219256
AP001425.14	SRR9835608	1.0145480117591426
AP001425.14	SRR9835609	1
AP001425.14	SRR9835610	1.0046056873690874
AP001425.14	SRR9835611	1.0010802515574013
AP001425.14	SRR9835612	1.0026585923618834
AP001425.14	SRR9835613	1.005907361762886
AP001425.14	SRR9835614	1.0098834104700367
AP001425.14	SRR9835615	1.0391223290810894
AP001425.14	SRR9835616	1.0073913876363687
AP001425.14	SRR9835617	1.0229877020749545
AP001425.14	SRR9835618	1.0053242528371136
AP001425.14	SRR9835619	1
AP001425.14	SRR9835620	1.0046895250904808
AP001425.14	SRR9835621	1.0065161971835763
AP001425.14	SRR9835622	1.0027334775314678
AP001425.14	SRR9835623	1.000179960941952
AP001425.14	SRR9835624	1.0219149183661382
AP001425.14	SRR9835625	1.0030776094748917
AP001425.14	SRR9835626	1.007514607649033
AP001425.14	SRR9835627	1.002042629816068
AP001425.14	SRR9835628	1.0071447133676017
AP001425.14	SRR9835629	1.0200204342909187
AP001425.14	SRR9835630	1.0553618917185172
AP001425.14	SRR9835631	1.0803218233387206
AP001425.14	SRR9835632	1.002275170713174
AP001425.14	SRR9835633	1.0073851852087703
AP001425.14	SRR9835634	1.0061984068651417
AP001425.14	SRR9835635	1.0097721205463759
AP001425.14	SRR9835636	1.0019813525502068
AP001425.14	SRR9835637	1.0044296285233594
AP001425.14	SRR9835638	1.0095554363800798
AP001425.14	SRR9835639	1.0102931107040372
AP001425.14	SRR9835640	1.0165576694950156
AP001425.14	SRR9835641	1.0037998635777572
AP001425.14	SRR9835642	1.005744383945818
AP001425.14	SRR9835643	1.0038166819322296
AP001425.14	SRR9835644	1.003227447999251
AP001425.14	SRR9835645	1.0291406134587315
AP001425.14	SRR9835646	1.0091888588653615
AP001425.14	SRR9835647	1.0024033193392368
AP001425.14	SRR9835648	1.0297706722545683
AP001425.14	SRR9835649	1.011356708865119
AP001425.14	SRR9835650	1.003794007351424
AP001425.14	SRR9835651	1.0007200381067656
AP001425.14	SRR9835652	1.0155197645862681
AP001425.14	SRR9835653	1.0027641386941393
AP001425.14	SRR9835654	1.0100460688753663
AP001425.14	SRR9835655	1.005099033703485
AP001425.14	SRR9835656	1.0026450268886613
AP001425.14	SRR9835657	1.014825837108375
AP001425.14	SRR9835658	2.004023981429434
AP001425.14	SRR9835659	1.0058777676606245
AP001425.14	SRR9835660	1.007436116480086
AP001425.14	SRR9835661	1.0040112076405936
AP001425.14	SRR9835662	1.0119165119784397
AP001425.14	SRR9835663	1.0198983921367524
AP001425.14	SRR9835664	1.0017262519502124
AP001425.14	SRR9835665	1.004072314883195
AP001425.14	SRR9835666	1
AP001425.14	SRR9835667	1.008216661169957
AP001425.14	SRR9835668	1
AP001425.14	SRR9835669	1.0264232618093723
AP001425.14	SRR9835670	1.0135813928307178
AP001425.14	SRR9835671	1.0133167044062266
AP001425.14	SRR9835672	1.0017262519502124
AP001425.14	SRR9835673	1.0225501145506797
AP001425.14	SRR9835674	1.000465258632579
AP001425.14	SRR9835675	1.0053242528371136
AP001425.14	SRR9835676	1.0888102986472097
AP001425.14	SRR9835677	1.0026279344264644
AP001425.14	SRR9835678	1.0058946208297335
AP001425.14	SRR9835679	0.9644577902512602
AP001425.14	SRR9835680	1.024155415648097
AP001425.14	SRR9835681	1.003004620275643
AP001425.14	SRR9835682	1.0602022500176214
AP001425.14	SRR9835683	2.0124583479539315
AP001425.14	SRR9835684	1.0249675723992049
AP001425.14	SRR9835685	1.0050068388547722
AP001425.14	SRR9835686	1.0132366280807228
AP001425.14	SRR9835687	1.0046316201696393
AP001425.14	SRR9835688	1
AP001425.14	SRR9835689	1.0072516016039186
AP001425.14	SRR9835690	1.0020009198402668
AP001425.14	SRR9835691	1.0088088254590628
AP001425.14	SRR9835692	1.0178751091142868
AP001425.14	SRR9835693	1.0039837461421828
AP001425.14	SRR9835694	1.0101590322507117
AP001425.14	SRR9835695	1.0050899285244395
AP001425.14	SRR9835696	1.0096415363823084
AP001425.14	SRR9835697	1.0050174895819426
AP001425.14	SRR9835698	1.0009307337307534
AP001425.14	SRR9835699	1.0015766376392168
AP001425.14	SRR9835700	1.002192313736413
AP001425.14	SRR9835701	1.0027915668331973
AP001425.14	SRR9835702	1
AP001425.14	SRR9835703	1.0010634790502007
AP001425.14	SRR9835704	1.0045533536019593
AP001425.14	SRR9835705	1.0039498099915638
AP001425.14	SRR9835706	1.0786425861503106
AP001425.14	SRR9835707	1.0010802515574013
AP001425.14	SRR9835708	1.0010054898524368
AP001425.14	SRR9835709	1.0003599542698447
AP001425.14	SRR9835710	1.0142530726569354
AP001425.14	SRR9835711	1.0003599542698447
AP001425.14	SRR9835712	1.0025056057608568
AP001425.14	SRR9835713	1.0019065235500912
AP001425.14	SRR9835714	1.001546012786343
AP001425.14	SRR9835715	1.0049761091178548
AP001425.14	SRR9835716	1.0029413626288513
AP001425.14	SRR9835717	1.0034248015445335
AP001425.14	SRR9835718	1.0154090217747063
AP001425.14	SRR9835719	1.0085412984265218
AP001425.14	SRR9835720	1.0062218151362057
AP001425.14	SRR9835721	1.0147479497795637
AP001425.14	SRR9835722	1.0227754713008923
AP001425.14	SRR9835723	1
AP001425.14	SRR9835724	1.0069060376635988
AP001425.14	SRR9835725	2.0547912004868882
AP001425.14	SRR9835726	1.0007200381067656
AP001425.14	SRR9835727	1.0067684015571978
AP001425.14	SRR9835728	1.0405909251580585
AP001425.14	SRR9835729	1.0032306833661075
AP001425.14	SRR9835730	1.003830557347933
AP001425.14	SRR9835731	1.0510108441028403
AP001425.14	SRR9835732	1.0047034125711976
AP001425.14	SRR9835733	3.0133933444577985
AP001425.14	SRR9835734	1.002553057138948
AP001425.14	SRR9835735	1.0018010674864533
AP001425.14	SRR9835736	1.0119742595178156
AP001425.14	SRR9835737	2.004173655183634
AP001425.14	SRR9835738	1.0017842829024082
AP001425.14	SRR9835739	1.0270643545377112
AP001425.14	SRR9835740	1.0299228329417829
AP001425.14	SRR9835741	1.005276670296832
AP001425.14	SRR9835742	1.0186862015904543
AP001425.14	SRR9835743	1.0342119740740032
AP001425.14	SRR9835744	1.0058153874404083
AP001425.14	SRR9835745	1.022326615823064
AP001425.14	SRR9835746	1.0107941715568822
AP001425.14	SRR9835747	1.0052459323093745
AP001425.14	SRR9835748	1.0304274782164793
AP001425.14	SRR9835749	1
AP001425.14	SRR9835750	1.0082981694634305
AP001425.14	SRR9835751	1.0080480222430843
AP001425.14	SRR9835752	1.040454512254464
AP001425.14	SRR9835753	1.0104884861324797
AP001425.14	SRR9835754	1.0013658060526471
AP001425.14	SRR9835755	1.014416942522608
AP001425.14	SRR9835756	1.0464063323203885
AP001425.14	SRR9835757	1.0039973297278573
AP001425.14	SRR9835758	1.0057304820763078
AP001425.14	SRR9835759	1.0065088362437338
AP001425.14	SRR9835760	1
AP001425.14	SRR9835761	1.000179960941952
AP001425.14	SRR9835762	1.1023719914822634
AP001425.14	SRR9835763	1.0028985763366107
AP001425.14	SRR9835764	1.0025931784597333
AP001425.14	SRR9835765	1.2879622143581448
AP001425.14	SRR9835766	1.0257855942277956
AP001425.14	SRR9835767	1.0369668007927877
AP001425.14	SRR9835768	1
AP001425.14	SRR9835769	1
AP001425.14	SRR9835770	1.0198972127540598
AP001425.14	SRR9835771	1.0054132343880438
AP001425.14	SRR9835772	1.012507584036827
AP001425.14	SRR9835773	1
AP001425.14	SRR9835774	1.0351205406829784
AP001425.14	SRR9835775	1.0050334605858329
AP001425.14	SRR9835776	1.0031693334479748
AP001425.14	SRR9835777	1.002447533024164
AP001425.14	SRR9835778	1.0041473056389194
AP001425.14	SRR9835779	1.0069981117179123
AP001425.14	SRR9835780	1.001546012786343
AP001425.14	SRR9835781	1.0252236336284462
AP001425.14	SRR9835782	1.0049592713378661
AP001425.14	SRR9835783	1
AP001425.14	SRR9835784	1.0040386698901456
AP001425.14	SRR9835785	1.0438963484044135
AP001425.14	SRR9835786	1.0096255681663386
AP001425.14	SRR9835787	1.0028083682939712
AP001425.14	SRR9835788	1.0016514420012725
AP001425.14	SRR9835789	1
AP001425.14	SRR9835790	1.0070872414225938
AP001425.14	SRR9835791	1.0271261374648186
AP001425.14	SRR9835792	0.9928100228361384
AP001425.14	SRR9835793	1.0019813525502068
AP001425.14	SRR9835794	1.000179960941952
AP001425.14	SRR9835795	1.0567801380566075
AP001425.14	SRR9835796	1.0056787687252229
AP001425.14	SRR9835797	1
AP001425.14	SRR9835798	1.001546012786343
AP001425.14	SRR9835799	1.001964564945592
AP001425.14	SRR9835800	1.0011382450861817
AP001425.14	SRR9835801	1.0050027300349125
AP001425.14	SRR9835802	1.0039666308583417
AP001425.14	SRR9867812	2
AP001425.14	SRR9867813	1.4181484679170047
AP001425.14	SRR9867814	0.9788453221167839
AP001425.14	SRR9867815	1
AP001425.14	SRR9867816	1.0005399799895063
AP001425.14	SRR9867817	1.0163129057733336
AP001425.14	SRR9867818	1.0002852463574239
AP001425.14	SRR9867819	1.0422191398357938
AP001425.14	SRR9867820	1.002342020016362
AP001425.14	SRR9867821	1
AP001425.14	SRR9867822	1.0131332467646033
AP001425.14	SRR9867823	1.000179960941952
AP001425.14	SRR9867824	0.7248745529541648
AP001425.14	SRR9867825	2.1042393816151743
AP001425.14	SRR9867826	0.5553764032249933
AP001425.14	SRR9867827	1
AP001425.14	SRR9867828	1.0149613015451313
AP001425.14	SRR9867829	0.7590978137233615
AP001425.14	SRR9867830	1.002011990714717
AP001425.14	SRR9867831	1.3771321028669261
AP001425.14	SRR9879292	0.5354692422405893
AP001425.14	SRR9879293	1.015288110518979
AP001425.14	SRR9879294	1.0204975926045814
AP001425.14	SRR9879295	2.0403608722076743
AP001425.14	SRR9879296	1.0125162691935943
AP001425.14	SRR9879297	1.0160326211514135
AP001425.14	SRR9879298	1.0114727203258032
AP001425.14	SRR9879299	1.004672692112038
AP001425.14	SRR9879300	1.0154291543241525
AP001425.14	SRR9879301	1.002412783311024
AP001425.14	SRR9879302	1.0113873374009947
AP001425.14	SRR9879303	1.0055495224370705
AP001425.14	SRR9879304	1.0171630497984254
AP001425.14	SRR9879305	1.0111215743846396
AP001425.14	SRR9879306	1
AP001425.14	SRR9879307	0.7814476713667206
AP001425.14	SRR9879308	1.012128691075505
AP001425.14	SRR9879309	1.0114738899666313
AP001425.14	T50_307	1.006233098409452
AP001425.14	T50_313	1.0171338971063077
AP001425.14	T50_317	1.017912202260729
AP001425.14	T50_324	1.0121465228691218
AP001425.14	T50_427	1.0173634427914857
AP001425.14	T50_428	1.007839948834571
AP001425.14	T50_431	1.006184793499986
AP001425.14	T50_436	1.0087154193912522
AP001425.14	T50_476	1.008350698322557
AP001425.14	UN_307	1.0133098244040084
AP001425.14	UN_313	1.0145310136075893
AP001425.14	UN_317	1.008356876549466
AP001425.14	UN_324	1.0221880902289606
AP001425.14	UN_427	1.0090657297142456
AP001425.14	UN_428	1.0107927868178097
AP001425.14	UN_431	1.010700365800461
AP001425.14	UN_436	1.0085902616518891
AP001425.14	UN_476	1.0102367475941127
