Gene	sample	counts
CEACAM22P	CM317	1.0496947053399786
CEACAM22P	CMCD140	1.0092852040017053
CEACAM22P	CMCD147	1.0387377232738804
CEACAM22P	CMCD152	18
CEACAM22P	CMCD154	5.048514631916166
CEACAM22P	CMCD159	36.809450077297036
CEACAM22P	CMCD161	4.012254977867145
CEACAM22P	CMCD174	1.0883603953024104
CEACAM22P	CMCD196	2.0177469565283457
CEACAM22P	CMCD198	1.027928565649914
CEACAM22P	CMCD203	1.0031790985514153
CEACAM22P	CMCD211	27.25292548373043
CEACAM22P	CMCD227	15.566608812508951
CEACAM22P	CMCD240	30.5471396479041
CEACAM22P	CMCD259	21
CEACAM22P	CMCD270	2.010341719014156
CEACAM22P	CMCD275	25.21072337907832
CEACAM22P	CMCD282	1.0127082910163139
CEACAM22P	CMCD286	27.144752617634758
CEACAM22P	CMCD287	41
CEACAM22P	CMCD294	1.061130699852429
CEACAM22P	CMCD327	6.030491396441536
CEACAM22P	CMCD335	6.027928185953868
CEACAM22P	CMCD337	5.033178844373637
CEACAM22P	CMCD357	1.0203676217787498
CEACAM22P	CMCD398	5.02902798337458
CEACAM22P	CMCD403	8.057055654096144
CEACAM22P	CMCD422	10.020868275918172
CEACAM22P	CMCD426	11.099960276049138
CEACAM22P	CMCD71	6.037953929335247
CEACAM22P	CMCD72	4.576162268603615
CEACAM22P	CMCD76	27.061213430193167
CEACAM22P	CMCD88	16.00287937507123
CEACAM22P	CMSA256	25
CEACAM22P	CMSA316	1.0080145694811098
CEACAM22P	CMUC110	4
CEACAM22P	CMUC192	4.052615383247743
CEACAM22P	CMUC199	2.0532129883044723
CEACAM22P	CMUC200	3.0069853764786196
CEACAM22P	CMUC208	2.004886869335285
CEACAM22P	CMUC231	2
CEACAM22P	CMUC234	5
CEACAM22P	CMUC285	3.032719927345234
CEACAM22P	CMUC291	2.0131211845560077
CEACAM22P	CMUC295	10.009001286274536
CEACAM22P	CMUC299	2.0058278607852222
CEACAM22P	CMUC301	1.0005399799895063
CEACAM22P	CMUC307	5.013765297547368
CEACAM22P	CMUC313	1.0406199795536664
CEACAM22P	CMUC314	1.0531743294773983
CEACAM22P	CMUC323	1.0232441215691963
CEACAM22P	CMUC324	13.011701672156898
CEACAM22P	CMUC331	1.008979678815539
CEACAM22P	CMUC333	1.0226855040011238
CEACAM22P	CMUC334	4.059055112477171
CEACAM22P	CMUC346	2.0214280805197915
CEACAM22P	CMUC352	8.04762314607595
CEACAM22P	CMUC360	1.0012604069024411
CEACAM22P	CMUC363	1.0255367303100333
CEACAM22P	CMUC365	10.065437279509373
CEACAM22P	CMUC366	3.009824800632428
CEACAM22P	CMUC368	3
CEACAM22P	CMUC377	2.0081174605660173
CEACAM22P	CMUC379	1.0664515526402574
CEACAM22P	CMUC380	2.0353748901675313
CEACAM22P	CMUC383	1.0137840525909332
CEACAM22P	CMUC394	19.138041428360363
CEACAM22P	CMUC419	1.024221051989512
CEACAM22P	CMUC427	11
CEACAM22P	CMUC428	2.012485575885151
CEACAM22P	CMUC431	7.012821900967979
CEACAM22P	CMUC435	12.058649527843004
CEACAM22P	CMUC439	3.0189538224107144
CEACAM22P	CMUC89	5
CEACAM22P	CS219	4.009790132096656
CEACAM22P	CS256	42.09522089141159
CEACAM22P	CS257	1.089979985878173
CEACAM22P	CS259	15.022938487133825
CEACAM22P	CS261	8.181946797099103
CEACAM22P	CS266	1.0344406863242126
CEACAM22P	CS270	8.100634893223797
CEACAM22P	CS277	18.870401892405912
CEACAM22P	CS288	7.0624258413296
CEACAM22P	CS290	2.015870717654586
CEACAM22P	CS292	4.054406575537343
CEACAM22P	CS293	13.207849041965064
CEACAM22P	CS301	7.178510364564857
CEACAM22P	CS306	4.147951183491457
CEACAM22P	CS308	2.0508028396945166
CEACAM22P	CS315	5.132918027715172
CEACAM22P	CS317	16.03653377783126
CEACAM22P	CS322	8.105342321323723
CEACAM22P	CS327	17.079652098654485
CEACAM22P	CS328	5.266113898975813
CEACAM22P	CS330	1.0732794536999326
CEACAM22P	CS331	8.14675329722729
CEACAM22P	CS335	7.567987859010557
CEACAM22P	CS338	2.0589007252978986
CEACAM22P	CS339	1.1642104248974183
CEACAM22P	CS343	5.039656622747741
CEACAM22P	CS344	1.0136851471582224
CEACAM22P	CS350	26.567052542026282
CEACAM22P	CS351	30.246507683330947
CEACAM22P	CS361	1.0231543575157043
CEACAM22P	CS388	1.0331387058791355
CEACAM22P	CS396	1.010589221555441
CEACAM22P	CS405	3.071795076321006
CEACAM22P	CS415	1.0725849893611923
CEACAM22P	CS424	2.070503515694431
CEACAM22P	IM293	5.02638335148416
CEACAM22P	IM296	1.064463289332191
CEACAM22P	IM297	1.0944885764691814
CEACAM22P	IM300	54
CEACAM22P	IM305	7.069183873290257
CEACAM22P	IM309	9.58467995803599
CEACAM22P	IM310	1.0133773385295795
CEACAM22P	IM311	1.0123286697107707
CEACAM22P	IM316	4.02013731334944
CEACAM22P	IM320	3.1362640641782944
CEACAM22P	IM330	6.06071200865196
CEACAM22P	IM332	7.203632885208437
CEACAM22P	IM340	1.0535879064802887
CEACAM22P	IM348	3.104559594363984
CEACAM22P	IM354	14.099847394668252
CEACAM22P	IM356	46.36645782023575
CEACAM22P	IM364	1.016813207554994
CEACAM22P	IM372	4.895006240152816
CEACAM22P	IM374	1.0474599361127908
CEACAM22P	IM376	1.014079534585469
CEACAM22P	IM381	3.0369342365037535
CEACAM22P	IM382	1.0307681061453446
CEACAM22P	IM385	3
CEACAM22P	IM390	7.191541072884317
CEACAM22P	IM397	6.066756026689613
CEACAM22P	IM404	7.0200652335393565
CEACAM22P	IM409	2.0113107461746704
CEACAM22P	IM412	10
CEACAM22P	IM421	1.0155577247460867
CEACAM22P	IM425	10.520033799095726
CEACAM22P	IM432	1.0393271099875068
CEACAM22P	IM438	13
CEACAM22P	IM442	1.0408884293487235
CEACAM22P	IM445	1.0112874661338156
CEACAM22P	IM448	19.414384549942284
CEACAM22P	IM449	3.024968377741516
CEACAM22P	IM451	11.05623895616516
CEACAM22P	IMSA256	7.028388445720205
CEACAM22P	IMSA276	1
CEACAM22P	IMSA286	4
CEACAM22P	IMSA343	4.049598906781293
CEACAM22P	IS_238	19
CEACAM22P	IS238	51.159149663687586
CEACAM22P	IS243	25
CEACAM22P	IS253	23
CEACAM22P	IS283	22
CEACAM22P	IS322	3.030939560391098
CEACAM22P	IS399	9.062460663682568
CEACAM22P	IS418	2.1816534382723103
CEACAM22P	IS430	1.0818719286848866
CEACAM22P	IS437	1.0791582738983603
CEACAM22P	IS444	1.0366814403266558
CEACAM22P	R276CMSA	1.061719097392973
CEACAM22P	R286CMSA	7
CEACAM22P	R292CMSA	1.0041473056389194
CEACAM22P	R292IMSA	1.073657155188672
CEACAM22P	R308CMSA	1.06717128675431
CEACAM22P	R316IMSA	1.0192539459593348
CEACAM22P	R347CMSA	10.634976923549491
CEACAM22P	R347IMSA	1.0621981468028772
CEACAM22P	R371CMSA	1.003980508346738
CEACAM22P	SRR10104064	3.3283545817539895
CEACAM22P	SRR10104065	4.023429011153682
CEACAM22P	SRR10104066	6.112437033075872
CEACAM22P	SRR10104067	3.0691714394204315
CEACAM22P	SRR10104068	4.018623437662486
CEACAM22P	SRR10104069	1.0114572698828992
CEACAM22P	SRR10104070	9.26451449868774
CEACAM22P	SRR10104071	2.321210581704469
CEACAM22P	SRR10104072	4.2795499383828615
CEACAM22P	SRR10104073	4.178616156499452
CEACAM22P	SRR10104074	2.191644685673592
CEACAM22P	SRR10104075	2.302020139074495
CEACAM22P	SRR10104076	1.0276547583233047
CEACAM22P	SRR10104077	3.302333332974504
CEACAM22P	SRR10104078	2.0828544723219533
CEACAM22P	SRR10104079	3.268521407192801
CEACAM22P	SRR10104080	2.243036324071732
CEACAM22P	SRR10104081	4.0633762901890105
CEACAM22P	SRR10104082	2.1645028808327123
CEACAM22P	SRR10104083	6.379193034201938
CEACAM22P	SRR10104084	4.271386941431844
CEACAM22P	SRR10104085	5.111086635593617
CEACAM22P	SRR10104086	4.099138035202992
CEACAM22P	SRR10104087	5.016000039690327
CEACAM22P	SRR10104088	3.027340474803738
CEACAM22P	SRR10104089	2.2694912257192352
CEACAM22P	SRR10104090	8.210428221879127
CEACAM22P	SRR10104091	3.1262589993764953
CEACAM22P	SRR10104092	8.1018710844145
CEACAM22P	SRR10104093	1.034297644620457
CEACAM22P	SRR10104094	1.0340224493748036
CEACAM22P	SRR10104095	4.216246421402441
CEACAM22P	SRR10104096	2.291437150319658
CEACAM22P	SRR10104097	4.252483710956379
CEACAM22P	SRR10104098	2.0595235559633864
CEACAM22P	SRR10104099	1.0474771062612767
CEACAM22P	SRR10104100	3.087192308340663
CEACAM22P	SRR10104101	11.061337743976667
CEACAM22P	SRR10104102	2.0306338613846457
CEACAM22P	SRR10104103	1.05208117298879
CEACAM22P	SRR10104104	5.077488038542306
CEACAM22P	SRR10104105	5.4041759441353525
CEACAM22P	SRR10104106	1.1304558697538387
CEACAM22P	SRR10104107	3.02872682098887
CEACAM22P	SRR10104108	5.034286079765039
CEACAM22P	SRR10104109	2.2367929995383564
CEACAM22P	SRR10104110	3.5695700836833697
CEACAM22P	SRR10104111	2.0654204409439845
CEACAM22P	SRR10104112	1.186621143391241
CEACAM22P	SRR10104113	2.071678817193387
CEACAM22P	SRR10104114	4.691224474090213
CEACAM22P	SRR10104115	1.14422200397898
CEACAM22P	SRR10104116	3.1401890844622233
CEACAM22P	SRR10104117	3.116545904474742
CEACAM22P	SRR10104118	1.143352850751477
CEACAM22P	SRR10104119	1.1898188257203337
CEACAM22P	SRR10104120	2.0541410967525073
CEACAM22P	SRR10104121	3.245324149518038
CEACAM22P	SRR10104122	5.447494548056497
CEACAM22P	SRR10104123	1.082048079369872
CEACAM22P	SRR10104124	1.1164136874736872
CEACAM22P	SRR10104125	4.399232940907506
CEACAM22P	SRR10104126	2.0789094353787654
CEACAM22P	SRR10104127	1.1858382433832468
CEACAM22P	SRR10104128	2.0575533966863597
CEACAM22P	SRR10104129	6.157774593622507
CEACAM22P	SRR10104130	3.1234407550382315
CEACAM22P	SRR10104131	3.0339871393624205
CEACAM22P	SRR10104132	3.0216403114105836
CEACAM22P	SRR10104133	4.655073709688461
CEACAM22P	SRR10104134	7.210748431813511
CEACAM22P	SRR10104135	2.201612160640634
CEACAM22P	SRR10104136	6.0900974809568345
CEACAM22P	SRR10104137	11.077403798060391
CEACAM22P	SRR10104138	1.195501466366171
CEACAM22P	SRR10104139	13.147637215246545
CEACAM22P	SRR10104140	2.2846126026965154
CEACAM22P	SRR10104141	2.11903300632775
CEACAM22P	SRR10104142	3.1539593114792974
CEACAM22P	SRR10104143	4.032713601226265
CEACAM22P	SRR10104144	5.297325857206937
CEACAM22P	SRR10104145	1.0623428698869635
CEACAM22P	SRR10104146	12.11545956603365
CEACAM22P	SRR10104147	9.015385217576913
CEACAM22P	SRR10104148	1.0516475471177122
CEACAM22P	SRR10104149	2.0934899800104145
CEACAM22P	SRR10104150	26.302303959008682
CEACAM22P	SRR10104151	11.08421578595918
CEACAM22P	SRR10104152	22.123676851063124
CEACAM22P	SRR10104153	5.509648747586046
CEACAM22P	SRR10104154	10.305255485236042
CEACAM22P	SRR10104155	3.263623775875621
CEACAM22P	SRR10104156	9.036528572547077
CEACAM22P	SRR10104157	4.195662034115784
CEACAM22P	SRR10104158	10.205155442492758
CEACAM22P	SRR10104159	12.151205603645721
CEACAM22P	SRR10104160	1.1246452493735022
CEACAM22P	SRR10104161	10.017262519502122
CEACAM22P	SRR10104162	15.305069915750114
CEACAM22P	SRR10104163	2.060197623223317
CEACAM22P	SRR10104164	2.039269251839543
CEACAM22P	SRR10104165	3.114818677792342
CEACAM22P	SRR10104166	3.122238787728496
CEACAM22P	SRR10104167	5.112909733016803
CEACAM22P	SRR10104168	4.114476620423184
CEACAM22P	SRR10104169	1.0246876051078921
CEACAM22P	SRR10104170	3.090186460190282
CEACAM22P	SRR10104171	8.191819563069437
CEACAM22P	SRR10104172	1.0338434316089917
CEACAM22P	SRR10104173	9.543498075986733
CEACAM22P	SRR10104174	3.1014924406353424
CEACAM22P	SRR10104175	1.0224777066753272
CEACAM22P	SRR10104176	1.02249117212648
CEACAM22P	SRR10104177	5.126650696321408
CEACAM22P	SRR10104178	2.076829473305533
CEACAM22P	SRR10104179	1.0346450273897643
CEACAM22P	SRR10104180	1.0219501836121274
CEACAM22P	SRR10104181	1.0267665308530658
CEACAM22P	SRR10104182	5.175671929434245
CEACAM22P	SRR10104183	12.571777572743434
CEACAM22P	SRR10104184	1.0212735079721074
CEACAM22P	SRR10104185	8.508855952668696
CEACAM22P	SRR10104186	5.164726302196224
CEACAM22P	SRR10104187	3.2309495367129526
CEACAM22P	SRR10104188	1.0538655428853925
CEACAM22P	SRR10104189	2.1191125196604026
CEACAM22P	SRR10104190	2.2913884813950838
CEACAM22P	SRR10104191	1.1375415852920412
CEACAM22P	SRR10104192	6.156317796643355
CEACAM22P	SRR10104193	12.47810878897482
CEACAM22P	SRR10104194	2.085759809771767
CEACAM22P	SRR10104195	6.251245018530918
CEACAM22P	SRR10104196	6.2438906961777585
CEACAM22P	SRR10104197	1.016827778198725
CEACAM22P	SRR10104198	7.180921468526717
CEACAM22P	SRR10104199	3.2468437421029224
CEACAM22P	SRR10104200	2.070683323785673
CEACAM22P	SRR10104201	1.0262034008940275
CEACAM22P	SRR10104202	7.463095639777698
CEACAM22P	SRR10104203	4.090546957819302
CEACAM22P	SRR10104204	14.438843364514314
CEACAM22P	SRR10104205	2.053730003466309
CEACAM22P	SRR10104206	3.086298243831197
CEACAM22P	SRR10104207	5.163610049086964
CEACAM22P	SRR10104208	3.0529053507636625
CEACAM22P	SRR10104209	2.0463257034391553
CEACAM22P	SRR10104210	2.052609867445913
CEACAM22P	SRR10104211	6.112578291555978
CEACAM22P	SRR10104212	5.093771563158136
CEACAM22P	SRR10104213	1.058921503370994
CEACAM22P	SRR10104214	1.0299744390521086
CEACAM22P	SRR10104215	4.042856161039583
CEACAM22P	SRR10104216	1.060640170595656
CEACAM22P	SRR10104217	1.02491390827642
CEACAM22P	SRR10104218	5.318180183337686
CEACAM22P	SRR10104219	6.380098911915059
CEACAM22P	SRR10104220	4.140467677223
CEACAM22P	SRR10104221	2.1744727206071786
CEACAM22P	SRR10104222	8.305107748527439
CEACAM22P	SRR10104223	1.1766327257469633
CEACAM22P	SRR10104224	6.152310640400657
CEACAM22P	SRR10104225	1.0314165053623716
CEACAM22P	SRR10104226	9.35000420465352
CEACAM22P	SRR10104227	1.074938615735897
CEACAM22P	SRR10104228	1.1189120562490085
CEACAM22P	SRR10104229	1.0371677751979662
CEACAM22P	SRR10104230	1.101165214661461
CEACAM22P	SRR10104231	1.0760855121352966
CEACAM22P	SRR10104232	4.239090568660686
CEACAM22P	SRR10104233	1.0718133708527031
CEACAM22P	SRR10104234	12.280306267330413
CEACAM22P	SRR10104235	5.21801740552897
CEACAM22P	SRR10104236	1.0093078766201782
CEACAM22P	SRR10104237	4.073963985696431
CEACAM22P	SRR10104238	1.0703034082552154
CEACAM22P	SRR10104239	2.1223568157946393
CEACAM22P	SRR10104240	1.0723812048685664
CEACAM22P	SRR10104241	1.0400598513679928
CEACAM22P	SRR10104242	1.063845639897752
CEACAM22P	SRR10104243	1.06730685614599
CEACAM22P	SRR10104244	1.039511551636178
CEACAM22P	SRR10104245	3.122339429311896
CEACAM22P	SRR10104246	2.2116004139806504
CEACAM22P	SRR10104247	1.0564288046419525
CEACAM22P	SRR10104248	6.444514622509384
CEACAM22P	SRR10104249	3.081544993243804
CEACAM22P	SRR10104250	1.153013547676236
CEACAM22P	SRR10104251	8.372837982815033
CEACAM22P	SRR10104252	1.1796947867396619
CEACAM22P	SRR10104253	1.0961853754741664
CEACAM22P	SRR10104254	1.0372141130641137
CEACAM22P	SRR10104255	1.0309957549391915
CEACAM22P	SRR10104256	1.0293845436631004
CEACAM22P	SRR10104257	8.30013690196804
CEACAM22P	SRR10104258	17.52347544506571
CEACAM22P	SRR10224277	1.0244173062905177
CEACAM22P	SRR10224278	1.0926635070500108
CEACAM22P	SRR10224279	1.089250843220296
CEACAM22P	SRR10224280	1.0227917534671278
CEACAM22P	SRR10224281	7.1127718186711935
CEACAM22P	SRR10224282	1.0501757282099426
CEACAM22P	SRR10224283	1.042245924204279
CEACAM22P	SRR10224284	1.1092008744415571
CEACAM22P	SRR10224285	1.1279661106950958
CEACAM22P	SRR10224286	1.0254224279077875
CEACAM22P	SRR10224287	1.033803410459708
CEACAM22P	SRR10224288	1.0962707234129587
CEACAM22P	SRR10224289	1.0935047184878017
CEACAM22P	SRR10224290	1.095529172881304
CEACAM22P	SRR10224291	1.0312113499898703
CEACAM22P	SRR10224292	6.071149143196787
CEACAM22P	SRR10224293	2.0612385207116226
CEACAM22P	SRR10224294	1.0580047935764523
CEACAM22P	SRR10224295	1.0860783600082067
CEACAM22P	SRR10224296	1.0547229540206002
CEACAM22P	SRR10224297	1.1274808217665389
CEACAM22P	SRR10224298	1.0332224020270313
CEACAM22P	SRR10318388	2.014671652161034
CEACAM22P	SRR10318389	2.009406825142395
CEACAM22P	SRR10318390	13.159928748054005
CEACAM22P	SRR10318391	3.0355549924892493
CEACAM22P	SRR10318392	13.180119246349784
CEACAM22P	SRR10318393	15.042125524409569
CEACAM22P	SRR10318394	6.0790676023304195
CEACAM22P	SRR10318395	26.1148395639908
CEACAM22P	SRR10318396	3.0238478735221888
CEACAM22P	SRR10318397	8.046555996661677
CEACAM22P	SRR10318398	16.054796824712536
CEACAM22P	SRR10318399	3.150322337406052
CEACAM22P	SRR10318400	33.48759630097806
CEACAM22P	SRR10318401	5.018026894084987
CEACAM22P	SRR10318402	10.042087153660116
CEACAM22P	SRR10318403	3.0144275224633863
CEACAM22P	SRR10318404	16.027620031203398
CEACAM22P	SRR10318405	15.036049790088551
CEACAM22P	SRR10318406	32.145065066459765
CEACAM22P	SRR10318407	3.029437412521367
CEACAM22P	SRR10318408	2.0060053972103584
CEACAM22P	SRR10318409	21.066203044728304
CEACAM22P	SRR10318410	7.028388445720205
CEACAM22P	SRR10318411	7.0254560252068545
CEACAM22P	SRR10318412	37.178562348525915
CEACAM22P	SRR10318413	4.0152667277289185
CEACAM22P	SRR10318414	6.035367724978402
CEACAM22P	SRR10318415	3.0194341817423282
CEACAM22P	SRR10318416	2.019803107551712
CEACAM22P	SRR10318417	18.12881846716302
CEACAM22P	SRR10318418	5.018735443947259
CEACAM22P	SRR10318419	4.015934984568731
CEACAM22P	SRR10318420	71.12787579153819
CEACAM22P	SRR10318421	10.047436199473786
CEACAM22P	SRR10318422	10.020868275918172
CEACAM22P	SRR10318423	8.011769730382797
CEACAM22P	SRR10318424	29.0605180001627
CEACAM22P	SRR10318425	34.22042215336531
CEACAM22P	SRR10318426	1.0953414278907072
CEACAM22P	SRR10318427	4.432072895080624
CEACAM22P	SRR10318428	11.014502519545708
CEACAM22P	SRR10318429	27.107561145838936
CEACAM22P	SRR10318430	12.103196690169913
CEACAM22P	SRR10318431	2.0103002474432623
CEACAM22P	SRR10318432	55.092336183789165
CEACAM22P	SRR10318433	1.2750020383966563
CEACAM22P	SRR10318434	12.036563264728025
CEACAM22P	SRR10318435	18.10690179314166
CEACAM22P	SRR10318436	6.016400865188806
CEACAM22P	SRR10318437	54.03888205776535
CEACAM22P	SRR10318438	4.0050416276097645
CEACAM22P	SRR10318439	6.024601724569967
CEACAM22P	SRR10318440	13.204540359164367
CEACAM22P	SRR10318441	1.002760904831865
CEACAM22P	SRR10318442	6.17179824483506
CEACAM22P	SRR10318443	7.0159445004196765
CEACAM22P	SRR10318444	1.0084894405469222
CEACAM22P	SRR10318445	5.060249202214921
CEACAM22P	SRR10318446	11.0434479099072
CEACAM22P	SRR10318447	4.041707192858485
CEACAM22P	SRR10318448	11.076036486407054
CEACAM22P	SRR10318449	27.056344344979063
CEACAM22P	SRR10318450	7.036313905825126
CEACAM22P	SRR10318451	17
CEACAM22P	SRR10318452	5.031283484467576
CEACAM22P	SRR10318453	22.43568852633281
CEACAM22P	SRR10318454	14.066513551686356
CEACAM22P	SRR10318455	12.072208356394444
CEACAM22P	SRR10318456	3.0196817768340116
CEACAM22P	SRR10318457	19.029374242940516
CEACAM22P	SRR10318458	6.076158370427516
CEACAM22P	SRR10318459	4.025783294982244
CEACAM22P	SRR10318460	16.063466093733467
CEACAM22P	SRR10318461	15.052704224616905
CEACAM22P	SRR10318462	6.039999296160139
CEACAM22P	SRR10318463	17.052605067379762
CEACAM22P	SRR10318464	7.043368196975086
CEACAM22P	SRR10318465	32.02880411607852
CEACAM22P	SRR10318466	10.093704094610745
CEACAM22P	SRR10318467	5.0253047539829625
CEACAM22P	SRR10318468	19.184951930523646
CEACAM22P	SRR10318469	1.0035136149744603
CEACAM22P	SRR10318470	6
CEACAM22P	SRR10318471	6
CEACAM22P	SRR10318472	7.030800545275232
CEACAM22P	SRR10318473	9.034873505865159
CEACAM22P	SRR10318474	2.008356020066065
CEACAM22P	SRR10318475	7.027981308095001
CEACAM22P	SRR10318476	7.025024901632547
CEACAM22P	SRR10318495	12.012963018688817
CEACAM22P	SRR10318496	5.044027241445687
CEACAM22P	SRR10318497	4.021881264923307
CEACAM22P	SRR10318498	20.018002572549072
CEACAM22P	SRR10318499	16.016087837638988
CEACAM22P	SRR10318500	4.022923106893468
CEACAM22P	SRR10318501	22.106172207231623
CEACAM22P	SRR10318502	5.0026998999475305
CEACAM22P	SRR10318503	16.028817079783252
CEACAM22P	SRR10318504	8.052839914644768
CEACAM22P	SRR10318505	41.022139179569756
CEACAM22P	SRR10318506	7.083438427570166
CEACAM22P	SRR10318507	3.035922778553447
CEACAM22P	SRR10318508	2.0619368910168445
CEACAM22P	SRR10318509	2.0136871873489834
CEACAM22P	SRR10318510	4.031711950034868
CEACAM22P	SRR10318511	15.018906103536619
CEACAM22P	SRR10318512	27.20566225168506
CEACAM22P	SRR10318513	3.0099168337896858
CEACAM22P	SRR10318514	12.055171945438921
CEACAM22P	SRR10318515	3.035791826375897
CEACAM22P	SRR10318516	5.02962689326258
CEACAM22P	SRR10318517	22.05781455738222
CEACAM22P	SRR10318518	8.057385047397215
CEACAM22P	SRR10318519	10.047192251993753
CEACAM22P	SRR10318520	26.051515166305375
CEACAM22P	SRR10318521	12.043431015743158
CEACAM22P	SRR10318522	25.034145151316178
CEACAM22P	SRR10318523	5.011335820406142
CEACAM22P	SRR10318524	1.0076746226166553
CEACAM22P	SRR10318525	7.043388848055993
CEACAM22P	SRR10318526	4.026064788734305
CEACAM22P	SRR10318527	8.002879634158758
CEACAM22P	SRR10318528	12.030435119469136
CEACAM22P	SRR10318529	8.018137312649827
CEACAM22P	SRR10318530	3.02022099322336
CEACAM22P	SRR10318531	17.151605614657598
CEACAM22P	SRR10318532	7.057775884123193
CEACAM22P	SRR10318533	3.0695721487341765
CEACAM22P	SRR10318534	9.158099045725338
CEACAM22P	SRR10318535	6.092985646250767
CEACAM22P	SRR10318536	10.040554922457437
CEACAM22P	SRR10318537	11.119256535383649
CEACAM22P	SRR10318538	6.010990200829696
CEACAM22P	SRR10318539	5.036083426791836
CEACAM22P	SRR10318540	22.119905007980154
CEACAM22P	SRR10318541	10.070904892371239
CEACAM22P	SRR10318542	3.0241022655948226
CEACAM22P	SRR10318543	12.120094350589248
CEACAM22P	SRR10318544	1.0024781854433447
CEACAM22P	SRR10318545	3.025891873729395
CEACAM22P	SRR10318546	8.011524757347253
CEACAM22P	SRR10318547	5.019765238440039
CEACAM22P	SRR10318548	4.019359595147649
CEACAM22P	SRR10318549	2.013750499711109
CEACAM22P	SRR10318568	4.012610103757772
CEACAM22P	SRR10318569	6.004952282245531
CEACAM22P	SRR10318570	3.031906787762416
CEACAM22P	SRR10318571	11.009079184116807
CEACAM22P	SRR10318572	4.019003871910387
CEACAM22P	SRR10318573	8.011769730382797
CEACAM22P	SRR10318574	18.043753276961485
CEACAM22P	SRR10318575	10.04697070956509
CEACAM22P	SRR10318576	3.012921240109778
CEACAM22P	SRR10318577	19.055045416100924
CEACAM22P	SRR10318578	10.009001286274536
CEACAM22P	SRR10318579	8.025220207515543
CEACAM22P	SRR10318580	16.021852896842354
CEACAM22P	SRR10318581	10
CEACAM22P	SRR10875803	4.055750469544977
CEACAM22P	SRR10875804	1.1053997374282105
CEACAM22P	SRR10875805	14.023981409200427
CEACAM22P	SRR10875806	0.8631412234827924
CEACAM22P	SRR10875807	1.9213812002790407
CEACAM22P	SRR10875808	0.9089334807779137
CEACAM22P	SRR10875809	10.116175316209109
CEACAM22P	SRR10875810	2.710939172525331
CEACAM22P	SRR10875812	40
CEACAM22P	SRR10875813	24.288591507951992
CEACAM22P	SRR10875814	2.0079946594557145
CEACAM22P	SRR10875815	1
CEACAM22P	SRR10875816	4
CEACAM22P	SRR10875817	16.111847745480198
CEACAM22P	SRR10875818	2.1673113288765427
CEACAM22P	SRR10875819	1
CEACAM22P	SRR10875820	0.6201780358882866
CEACAM22P	SRR10875821	3.7905753410078993
CEACAM22P	SRR10875822	3.57041836075403
CEACAM22P	SRR10875823	74
CEACAM22P	SRR10875824	1.2064679545494912
CEACAM22P	SRR10875825	1.0017568823143634
CEACAM22P	SRR10875826	50.50996886208318
CEACAM22P	SRR10875827	27.421022429834817
CEACAM22P	SRR10875829	1.5019861525988887
CEACAM22P	SRR10875830	15
CEACAM22P	SRR10875831	3.0107152484108766
CEACAM22P	SRR10875832	7
CEACAM22P	SRR10875834	2.0066725798407297
CEACAM22P	SRR10875835	31
CEACAM22P	SRR10875836	0.9375174267314332
CEACAM22P	SRR10875837	8.027033939846714
CEACAM22P	SRR10875838	1
CEACAM22P	SRR10875839	0.7386586543325293
CEACAM22P	SRR10875840	26.804300592419338
CEACAM22P	SRR10875841	32.12213382183135
CEACAM22P	SRR10875842	0.6930808109926465
CEACAM22P	SRR10875843	1.6538900903180662
CEACAM22P	SRR10875844	1.5997561774679832
CEACAM22P	SRR10875845	24.31288811409809
CEACAM22P	SRR10875846	14.41502489761248
CEACAM22P	SRR10875847	17.563094129297458
CEACAM22P	SRR10875848	1
CEACAM22P	SRR10875849	3.8442326230793293
CEACAM22P	SRR10875850	1.000179960941952
CEACAM22P	SRR10875851	0.8712448993588919
CEACAM22P	SRR10875852	0.806845693372095
CEACAM22P	SRR10875853	2.004384627472826
CEACAM22P	SRR10875854	1.6771277253840282
CEACAM22P	SRR10875855	2.1866055225481276
CEACAM22P	SRR10875856	7.408287035369516
CEACAM22P	SRR10875857	1.1572343743834597
CEACAM22P	SRR10875858	0.9306989446855669
CEACAM22P	SRR10875859	2
CEACAM22P	SRR10875860	0.6526066699460261
CEACAM22P	SRR10875861	3.540513776343332
CEACAM22P	SRR10875862	1.1593623561847113
CEACAM22P	SRR10875863	1.0054141363639215
CEACAM22P	SRR10875864	31
CEACAM22P	SRR10875865	0.8428758251468422
CEACAM22P	SRR10875866	10.368519837352979
CEACAM22P	SRR10875867	7.663521842563067
CEACAM22P	SRR10875868	15.964511655498796
CEACAM22P	SRR10875869	3
CEACAM22P	SRR10875870	4.718643525374654
CEACAM22P	SRR10875871	33.00593871108442
CEACAM22P	SRR10875872	1.166122844588776
CEACAM22P	SRR10875873	0.8034134029872585
CEACAM22P	SRR10875874	2.3358443428690485
CEACAM22P	SRR10875875	0.9855354753510438
CEACAM22P	SRR10875876	65
CEACAM22P	SRR10875877	1.610755260501707
CEACAM22P	SRR10875878	94.74433631788172
CEACAM22P	SRR10875879	2
CEACAM22P	SRR10875880	53.211858475576435
CEACAM22P	SRR10875881	32.64404602911166
CEACAM22P	SRR10875882	1
CEACAM22P	SRR10875883	69.44420708196081
CEACAM22P	SRR10875884	0.9714906666798725
CEACAM22P	SRR10875885	1.0018317001382826
CEACAM22P	SRR10875886	74.55684924371315
CEACAM22P	SRR10875887	22
CEACAM22P	SRR10875888	32.90308682825247
CEACAM22P	SRR10875889	264.58935904382633
CEACAM22P	SRR10875890	35.07673098077446
CEACAM22P	SRR10875891	1
CEACAM22P	SRR10875892	17.87750101599408
CEACAM22P	SRR10875893	25
CEACAM22P	SRR10875894	2.0740237230838443
CEACAM22P	SRR10875895	70
CEACAM22P	SRR10875896	1.0100794629576413
CEACAM22P	SRR10875897	105.26807099958954
CEACAM22P	SRR10875898	2.8373995787591197
CEACAM22P	SRR10875899	7.16860688316419
CEACAM22P	SRR10875900	2.007471071821922
CEACAM22P	SRR10875901	2.004384627472826
CEACAM22P	SRR10875902	330.51681719976744
CEACAM22P	SRR12430469	8
CEACAM22P	SRR12430470	3.3926632886379617
CEACAM22P	SRR12430471	3.880019493174524
CEACAM22P	SRR12430472	1.9205680529484668
CEACAM22P	SRR12430473	3
CEACAM22P	SRR12430474	8.134637173153864
CEACAM22P	SRR12430475	1.9501805542118873
CEACAM22P	SRR12430476	1
CEACAM22P	SRR12765534	9
CEACAM22P	SRR12765535	1.0026279344264644
CEACAM22P	SRR12765536	7.032487736256091
CEACAM22P	SRR12765537	8.03342408026426
CEACAM22P	SRR12765538	4.136828694247197
CEACAM22P	SRR12765539	7.217233765950613
CEACAM22P	SRR12765540	4.012500351710038
CEACAM22P	SRR12765541	2.0189695810739763
CEACAM22P	SRR12765542	14
CEACAM22P	SRR12765543	4.064991991546338
CEACAM22P	SRR12765544	10.1152473160965
CEACAM22P	SRR12765545	5.04640570833332
CEACAM22P	SRR12765546	8.241386923052671
CEACAM22P	SRR12765547	1.0080459370173969
CEACAM22P	SRR12765548	3.0613251561248997
CEACAM22P	SRR12765549	4.03043494719794
CEACAM22P	SRR12765550	1.040062834884988
CEACAM22P	SRR12765551	2.0271369808988022
CEACAM22P	SRR12765552	9.37284512544879
CEACAM22P	SRR12765553	1.0443243125938797
CEACAM22P	SRR12765554	9.286508283357295
CEACAM22P	SRR12765555	8.165711522927811
CEACAM22P	SRR12765556	2.03072847282759
CEACAM22P	SRR12765557	15.157314205077096
CEACAM22P	SRR12765558	4.205980960414802
CEACAM22P	SRR12765559	19.036223947451735
CEACAM22P	SRR12765560	4.075818995935581
CEACAM22P	SRR12765561	25.07097579366553
CEACAM22P	SRR12765562	3.046450332756186
CEACAM22P	SRR12765563	1.007295005653179
CEACAM22P	SRR12765564	3.0062604827754513
CEACAM22P	SRR12765565	1.0042530086827692
CEACAM22P	SRR12765566	6.042580497699643
CEACAM22P	SRR12765567	11.145406547900373
CEACAM22P	SRR12765568	3.030837110105589
CEACAM22P	SRR12765569	14.160721645954945
CEACAM22P	SRR12765570	1.0071209247328885
CEACAM22P	SRR12765571	7.078235885739379
CEACAM22P	SRR12765572	2.01316801794995
CEACAM22P	SRR12765573	5.171060172420348
CEACAM22P	SRR12765574	6.041640800997172
CEACAM22P	SRR12765575	2.0478790625073797
CEACAM22P	SRR12765576	4.0993386483592325
CEACAM22P	SRR12765577	4.182554248677907
CEACAM22P	SRR12765578	16.24161043989706
CEACAM22P	SRR12765579	7.058683041170438
CEACAM22P	SRR12765580	7.079412072223962
CEACAM22P	SRR12765581	4.0635997710013
CEACAM22P	SRR12765582	9.009049408671931
CEACAM22P	SRR12765583	2.0174883535943464
CEACAM22P	SRR12765584	10.124182712247377
CEACAM22P	SRR12765585	3.032988174301784
CEACAM22P	SRR12765586	3.0158300108904963
CEACAM22P	SRR12765587	1.011720751030811
CEACAM22P	SRR12765588	1.0069509600211282
CEACAM22P	SRR12765589	2.0362318657735075
CEACAM22P	SRR12765590	6.1758282680301235
CEACAM22P	SRR12765591	1.0277391727573009
CEACAM22P	SRR12765592	4.066132935244603
CEACAM22P	SRR12765593	3.0250794991234238
CEACAM22P	SRR12765594	15.348477466463457
CEACAM22P	SRR12765595	4.046869953135708
CEACAM22P	SRR12765596	5.022051523293182
CEACAM22P	SRR12765597	2.016162035466421
CEACAM22P	SRR12765598	1.0071752143448685
CEACAM22P	SRR12765599	3.0091912334003585
CEACAM22P	SRR12765600	2.085984108081425
CEACAM22P	SRR12765601	3.0653628421715156
CEACAM22P	SRR12765602	3.025984218601337
CEACAM22P	SRR12765603	5.049122238094839
CEACAM22P	SRR12765604	6.048825793913956
CEACAM22P	SRR12765605	1.0076754926485763
CEACAM22P	SRR12765606	3.039813525019304
CEACAM22P	SRR12765607	2.017186437655694
CEACAM22P	SRR12765608	12.106278902232843
CEACAM22P	SRR12765609	2.0096101322854496
CEACAM22P	SRR12765610	6.05254172294143
CEACAM22P	SRR12765611	5.027542371605511
CEACAM22P	SRR12765612	11.049934150149706
CEACAM22P	SRR12765613	6.0356339310472205
CEACAM22P	SRR12765614	8.037407457117974
CEACAM22P	SRR12765615	7.064110778317454
CEACAM22P	SRR12765616	3.018369788793191
CEACAM22P	SRR12765617	3.0254683216407665
CEACAM22P	SRR12765618	6.139095494507139
CEACAM22P	SRR12765619	3.065289031326131
CEACAM22P	SRR12765620	1.0080003107853246
CEACAM22P	SRR12765621	8.020669702278406
CEACAM22P	SRR12765622	3.0655073222929676
CEACAM22P	SRR12765623	7
CEACAM22P	SRR12765624	6.0237751577472975
CEACAM22P	SRR12765625	8.066035027854353
CEACAM22P	SRR12765626	1.0049530838846117
CEACAM22P	SRR12765627	6.003239879937037
CEACAM22P	SRR12765628	1.0416041512779368
CEACAM22P	SRR12765629	1.032192677516494
CEACAM22P	SRR12765630	10.017568823143636
CEACAM22P	SRR12765631	3.017959807192543
CEACAM22P	SRR12765632	2.0131366164474453
CEACAM22P	SRR12765633	1.0193139826231485
CEACAM22P	SRR12765634	2.010881469973157
CEACAM22P	SRR12765635	3.0693441214047716
CEACAM22P	SRR12765636	7.0854299847425
CEACAM22P	SRR12765637	2.0708067334307665
CEACAM22P	SRR12765638	6
CEACAM22P	SRR12765639	2.0618849962337755
CEACAM22P	SRR12765640	7.035240298361519
CEACAM22P	SRR12765641	2.0375963944892197
CEACAM22P	SRR12765642	4.009790132096656
CEACAM22P	SRR12765643	1.013978378378916
CEACAM22P	SRR12765644	8.028599887580054
CEACAM22P	SRR12765645	4.1141405696588915
CEACAM22P	SRR12765646	13.08862001194666
CEACAM22P	SRR12765647	2.0580228600909525
CEACAM22P	SRR12765648	11.130587615344789
CEACAM22P	SRR12765649	2.0989293609266024
CEACAM22P	SRR12765650	4.072109757624374
CEACAM22P	SRR12765651	7.197537976443143
CEACAM22P	SRR12765652	10.10584658765189
CEACAM22P	SRR12774664	1.0053041671599932
CEACAM22P	SRR12774665	1.0134052600429255
CEACAM22P	SRR12774666	2.0213109840567007
CEACAM22P	SRR12774667	2.029854462894126
CEACAM22P	SRR12774668	1.0531044481489285
CEACAM22P	SRR12774669	1.0184124073990244
CEACAM22P	SRR12774670	1.0489095745502544
CEACAM22P	SRR12774671	1.0483423562302514
CEACAM22P	SRR12774672	1.006184793499986
CEACAM22P	SRR12774673	1.0142142606674132
CEACAM22P	SRR12774674	1.0242203683654911
CEACAM22P	SRR12774675	1.0343842942005177
CEACAM22P	SRR12774676	1.0065437279509373
CEACAM22P	SRR12774677	1.010883125191728
CEACAM22P	SRR12774678	1.043754043143823
CEACAM22P	SRR12774679	3.0697897339156723
CEACAM22P	SRR12774680	1.0140488490623458
CEACAM22P	SRR12774681	4.034823583660264
CEACAM22P	SRR12774682	14.148249101776177
CEACAM22P	SRR12774683	12.085579940453494
CEACAM22P	SRR12774684	1.005286161396734
CEACAM22P	SRR12774685	3.022104921198412
CEACAM22P	SRR12774686	1.0179757410447914
CEACAM22P	SRR12774687	1.029309138639411
CEACAM22P	SRR1609360	5.2465171185404
CEACAM22P	SRR1609361	5.129542520928069
CEACAM22P	SRR1609362	4.272395416888866
CEACAM22P	SRR1609363	21.15486469718617
CEACAM22P	SRR1609364	27.23135988380934
CEACAM22P	SRR1609365	6.085899476172471
CEACAM22P	SRR1609366	8.045488988756006
CEACAM22P	SRR1609367	10.026726659196274
CEACAM22P	SRR1609368	9.050004610499814
CEACAM22P	SRR1609369	19.01710244392162
CEACAM22P	SRR1609370	4.008347310367268
CEACAM22P	SRR1609371	1.0301143575969267
CEACAM22P	SRR1609372	10.007200381067657
CEACAM22P	SRR1609373	13.097466618252692
CEACAM22P	SRR1609374	11.02890727869111
CEACAM22P	SRR1609375	15.097885499793009
CEACAM22P	SRR1609376	5.080442105290664
CEACAM22P	SRR1609377	19.10043706653795
CEACAM22P	SRR1609378	6.104441050569924
CEACAM22P	SRR1609379	19.034220282242615
CEACAM22P	SRR1609380	3.0475959185946504
CEACAM22P	SRR1609381	9.006480342960892
CEACAM22P	SRR1609382	2.02853119478828
CEACAM22P	SRR1609383	9.093861707009474
CEACAM22P	SRR1609384	12.115698436587701
CEACAM22P	SRR1609385	9.066027753528946
CEACAM22P	SRR1609386	24.158519743934303
CEACAM22P	SRR1609387	16.1182622021819
CEACAM22P	SRR1609388	12.152113135979471
CEACAM22P	SRR1609389	9.02270162187398
CEACAM22P	SRR1609390	13.16671330888942
CEACAM22P	SRR1609391	4.254501126871863
CEACAM22P	SRR1609392	9.138947900478234
CEACAM22P	SRR1609393	6.26868607007748
CEACAM22P	SRR1609394	3.0830955137723173
CEACAM22P	SRR1609395	22.1205977652389
CEACAM22P	SRR1609396	15.01620377336102
CEACAM22P	SRR1609397	8.116248108860715
CEACAM22P	SRR1609398	19.087597345883225
CEACAM22P	SRR1609399	7.02666538514298
CEACAM22P	SRR1609400	17.037269333519024
CEACAM22P	SRR1609401	22.234511727093047
CEACAM22P	SRR1609402	29.129468996425384
CEACAM22P	SRR1609403	17.05387866861557
CEACAM22P	SRR1609404	11.131403432052274
CEACAM22P	SRR1609405	7.046206117838562
CEACAM22P	SRR1609406	13.051173739092341
CEACAM22P	SRR1609407	14.032169353792286
CEACAM22P	SRR1609408	23.179050794356282
CEACAM22P	SRR1609409	5.092940164433589
CEACAM22P	SRR1609410	11
CEACAM22P	SRR1609411	2.1051289954488186
CEACAM22P	SRR1609412	17
CEACAM22P	SRR1609413	12.485627441394856
CEACAM22P	SRR1609414	8.012966518889057
CEACAM22P	SRR1609415	9.001619648477568
CEACAM22P	SRR1609416	8.021023475411715
CEACAM22P	SRR1609417	6.040265706516817
CEACAM22P	SRR1609418	11.015846541352474
CEACAM22P	SRR1609419	12.058490989159115
CEACAM22P	SRR1609420	3.0140180763361135
CEACAM22P	SRR1609421	4.025764118066359
CEACAM22P	SRR1609422	3.0494631376701395
CEACAM22P	SRR1609423	1.0538854443534305
CEACAM22P	SRR1609424	3.236236234368676
CEACAM22P	SRR1609425	43.06969503902868
CEACAM22P	SRR1609426	9.042482214579172
CEACAM22P	SRR1609427	2.0102867325802385
CEACAM22P	SRR1609428	11.094932961447684
CEACAM22P	SRR1609429	14.017645696634178
CEACAM22P	SRR1609430	2.008197823719105
CEACAM22P	SRR1609431	8.058597131617939
CEACAM22P	SRR1609432	27.04054964931796
CEACAM22P	SRR1609433	3.0246746186167344
CEACAM22P	SRR1609434	5.075016638865993
CEACAM22P	SRR1609435	9.04030499269939
CEACAM22P	SRR1609436	5.0162007757463565
CEACAM22P	SRR1609437	6.1287289468714
CEACAM22P	SRR1609438	4.129133390578572
CEACAM22P	SRR1609439	3.0441040736207587
CEACAM22P	SRR1609440	14.03531363402619
CEACAM22P	SRR1609441	21.047610445705796
CEACAM22P	SRR1609442	12.086433157656213
CEACAM22P	SRR1609443	5.043153122882325
CEACAM22P	SRR1609444	18.00971963981111
CEACAM22P	SRR1609445	10.035077604181181
CEACAM22P	SRR1609446	2.022006431326741
CEACAM22P	SRR1609447	1.2338363336906928
CEACAM22P	SRR1609448	2.0176455397589277
CEACAM22P	SRR1609449	2.0049563708866893
CEACAM22P	SRR1609450	15.03063944724102
CEACAM22P	SRR1609451	2.025721577667333
CEACAM22P	SRR1609452	1.2632705659263332
CEACAM22P	SRR1609453	12.021980401659391
CEACAM22P	SRR1609454	5.080049309371144
CEACAM22P	SRR1609455	2.5032475961486096
CEACAM22P	SRR1609456	11.053158051169493
CEACAM22P	SRR1609457	3.0197049246711676
CEACAM22P	SRR1609458	1.240500376538707
CEACAM22P	SRR1609459	7.027241575169172
CEACAM22P	SRR1609460	6.057849218293851
CEACAM22P	SRR1609461	4.006728280311666
CEACAM22P	SRR1609462	1.003694208229873
CEACAM22P	SRR1609463	5.032172690434723
CEACAM22P	SRR1609464	3.0333263022230916
CEACAM22P	SRR1609465	1.0119474539360775
CEACAM22P	SRR1609466	3.3647989227715627
CEACAM22P	SRR1609467	1.0119457665502067
CEACAM22P	SRR1609468	12.019986017068934
CEACAM22P	SRR1609469	15.00269941412928
CEACAM22P	SRR1609470	11.053086103615811
CEACAM22P	SRR1609471	5.010531984708285
CEACAM22P	SRR1609472	4.348309465645981
CEACAM22P	SRR1609473	2.114973198797288
CEACAM22P	SRR1609474	10.025530571389481
CEACAM22P	SRR1609475	2.0435375583508177
CEACAM22P	SRR1609476	14.299638188405833
CEACAM22P	SRR1609477	2.0112874527397646
CEACAM22P	SRR1609478	1.0229981829413575
CEACAM22P	SRR1609479	10.103886436623135
CEACAM22P	SRR1609480	5
CEACAM22P	SRR1609481	6.062554919851805
CEACAM22P	SRR1609482	2.0072721332806
CEACAM22P	SRR1609483	4.018090550924398
CEACAM22P	SRR1609484	10.079009294287339
CEACAM22P	SRR1609485	8.00720102901963
CEACAM22P	SRR1609486	6.01946554057847
CEACAM22P	SRR1609487	19.073941418316323
CEACAM22P	SRR1609488	5.007202973342033
CEACAM22P	SRR1609489	15.032884706046197
CEACAM22P	SRR1609490	12.196711296226638
CEACAM22P	SRR1609491	9.031736931742342
CEACAM22P	SRR1609492	15
CEACAM22P	SRR1609493	4.017879299771742
CEACAM22P	SRR1609494	7.041544131139393
CEACAM22P	SRR1609495	4.008929682482217
CEACAM22P	SRR1609496	8.00660304299404
CEACAM22P	SRR1609497	8.00720102901963
CEACAM22P	SRR1609498	2.0007199085396894
CEACAM22P	SRR1609499	16.033559157978917
CEACAM22P	SRR1609500	5.008631259751061
CEACAM22P	SRR1609501	33.04236210975229
CEACAM22P	SRR1609502	11.142192334765822
CEACAM22P	SRR1609503	2.514364919479043
CEACAM22P	SRR1609504	9
CEACAM22P	SRR1609505	9
CEACAM22P	SRR1609506	14.275707538166392
CEACAM22P	SRR1609507	6.036269280935123
CEACAM22P	SRR1609508	9.004859819905555
CEACAM22P	SRR1609509	27.170848887021467
CEACAM22P	SRR1609510	27.15129891715293
CEACAM22P	SRR1609511	3.1109263375357106
CEACAM22P	SRR1609512	10.033056112632286
CEACAM22P	SRR1609513	2.0064013705516772
CEACAM22P	SRR1609514	3.148736413886518
CEACAM22P	SRR1609515	12.023776230602481
CEACAM22P	SRR1609516	2.008356020066065
CEACAM22P	SRR1609517	1.022496948951921
CEACAM22P	SRR1609518	9.014587333750189
CEACAM22P	SRR1609519	9.015109557347317
CEACAM22P	SRR1609520	1.0789502444393222
CEACAM22P	SRR1609521	7.011317039191669
CEACAM22P	SRR1609522	2.048109013889149
CEACAM22P	SRR1609523	10.047341339697146
CEACAM22P	SRR1609524	8.133729360715463
CEACAM22P	SRR1609525	8.044150208853681
CEACAM22P	SRR1609526	1.0203729733474096
CEACAM22P	SRR1609527	30
CEACAM22P	SRR1609528	1.0086549004496244
CEACAM22P	SRR1609529	3.0759904177928448
CEACAM22P	SRR1609530	1.0047952852118593
CEACAM22P	SRR1609531	10.03794007351424
CEACAM22P	SRR1609532	1.0072060113251007
CEACAM22P	SRR1609533	6.2293598039427005
CEACAM22P	SRR1609534	2.002582046044357
CEACAM22P	SRR1609535	5.221164506668999
CEACAM22P	SRR1609536	4.0430475206640715
CEACAM22P	SRR1609537	28.10761161983878
CEACAM22P	SRR1609538	26
CEACAM22P	SRR1609539	3.0185828795212037
CEACAM22P	SRR1609540	18
CEACAM22P	SRR1609541	3.3007488185318246
CEACAM22P	SRR1609542	17.039814340278152
CEACAM22P	SRR1609543	2.004023981429434
CEACAM22P	SRR1609544	3.0175375444787025
CEACAM22P	SRR1609545	5.035679874564947
CEACAM22P	SRR1609546	11
CEACAM22P	SRR1609547	2.010341719014156
CEACAM22P	SRR1609548	3.053991771241341
CEACAM22P	SRR1609549	6.064175625610137
CEACAM22P	SRR1609550	37
CEACAM22P	SRR1609551	1.0113111021667518
CEACAM22P	SRR1609552	6.026786688915597
CEACAM22P	SRR1609553	8.020889087910025
CEACAM22P	SRR1609554	8.072322217003277
CEACAM22P	SRR1609555	12.041264058520895
CEACAM22P	SRR1609556	1.0221686455571868
CEACAM22P	SRR1609557	3.018912977463542
CEACAM22P	SRR1609558	18.077298468710115
CEACAM22P	SRR1609559	2.0849936596909973
CEACAM22P	SRR1609560	15.106825028360465
CEACAM22P	SRR1609561	3.0076184792806955
CEACAM22P	SRR1609562	6.005932311586944
CEACAM22P	SRR1609563	2.008928896305199
CEACAM22P	SRR1609564	19.01710244392162
CEACAM22P	SRR1609565	6.148715135289799
CEACAM22P	SRR1609566	8.026798917969275
CEACAM22P	SRR1609567	2.5162226369445913
CEACAM22P	SRR1609568	15
CEACAM22P	SRR1609569	6
CEACAM22P	SRR1609570	1.01776654532237
CEACAM22P	SRR1609571	1.024176000194289
CEACAM22P	SRR1609572	3.0397098842421686
CEACAM22P	SRR1609573	6.118985291566923
CEACAM22P	SRR1609574	5.0255469547130325
CEACAM22P	SRR1609575	3.2197596649251476
CEACAM22P	SRR1609576	17.067723684417107
CEACAM22P	SRR1609577	6.025208227808647
CEACAM22P	SRR1609578	1.0017663401829568
CEACAM22P	SRR1609579	1.006701382721769
CEACAM22P	SRR1609580	1.007678742360192
CEACAM22P	SRR1609581	7.292629673796057
CEACAM22P	SRR1609582	8.066224194956247
CEACAM22P	SRR1609583	6.214559056998226
CEACAM22P	SRR1609584	5.010059953573585
CEACAM22P	SRR1609585	3.002650077414318
CEACAM22P	SRR1609586	2.155938499284864
CEACAM22P	SRR1609587	3.036014720267902
CEACAM22P	SRR1609588	8.107242080343404
CEACAM22P	SRR1609589	12.031535213117573
CEACAM22P	SRR1609590	7.001996724501968
CEACAM22P	SRR1609591	10.032708318049181
CEACAM22P	SRR1609592	3.02053491901006
CEACAM22P	SRR1609593	10.055359178509992
CEACAM22P	SRR1609594	6.151998604213324
CEACAM22P	SRR1609595	1.0243062096273918
CEACAM22P	SRR1609596	33.08672183607333
CEACAM22P	SRR1609597	6.025252292196069
CEACAM22P	SRR1609598	4.11014828244959
CEACAM22P	SRR1609599	1.0212178151540763
CEACAM22P	SRR1609600	4.1234988077310275
CEACAM22P	SRR1609601	2.056327476771008
CEACAM22P	SRR1609602	4.65286553559677
CEACAM22P	SRR1609603	17
CEACAM22P	SRR1609604	7.048986782025387
CEACAM22P	SRR1609605	3.022699425586827
CEACAM22P	SRR1609606	1.0160829820750323
CEACAM22P	SRR1609607	4.0198880016945155
CEACAM22P	SRR1609608	3.0599328602922777
CEACAM22P	SRR1609609	3.097253589848795
CEACAM22P	SRR1609610	11
CEACAM22P	SRR1609611	8.137079444683675
CEACAM22P	SRR1609612	7.016394140114533
CEACAM22P	SRR1609613	14.011555325239572
CEACAM22P	SRR1609614	2.022738293105301
CEACAM22P	SRR1609615	8.025354667583798
CEACAM22P	SRR1609616	28
CEACAM22P	SRR1609617	16
CEACAM22P	SRR1609618	4.012800031752261
CEACAM22P	SRR1609619	19.0690852661657
CEACAM22P	SRR1609620	17.21323829398303
CEACAM22P	SRR1609621	8.068201662009281
CEACAM22P	SRR1609622	2.079205474815741
CEACAM22P	SRR1609623	1.019001303004751
CEACAM22P	SRR1609624	1.233166099790781
CEACAM22P	SRR1609625	4.006184051145372
CEACAM22P	SRR1609626	1.007678742360192
CEACAM22P	SRR1609627	14.075590719341728
CEACAM22P	SRR1609628	16.03050437680146
CEACAM22P	SRR1609629	2.0321099467678017
CEACAM22P	SRR1609630	15.041873502497959
CEACAM22P	SRR1609631	6
CEACAM22P	SRR1609632	25
CEACAM22P	SRR1609633	9.032260148831952
CEACAM22P	SRR1609634	12.099706260852294
CEACAM22P	SRR1609635	3.074791521174325
CEACAM22P	SRR1609636	3.1005780923393367
CEACAM22P	SRR1609637	7.028388445720205
CEACAM22P	SRR1609638	2.0486431025116296
CEACAM22P	SRR1609639	22.12171885109738
CEACAM22P	SRR1609640	7.0012597265936645
CEACAM22P	SRR1609641	15.00269941412928
CEACAM22P	SRR1609642	17
CEACAM22P	SRR1609643	2.0235464818988795
CEACAM22P	SRR1609644	13.013592140131639
CEACAM22P	SRR1609645	3.0095080003439243
CEACAM22P	SRR1609646	7.016394140114533
CEACAM22P	SRR1609647	3.0620010707921774
CEACAM22P	SRR1609648	27.098063012465197
CEACAM22P	SRR1609649	1.0081274315088424
CEACAM22P	SRR1609650	2.014864765555886
CEACAM22P	SRR1609651	19.064497940506335
CEACAM22P	SRR1609652	5.017652142664632
CEACAM22P	SRR1609653	6.304838000926162
CEACAM22P	SRR1609654	2.068715941176942
CEACAM22P	SRR1609655	2.0136616817658464
CEACAM22P	SRR1609656	7.100193157706481
CEACAM22P	SRR1609657	4.051403717948507
CEACAM22P	SRR1609658	6.120297770576106
CEACAM22P	SRR1609659	9.071695611458134
CEACAM22P	SRR1609660	9.035301151552396
CEACAM22P	SRR1609661	4.0058848651913985
CEACAM22P	SRR1609662	9.042083389257721
CEACAM22P	SRR1609663	5.013292961809417
CEACAM22P	SRR1609664	2.0144363505434137
CEACAM22P	SRR1609665	22
CEACAM22P	SRR1609666	13.216247332266457
CEACAM22P	SRR1609667	13.037482440447556
CEACAM22P	SRR1609668	1.1259515593418852
CEACAM22P	SRR1609669	17.327094409182255
CEACAM22P	SRR1746771	4.050601974135409
CEACAM22P	SRR1746772	20.492978119641926
CEACAM22P	SRR1746773	15.151606553529087
CEACAM22P	SRR1746774	11.242820869551222
CEACAM22P	SRR1746775	2.34389913872128
CEACAM22P	SRR1746776	4.0594828768995335
CEACAM22P	SRR1746777	3.564904233052179
CEACAM22P	SRR1746778	3.231088513426446
CEACAM22P	SRR1746779	2.9672808814642586
CEACAM22P	SRR1746780	21.13513094605656
CEACAM22P	SRR1746781	7.337749995010655
CEACAM22P	SRR1746782	1.0044644481525995
CEACAM22P	SRR1746783	7
CEACAM22P	SRR1746784	2.990478686409788
CEACAM22P	SRR1782685	1.0161405129641194
CEACAM22P	SRR1782686	2.0482121027641704
CEACAM22P	SRR1782687	3.036648441406472
CEACAM22P	SRR1782688	8.134041471077907
CEACAM22P	SRR1782689	1.0178762408450857
CEACAM22P	SRR1782690	3.060783310450153
CEACAM22P	SRR1782691	7.012083763651486
CEACAM22P	SRR1782692	12.099208069064003
CEACAM22P	SRR1782693	5.0442328246186134
CEACAM22P	SRR1782694	5.080414910375162
CEACAM22P	SRR1782695	9.006480342960892
CEACAM22P	SRR1782696	19.064043567719175
CEACAM22P	SRR1782697	2.0176521663198885
CEACAM22P	SRR1782698	4.008347310367268
CEACAM22P	SRR1782699	1.0242077790328277
CEACAM22P	SRR1782700	3.0227111311895256
CEACAM22P	SRR1782701	6.037403803180518
CEACAM22P	SRR1782702	6.063998510851672
CEACAM22P	SRR1782703	7.027241575169172
CEACAM22P	SRR1782704	3.0475322176417574
CEACAM22P	SRR1782705	1.0242058267974272
CEACAM22P	SRR1782706	10.025530571389481
CEACAM22P	SRR1782707	1.0038166819322296
CEACAM22P	SRR1782708	2.1054671118699275
CEACAM22P	SRR1782709	4.197555738774445
CEACAM22P	SRR1782710	17
CEACAM22P	SRR1782711	3.0336332071747125
CEACAM22P	SRR1782712	11.13006713111102
CEACAM22P	SRR1782713	2.0435260208840873
CEACAM22P	SRR1782714	4.348221635511598
CEACAM22P	SRR1782715	9.0223036689901015
CEACAM22P	SRR1782716	5.074606551515118
CEACAM22P	SRR1782717	10.008253803742551
CEACAM22P	SRR1782718	6.086006698212897
CEACAM22P	SRR1782719	9.065416300120692
CEACAM22P	SRR1782720	6.104333866019447
CEACAM22P	SRR1782721	3.364586359319047
CEACAM22P	SRR1782722	19.016783823624014
CEACAM22P	SRR1782723	17.037269333519024
CEACAM22P	SRR1782724	2.022259684146842
CEACAM22P	SRR1782725	4.274299309717194
CEACAM22P	SRR1782726	16.118973141334667
CEACAM22P	SRR1782727	15
CEACAM22P	SRR1782728	1.0303050804635
CEACAM22P	SRR1782729	12.388799718853567
CEACAM22P	SRR1782730	2.0027316121052943
CEACAM22P	SRR1782731	3.0963049041541226
CEACAM22P	SRR1782732	3.2377003221039455
CEACAM22P	SRR1782733	6.057945485209039
CEACAM22P	SRR1782734	27.168444199882522
CEACAM22P	SRR1782735	9.041203886495357
CEACAM22P	SRR1782736	3.054796229294381
CEACAM22P	SRR1782737	4.006483259444528
CEACAM22P	SRR1782738	5.248361717734155
CEACAM22P	SRR1782739	9.094081119126729
CEACAM22P	SRR1782740	2.0231583889804203
CEACAM22P	SRR1782741	1.0543086561909183
CEACAM22P	SRR1782742	37
CEACAM22P	SRR1782743	15.030179860720754
CEACAM22P	SRR1782744	8.04013991665554
CEACAM22P	SRR1782745	1.0120275763195707
CEACAM22P	SRR1782746	6.1193794561403365
CEACAM22P	SRR1782747	8.058394220985527
CEACAM22P	SRR1782748	8.11713514882604
CEACAM22P	SRR1782749	12.152167099645812
CEACAM22P	SRR1782750	14.01912128473706
CEACAM22P	SRR1782751	9.139350998268558
CEACAM22P	SRR1782752	5.033248416288543
CEACAM22P	SRR1782753	3.0028743351646248
CEACAM22P	SRR1782754	3.0249308480556203
CEACAM22P	SRR1782755	15.040290264209727
CEACAM22P	SRR1782756	6.271573893215352
CEACAM22P	SRR1782757	27.03889605604698
CEACAM22P	SRR1782758	8.013810015601699
CEACAM22P	SRR1782759	18.07973331342047
CEACAM22P	SRR1782760	2.0284124983379446
CEACAM22P	SRR1782761	6.740105545174027
CEACAM22P	SRR1782762	4.257105015637898
CEACAM22P	SRR1782763	9.049203662771435
CEACAM22P	SRR1782764	15.017263886606898
CEACAM22P	SRR1782765	17.05440013494711
CEACAM22P	SRR1782766	22.234890773535014
CEACAM22P	SRR1782767	12.115900712326216
CEACAM22P	SRR1782768	15.096861571716655
CEACAM22P	SRR1782769	27.230447400813418
CEACAM22P	SRR1782770	19.08825903789608
CEACAM22P	SRR1782771	24.159203930244082
CEACAM22P	SRR1782772	19.10200331179518
CEACAM22P	SRR1782773	29.126402962754558
CEACAM22P	SRR1782774	11.028083628528428
CEACAM22P	SRR1782775	6.120183705110938
CEACAM22P	SRR1782776	4.058427141952197
CEACAM22P	SRR1782777	9.001619648477568
CEACAM22P	SRR1782778	16.02930720221252
CEACAM22P	SRR1782779	2.0564157065776665
CEACAM22P	SRR1782780	11.14188757591974
CEACAM22P	SRR1782781	2.0689996968180693
CEACAM22P	SRR1782782	1.0205283876020228
CEACAM22P	SRR1782783	3.0189955523799696
CEACAM22P	SRR1782784	3.0100372881017696
CEACAM22P	SRR1782785	16.01728402491842
CEACAM22P	SRR1782786	3.0752582407041316
CEACAM22P	SRR1782787	30
CEACAM22P	SRR1782788	5.018555124070614
CEACAM22P	SRR1782789	8.136156445878163
CEACAM22P	SRR1782790	10.055938748937177
CEACAM22P	SRR1782791	3.0177753705145154
CEACAM22P	SRR1782792	7.047933970143342
CEACAM22P	SRR1782793	3.110913699997691
CEACAM22P	SRR1782794	1.0068444629888977
CEACAM22P	SRR1782795	1.0212178151540763
CEACAM22P	SRR1782796	1.079602691613202
CEACAM22P	SRR1782797	6.152176814983901
CEACAM22P	SRR1782798	2.0386000706563623
CEACAM22P	SRR1782799	9.014587333750189
CEACAM22P	SRR1782800	1.0017663401829568
CEACAM22P	SRR1782801	8.0445073744419
CEACAM22P	SRR1782802	13.095910855700074
CEACAM22P	SRR1782803	7.025667287813733
CEACAM22P	SRR1782804	10.027028173063115
CEACAM22P	SRR1782805	19.034220282242615
CEACAM22P	SRR1782806	12.031903108342602
CEACAM22P	SRR1782807	1.0351820922376846
CEACAM22P	SRR1782808	5.131493635023739
CEACAM22P	SRR1782809	4.053671765581007
CEACAM22P	SRR1782810	2.033289389841438
CEACAM22P	SRR1782811	8.02475532582577
CEACAM22P	SRR1782812	14.17579415069641
CEACAM22P	SRR1782813	6.0375401813610905
CEACAM22P	SRR1782814	14.181393437935856
CEACAM22P	SRR1782815	1.062121334894591
CEACAM22P	SRR1782816	18.00971963981111
CEACAM22P	SRR1782817	10.034661181326477
CEACAM22P	SRR1782818	8.107046958721204
CEACAM22P	SRR1782819	4.110700784114976
CEACAM22P	SRR1782820	6.213526515106898
CEACAM22P	SRR1782821	5.013514086531558
CEACAM22P	SRR1782822	10.078594513453938
CEACAM22P	SRR1782823	2.007571977172635
CEACAM22P	SRR1782824	2.0113657606179536
CEACAM22P	SRR1782825	7.040667515146741
CEACAM22P	SRR1782826	6.040901543975381
CEACAM22P	SRR1782827	3.0398422247541155
CEACAM22P	SRR1782828	28
CEACAM22P	SRR1782829	5
CEACAM22P	SRR1782830	2.078652425254851
CEACAM22P	SRR1782831	3.2202009208741154
CEACAM22P	SRR1782832	4.1303089186871125
CEACAM22P	SRR1782833	1.023057146473477
CEACAM22P	SRR1782834	15.00269941412928
CEACAM22P	SRR1782835	2.2299594763902366
CEACAM22P	SRR1782836	38.93893433079263
CEACAM22P	SRR1782837	7.193342315405016
CEACAM22P	SRR1782838	4.051927714979874
CEACAM22P	SRR1782839	7.096077285646741
CEACAM22P	SRR1782840	8.066605991777974
CEACAM22P	SRR1782841	3.044554306906106
CEACAM22P	SRR1782842	10
CEACAM22P	SRR1782843	2.048297498368825
CEACAM22P	SRR1782844	15.00269941412928
CEACAM22P	SRR1782845	1.0187962690189396
CEACAM22P	SRR1782846	14.075901005631295
CEACAM22P	SRR1782847	1.2337368978097534
CEACAM22P	SRR1782848	1.2335837199439401
CEACAM22P	SRR1782849	1.2403822504664612
CEACAM22P	SRR1782850	2.5034916459072765
CEACAM22P	SRR1782851	1.2634697131512598
CEACAM22P	SRR1782852	1.2639231424855961
CEACAM22P	SRR1782853	2.5168670642066315
CEACAM22P	SRR1782854	8.026199468353141
CEACAM22P	SRR1782855	7.016823235374657
CEACAM22P	SRR1782856	2.010587026789483
CEACAM22P	SRR1782857	12.083839563875031
CEACAM22P	SRR1782858	19.019104307196297
CEACAM22P	SRR1782859	43.06969503902868
CEACAM22P	SRR1782860	21.047610445705796
CEACAM22P	SRR1782861	12.022309233273411
CEACAM22P	SRR1782862	3.013817062107262
CEACAM22P	SRR1782863	14.036555903842544
CEACAM22P	SRR1782864	13.16775969994733
CEACAM22P	SRR1782865	2.0084723660358006
CEACAM22P	SRR1782866	10.035136149744604
CEACAM22P	SRR1782867	3.049618916564227
CEACAM22P	SRR1782868	19.0690852661657
CEACAM22P	SRR1782869	5.017124007722667
CEACAM22P	SRR1782870	2.0049563708866893
CEACAM22P	SRR1782871	2.0104983483715184
CEACAM22P	SRR1782872	8.021622538450492
CEACAM22P	SRR1782873	9.04153044457124
CEACAM22P	SRR1782874	4.025766454679516
CEACAM22P	SRR1782875	13.066987129708988
CEACAM22P	SRR1782876	9.03542604343927
CEACAM22P	SRR1782877	6.020311946440013
CEACAM22P	SRR1782878	1.0078282441722788
CEACAM22P	SRR1782879	7.100537440460771
CEACAM22P	SRR1782880	2.0084723660358006
CEACAM22P	SRR1782881	6.024967113748328
CEACAM22P	SRR1782882	27.095294039675924
CEACAM22P	SRR1782883	9.01620960737808
CEACAM22P	SRR1782884	16.01152060970825
CEACAM22P	SRR1782885	17
CEACAM22P	SRR1782886	8.044396179496564
CEACAM22P	SRR1782887	6.005400771764722
CEACAM22P	SRR1782888	4.0129770270523135
CEACAM22P	SRR1782889	11.047458673616713
CEACAM22P	SRR1782890	4.006184051145372
CEACAM22P	SRR1782891	14.010080533494719
CEACAM22P	SRR1782892	5.009158500691413
CEACAM22P	SRR1782893	17.0658721777453
CEACAM22P	SRR1782894	4.044766715300672
CEACAM22P	SRR1782895	10.036667554019619
CEACAM22P	SRR1782896	15.032173191487534
CEACAM22P	SRR1782897	8.022024476075789
CEACAM22P	SRR1782898	17.038541789380883
CEACAM22P	SRR1782899	28.105352053931888
CEACAM22P	SRR1782900	8.008043918819494
CEACAM22P	SRR1782901	8.007863030174983
CEACAM22P	SRR1782902	11
CEACAM22P	SRR1782903	33.084250885585284
CEACAM22P	SRR1782904	17
CEACAM22P	SRR1782905	5.010434137959086
CEACAM22P	SRR1782906	3.0190461347113615
CEACAM22P	SRR1782907	11.05372641938077
CEACAM22P	SRR1782908	8.024401388096457
CEACAM22P	SRR1782909	6.020548809267201
CEACAM22P	SRR1782910	15
CEACAM22P	SRR1782911	3.020718112990796
CEACAM22P	SRR1782912	14.307118842581241
CEACAM22P	SRR1782913	18
CEACAM22P	SRR1782914	3.0081084519189347
CEACAM22P	SRR1782915	6
CEACAM22P	SRR1782916	9.095131026283012
CEACAM22P	SRR1782917	14.045229567125505
CEACAM22P	SRR1782918	7.00756176090181
CEACAM22P	SRR1782919	14
CEACAM22P	SRR1782920	8.008043918819494
CEACAM22P	SRR1782921	16.033389241469074
CEACAM22P	SRR1782922	3.559107367891165
CEACAM22P	SRR1782923	28.156132439213337
CEACAM22P	SRR1782924	5.025632628539177
CEACAM22P	SRR1782925	14.048761032534465
CEACAM22P	SRR1782926	46.33768456903364
CEACAM22P	SRR1782927	34.09652707938512
CEACAM22P	SRR1782928	23.164818010984526
CEACAM22P	SRR1782929	21.18110524251171
CEACAM22P	SRR1782930	13.036907412706075
CEACAM22P	SRR1782931	35.093422637109235
CEACAM22P	SRR1782932	7.026123171642798
CEACAM22P	SRR1782933	1.0649351792796355
CEACAM22P	SRR1782934	16.093623647040577
CEACAM22P	SRR1782935	13.058437109174118
CEACAM22P	SRR1782936	3.0756988316911342
CEACAM22P	SRR1782937	9.070711513914738
CEACAM22P	SRR1782938	2.514894835629703
CEACAM22P	SRR1782939	10.047411238848365
CEACAM22P	SRR1782940	12.031903108342602
CEACAM22P	SRR1782941	1.0078123826132555
CEACAM22P	SRR1782942	19.07470474123159
CEACAM22P	SRR1782943	6.027686963047493
CEACAM22P	SRR1782944	33.04260375973189
CEACAM22P	SRR1782945	5.026245870928796
CEACAM22P	SRR1782946	2.004173655183634
CEACAM22P	SRR1782947	5.010434137959086
CEACAM22P	SRR1782948	26
CEACAM22P	SRR1782949	7.017132731169148
CEACAM22P	SRR1782950	22
CEACAM22P	SRR1782951	2.006596547606632
CEACAM22P	SRR1782952	5.070163559841271
CEACAM22P	SRR1782953	12.022878282601095
CEACAM22P	SRR1782954	1.126108257274077
CEACAM22P	SRR1782955	3.1015261027424788
CEACAM22P	SRR1782956	34.515668538073996
CEACAM22P	SRR1782957	17.328303419442552
CEACAM22P	SRR1782958	22.120437393171713
CEACAM22P	SRR1782959	2.1158331356635864
CEACAM22P	SRR1782960	9
CEACAM22P	SRR1782961	32.1163541324896
CEACAM22P	SRR1782962	2.014590011306358
CEACAM22P	SRR1782963	2.0137842394743344
CEACAM22P	SRR1782964	15.00539931404767
CEACAM22P	SRR1782965	13.039775366682695
CEACAM22P	SRR1782966	28
CEACAM22P	SRR1782967	21.08443442265104
CEACAM22P	SRR1782968	12.012546590890743
CEACAM22P	SRR1782969	2.0239567936796914
CEACAM22P	SRR1782970	17.212628928626057
CEACAM22P	SRR1782971	13.218357769107646
CEACAM22P	SRR1782972	22.12324845963215
CEACAM22P	SRR1782973	6.3075672933985
CEACAM22P	SRR1782974	8
CEACAM22P	SRR1782975	2.0789426948960594
CEACAM22P	SRR1782976	19.186109867651414
CEACAM22P	SRR1782977	7.002519679888913
CEACAM22P	SRR1782978	15.250512007933011
CEACAM22P	SRR1782979	2.016765992343231
CEACAM22P	SRR1782980	12.020715023402547
CEACAM22P	SRR1782981	10.123038567126581
CEACAM22P	SRR1782982	8.04644477339933
CEACAM22P	SRR1782983	13.012455452380042
CEACAM22P	SRR1782984	7.002519679888913
CEACAM22P	SRR1782985	7.047815886180462
CEACAM22P	SRR1782986	10.029888346325269
CEACAM22P	SRR1782987	21.026468544951264
CEACAM22P	SRR1782988	25
CEACAM22P	SRR1782989	2.0861958981316455
CEACAM22P	SRR1782990	13.174354135465997
CEACAM22P	SRR1782991	7.028936040169016
CEACAM22P	SRR1782992	2.004895066048328
CEACAM22P	SRR1782993	3.0623433303396475
CEACAM22P	SRR1782994	9
CEACAM22P	SRR1782995	1.0083014810209638
CEACAM22P	SRR1782996	6
CEACAM22P	SRR1782997	2.008990324488326
CEACAM22P	SRR1782998	9.0327245997627
CEACAM22P	SRR1782999	5.106560620551482
CEACAM22P	SRR1783000	13.050695751662525
CEACAM22P	SRR1783001	2.0327075988848597
CEACAM22P	SRR1783002	12.679827985869526
CEACAM22P	SRR1783003	11
CEACAM22P	SRR1783004	9.041319533548522
CEACAM22P	SRR1783005	5.07941312163327
CEACAM22P	SRR1783006	10.237799351824243
CEACAM22P	SRR1813867	3.144749697435241
CEACAM22P	SRR1813868	19.358468018203645
CEACAM22P	SRR1813869	2.0201797430371355
CEACAM22P	SRR1813870	11.25348827583592
CEACAM22P	SRR1813871	5.62192920264915
CEACAM22P	SRR1813872	14.204839071533756
CEACAM22P	SRR1813873	5.069660382976083
CEACAM22P	SRR1813874	2.020356805364274
CEACAM22P	SRR1813875	14
CEACAM22P	SRR1813876	12.064004932635068
CEACAM22P	SRR1813877	11.939735862578361
CEACAM22P	SRR1813878	11.007920419174422
CEACAM22P	SRR1813879	3
CEACAM22P	SRR1813880	31
CEACAM22P	SRR1813881	2.0395143061329364
CEACAM22P	SRR1813882	2.5980109911657916
CEACAM22P	SRR1813883	5.004126901871276
CEACAM22P	SRR1813884	7.089377859622366
CEACAM22P	SRR1813885	5
CEACAM22P	SRR1813886	12.015124882829294
CEACAM22P	SRR1813887	2.0210726307249955
CEACAM22P	SRR1928188	1.0081784003065664
CEACAM22P	SRR1928189	1.0073129060669679
CEACAM22P	SRR1928190	1.0087951767762386
CEACAM22P	SRR1928191	1.0113225234973442
CEACAM22P	SRR1928192	1.0128988705381583
CEACAM22P	SRR1928193	1.015364236413795
CEACAM22P	SRR2046996	2.01717644904976
CEACAM22P	SRR2046997	1.0111153757740123
CEACAM22P	SRR2046998	1.0202431892752137
CEACAM22P	SRR2046999	1.007678742360192
CEACAM22P	SRR2047000	1.0106982750881945
CEACAM22P	SRR2047001	1.0094399707348267
CEACAM22P	SRR2047002	1.0188427709986354
CEACAM22P	SRR2047003	2.0475598703648488
CEACAM22P	SRR2047004	1.0079492911740628
CEACAM22P	SRR2047005	1.0081443223703694
CEACAM22P	SRR2047006	1.0152138321654876
CEACAM22P	SRR2047007	1.0262840471791508
CEACAM22P	SRR2047008	2.025034880082311
CEACAM22P	SRR2047009	2.0370207190076157
CEACAM22P	SRR2313973	4.050736986722685
CEACAM22P	SRR2313974	1.0074072425695189
CEACAM22P	SRR2313975	1.0102481457588257
CEACAM22P	SRR2313976	2.0293311252435475
CEACAM22P	SRR2313977	3.026075859330455
CEACAM22P	SRR2313978	3.078961267355997
CEACAM22P	SRR2313979	1.0103515286766147
CEACAM22P	SRR2313980	2.01167270355111
CEACAM22P	SRR2313981	6.021506765887968
CEACAM22P	SRR2313982	2.0263011568867912
CEACAM22P	SRR2313983	1.0167862737972515
CEACAM22P	SRR2313984	9.049135564864411
CEACAM22P	SRR2313985	1.0189547489838953
CEACAM22P	SRR2313986	5.03094274295517
CEACAM22P	SRR2313987	5.016665271064663
CEACAM22P	SRR2313988	1.0090381299656352
CEACAM22P	SRR2313989	1.0105895564048322
CEACAM22P	SRR2313990	1.0154615932290423
CEACAM22P	SRR2313991	3.0495302244029823
CEACAM22P	SRR2313992	2.029372385648372
CEACAM22P	SRR2313993	4.0414691537586505
CEACAM22P	SRR2313994	1.0212939489113868
CEACAM22P	SRR2313995	3.012401160072436
CEACAM22P	SRR2313996	1.004535361286343
CEACAM22P	SRR2313997	3.03657349891246
CEACAM22P	SRR2313998	5.120469813797616
CEACAM22P	SRR2313999	1.009295092615731
CEACAM22P	SRR2314000	4.03415218373283
CEACAM22P	SRR2314001	1.0137250295317557
CEACAM22P	SRR2314002	3.0322683285179
CEACAM22P	SRR2314003	2.0433928859195123
CEACAM22P	SRR2314004	3.0238060764818795
CEACAM22P	SRR2314005	5.047517332228408
CEACAM22P	SRR2314006	6.112722612020469
CEACAM22P	SRR2314007	4.02407216909143
CEACAM22P	SRR2314008	2.002636821735583
CEACAM22P	SRR2314009	1.0082228687169175
CEACAM22P	SRR2314010	5.0328725281092215
CEACAM22P	SRR2314011	2.0141193915783386
CEACAM22P	SRR2314012	1.0072545548549394
CEACAM22P	SRR2314013	1.0115556615875927
CEACAM22P	SRR2314014	4.045767171535704
CEACAM22P	SRR2314015	3.023302433124631
CEACAM22P	SRR2314016	4.01292273346443
CEACAM22P	SRR2314017	3.0579419478694456
CEACAM22P	SRR2314018	1.037183848807375
CEACAM22P	SRR2314019	5.016902723782301
CEACAM22P	SRR2314020	1.016563630576381
CEACAM22P	SRR2314021	2.01006865667472
CEACAM22P	SRR2314022	4.048864588541963
CEACAM22P	SRR2314023	4.038879374566746
CEACAM22P	SRR2314024	2.025893627716746
CEACAM22P	SRR2314025	3.0145702037005533
CEACAM22P	SRR2314026	3.0657991843246957
CEACAM22P	SRR2314027	5.036920101480044
CEACAM22P	SRR2314028	4.011465847736775
CEACAM22P	SRR2314029	3.007026060049086
CEACAM22P	SRR2314030	3.014176872671841
CEACAM22P	SRR2314031	2.0345538150097253
CEACAM22P	SRR2314032	1.017287384279533
CEACAM22P	SRR2314033	4.09626383827942
CEACAM22P	SRR2314034	3.087989359078054
CEACAM22P	SRR2314035	1.046856177985374
CEACAM22P	SRR2314036	7.120962468289621
CEACAM22P	SRR2314037	2.0266401419798408
CEACAM22P	SRR2314038	2.0114609641526155
CEACAM22P	SRR2314039	2.0215518231349687
CEACAM22P	SRR2314040	1.0391610375751816
CEACAM22P	SRR2314041	4.03004425319212
CEACAM22P	SRR2314042	2.00814462976639
CEACAM22P	SRR2314043	2.0177938975365746
CEACAM22P	SRR2314044	7.029675951465197
CEACAM22P	SRR2314045	1.007491229092778
CEACAM22P	SRR3493774	13
CEACAM22P	SRR3493775	12
CEACAM22P	SRR3493776	12.86667330214728
CEACAM22P	SRR3493777	23.014841975966995
CEACAM22P	SRR3493778	2
CEACAM22P	SRR3493779	22.073697024415505
CEACAM22P	SRR3493780	5.249071246854914
CEACAM22P	SRR3493781	8
CEACAM22P	SRR3493782	11.090923914613384
CEACAM22P	SRR3493783	8.020669702278406
CEACAM22P	SRR3493784	4.082682699207895
CEACAM22P	SRR3493785	7.005777662619786
CEACAM22P	SRR3493786	7.284657103061998
CEACAM22P	SRR3493787	19
CEACAM22P	SRR3493788	14
CEACAM22P	SRR3493789	11.200363614107125
CEACAM22P	SRR3493790	10
CEACAM22P	SRR3493791	11.015846541352474
CEACAM22P	SRR3493792	18.012960685921783
CEACAM22P	SRR3493793	24.229507670417775
CEACAM22P	SRR3493794	24.07426597747731
CEACAM22P	SRR3493795	21.075712955156945
CEACAM22P	SRR3493796	18.1461014608301
CEACAM22P	SRR3493797	10
CEACAM22P	SRR3493798	18.197797039119685
CEACAM22P	SRR3493799	24
CEACAM22P	SRR3493800	8.057079277297932
CEACAM22P	SRR3493801	4.035727693047881
CEACAM22P	SRR3493802	10
CEACAM22P	SRR3493803	15
CEACAM22P	SRR3493804	20.014400762135313
CEACAM22P	SRR3493805	14.032788280229067
CEACAM22P	SRR3493806	6
CEACAM22P	SRR3493807	14
CEACAM22P	SRR3493808	12.02324591311814
CEACAM22P	SRR3493809	19.061382983956044
CEACAM22P	SRR3493810	6
CEACAM22P	SRR3493811	3
CEACAM22P	SRR3493812	7.0050402667473595
CEACAM22P	SRR3493813	8.014408539891626
CEACAM22P	SRR3493814	3
CEACAM22P	SRR3493815	4.440348439333242
CEACAM22P	SRR3493816	9
CEACAM22P	SRR3493817	7.019658578057799
CEACAM22P	SRR3493818	28.096638678327597
CEACAM22P	SRR3493819	2
CEACAM22P	SRR3493820	6.731245557824411
CEACAM22P	SRR3493821	11.126512494427365
CEACAM22P	SRR3493822	15
CEACAM22P	SRR3493823	8.654807882920709
CEACAM22P	SRR3493824	28.01708737227478
CEACAM22P	SRR3493825	5.006455115110893
CEACAM22P	SRR3493826	25.01800095266914
CEACAM22P	SRR3493827	21
CEACAM22P	SRR3493828	16
CEACAM22P	SRR3493829	17.039814340278152
CEACAM22P	SRR3493830	8.694269451096256
CEACAM22P	SRR3493831	4.017667625229354
CEACAM22P	SRR3493832	11.001979570361472
CEACAM22P	SRR3493833	19.910882279801687
CEACAM22P	SRR3493834	4
CEACAM22P	SRR3493835	11.05556284112396
CEACAM22P	SRR3493836	32
CEACAM22P	SRR3493837	14.00903424624078
CEACAM22P	SRR3493838	18
CEACAM22P	SRR3493839	21.17138548381285
CEACAM22P	SRR3493840	30.574191946495414
CEACAM22P	SRR3493841	12.02594004069876
CEACAM22P	SRR3493846	4.09102550381167
CEACAM22P	SRR3493847	4.146506284438251
CEACAM22P	SRR3493848	14.002519453187329
CEACAM22P	SRR3493849	11.145282800816297
CEACAM22P	SRR3493850	12
CEACAM22P	SRR3714631	4
CEACAM22P	SRR3714632	12.066392100598572
CEACAM22P	SRR3714633	5.056857488091939
CEACAM22P	SRR3714634	14.08759375650921
CEACAM22P	SRR3714635	6
CEACAM22P	SRR3714636	3
CEACAM22P	SRR3714637	8
CEACAM22P	SRR3714638	14
CEACAM22P	SRR3714639	5.753327031081422
CEACAM22P	SRR3714640	17.04541671115971
CEACAM22P	SRR3714641	11.99434857727742
CEACAM22P	SRR3714642	6.43984906103477
CEACAM22P	SRR3714643	5.207390704552497
CEACAM22P	SRR3714644	18.52301383080569
CEACAM22P	SRR3714645	28.175486104255388
CEACAM22P	SRR3714646	10.001799609419521
CEACAM22P	SRR3714648	10.89431774628298
CEACAM22P	SRR3714649	8.556336967342258
CEACAM22P	SRR3714650	9.05996190379217
CEACAM22P	SRR3714651	20.959407230945192
CEACAM22P	SRR3714652	8.80067857778748
CEACAM22P	SRR3714653	14
CEACAM22P	SRR3714654	38
CEACAM22P	SRR3714655	4.002159919958025
CEACAM22P	SRR3714656	3.3946076936738137
CEACAM22P	SRR3714657	9.50769044541184
CEACAM22P	SRR3714658	10.850917670976896
CEACAM22P	SRR3714659	12.51198694678473
CEACAM22P	SRR3714660	3
CEACAM22P	SRR3714661	5
CEACAM22P	SRR3714662	6.064719380688424
CEACAM22P	SRR3714663	22.011879559769135
CEACAM22P	SRR3714664	8.88644107294916
CEACAM22P	SRR3714665	6
CEACAM22P	SRR3714666	7
CEACAM22P	SRR3714667	4.91369450998446
CEACAM22P	SRR3714668	2
CEACAM22P	SRR3714669	7.815583665903988
CEACAM22P	SRR3714670	1.0131789146255041
CEACAM22P	SRR3714671	21.02111528690117
CEACAM22P	SRR3714672	3.0075265163994067
CEACAM22P	SRR3714673	22.70356417734325
CEACAM22P	SRR3714674	9.397424308051734
CEACAM22P	SRR3714675	7.436785228315872
CEACAM22P	SRR3714676	2
CEACAM22P	SRR3714677	20.043846274728264
CEACAM22P	SRR3714678	4.4871629536821676
CEACAM22P	SRR3714679	27.036876763421475
CEACAM22P	SRR3714680	26.037019219220625
CEACAM22P	SRR3714681	1.0032581242663439
CEACAM22P	SRR3714682	28.68087513441388
CEACAM22P	SRR3714683	14.026766413073842
CEACAM22P	SRR3714684	7.588604808864732
CEACAM22P	SRR3714685	4.006344375224278
CEACAM22P	SRR3714686	12.285818157356232
CEACAM22P	SRR3714688	4.028860747636073
CEACAM22P	SRR3714689	6.121127731396505
CEACAM22P	SRR3714690	6.28771365386912
CEACAM22P	SRR3714691	25
CEACAM22P	SRR3714692	2.1827697985671417
CEACAM22P	SRR3714693	24.89021008131299
CEACAM22P	SRR3714694	19.109020130497573
CEACAM22P	SRR3714695	43.6999239253497
CEACAM22P	SRR3714696	10
CEACAM22P	SRR3714697	2.017882897744288
CEACAM22P	SRR3714698	1.0129099016527614
CEACAM22P	SRR3714699	2.462730945297939
CEACAM22P	SRR3714700	8.067877973810843
CEACAM22P	SRR3714701	5.949017403949712
CEACAM22P	SRR3714702	5.775718107360096
CEACAM22P	SRR3714703	5.004500643137268
CEACAM22P	SRR3714704	17.340484503742996
CEACAM22P	SRR3714705	8.950900693109363
CEACAM22P	SRR3714706	4.139450064867475
CEACAM22P	SRR3714707	10.004652586325792
CEACAM22P	SRR3714708	2.0459723706999555
CEACAM22P	SRR3714709	2.6597747367080644
CEACAM22P	SRR3714710	11.606405327064495
CEACAM22P	SRR3714711	5.363543051204216
CEACAM22P	SRR3714712	17
CEACAM22P	SRR3714713	22
CEACAM22P	SRR3714714	24
CEACAM22P	SRR3714715	17.078160256038473
CEACAM22P	SRR3714716	11
CEACAM22P	SRR3714717	5
CEACAM22P	SRR3714718	9
CEACAM22P	SRR3714719	3.7055851355268996
CEACAM22P	SRR3714720	8.101910173611905
CEACAM22P	SRR3714721	7.097926712182623
CEACAM22P	SRR3714723	4.8641708039329385
CEACAM22P	SRR3714724	25.06934015181309
CEACAM22P	SRR3714725	9.11059958046043
CEACAM22P	SRR3714726	16.34724621537705
CEACAM22P	SRR3714727	10.317193131068924
CEACAM22P	SRR3714728	11.088795125034917
CEACAM22P	SRR3714729	6.154855834535212
CEACAM22P	SRR3714730	12.039545949434718
CEACAM22P	SRR3714731	23.004139101664897
CEACAM22P	SRR3714732	6.517998923345146
CEACAM22P	SRR3714734	5.355782267326148
CEACAM22P	SRR3714735	14.220728992764228
CEACAM22P	SRR3714736	13.365476838273949
CEACAM22P	SRR3714737	3
CEACAM22P	SRR3714738	20.75223523434467
CEACAM22P	SRR3714739	6.763742521696835
CEACAM22P	SRR3714740	14.678619780096149
CEACAM22P	SRR3714741	17.016287899266207
CEACAM22P	SRR3714744	7.527916360589546
CEACAM22P	SRR3714745	1.0402451473540792
CEACAM22P	SRR3714746	1.008355710513067
CEACAM22P	SRR3714747	2.209186428944498
CEACAM22P	SRR3714748	10.775581309259923
CEACAM22P	SRR3714749	2.0411551381882846
CEACAM22P	SRR3714750	2.7724461473830866
CEACAM22P	SRR3714751	2.00165076074851
CEACAM22P	SRR3714752	1
CEACAM22P	SRR3714753	34.257220542489094
CEACAM22P	SRR3714754	10
CEACAM22P	SRR3714755	6.202593116061101
CEACAM22P	SRR3714756	3.0642592369781836
CEACAM22P	SRR3714757	2.9027860055887986
CEACAM22P	SRR3714758	15.999302507827622
CEACAM22P	SRR3714759	12.56876106499178
CEACAM22P	SRR3714760	13.008388942937868
CEACAM22P	SRR3714761	2.00024942529187
CEACAM22P	SRR3714762	16.733166727543733
CEACAM22P	SRR3714764	6
CEACAM22P	SRR3714765	33.26667791005396
CEACAM22P	SRR3714766	8
CEACAM22P	SRR3714767	10.864016779790596
CEACAM22P	SRR3714768	30
CEACAM22P	SRR5176628	6.040852149434892
CEACAM22P	SRR5176629	5.028414401544884
CEACAM22P	SRR5176630	2.00443945246922
CEACAM22P	SRR5176631	12.114665236560958
CEACAM22P	SRR5176632	3.0084251048819137
CEACAM22P	SRR5176633	3.019180182355993
CEACAM22P	SRR5176634	3.1187563194535755
CEACAM22P	SRR5176635	10.060924990576442
CEACAM22P	SRR5176636	1.0259454268844617
CEACAM22P	SRR5176637	2.0590699833559802
CEACAM22P	SRR5176638	3.367417394937783
CEACAM22P	SRR5176639	6
CEACAM22P	SRR5176640	2.087965029424969
CEACAM22P	SRR5176641	11.160242129871952
CEACAM22P	SRR5176642	1.0019065235500912
CEACAM22P	SRR5176643	9.01553626755191
CEACAM22P	SRR5176644	9.001619648477568
CEACAM22P	SRR5176645	2.076265810100314
CEACAM22P	SRR5176646	13.238614404926093
CEACAM22P	SRR5176647	13.075253684965604
CEACAM22P	SRR5176648	5.014041841469856
CEACAM22P	SRR5176649	3.019935818418785
CEACAM22P	SRR5176650	2.0476015013969175
CEACAM22P	SRR5176651	34.53942041073937
CEACAM22P	SRR5176652	2.0110103438732425
CEACAM22P	SRR5176653	9.024022963828088
CEACAM22P	SRR5176654	13.104982733826628
CEACAM22P	SRR5176655	14.016598844406056
CEACAM22P	SRR5176656	4.278751403319888
CEACAM22P	SRR5176657	2.1596373575024623
CEACAM22P	SRR5176658	5.008104074305661
CEACAM22P	SRR5176659	16.034318070920037
CEACAM22P	SRR5176660	16.017998624029666
CEACAM22P	SRR5176661	9.04831735821877
CEACAM22P	SRR5176662	12.575975757934225
CEACAM22P	SRR5176663	22.13801824105224
CEACAM22P	SRR5176664	26
CEACAM22P	SRR5176665	4.034823583660264
CEACAM22P	SRR5176666	11.041734080865664
CEACAM22P	SRR5176667	2.1568652553978422
CEACAM22P	SRR5176668	4.017295627557276
CEACAM22P	SRR5176669	11.103685863665039
CEACAM22P	SRR5176670	7.044753758830651
CEACAM22P	SRR5176671	12.021411394828897
CEACAM22P	SRR5176672	11.060218696585856
CEACAM22P	SRR5176673	2.0095019359551936
CEACAM22P	SRR5176674	4.009191243940653
CEACAM22P	SRR5176675	7.029246070231227
CEACAM22P	SRR5176676	8.145723638699302
CEACAM22P	SRR5176677	2.0028811893368133
CEACAM22P	SRR5176678	1.0221313973041704
CEACAM22P	SRR5176679	1.008843607004959
CEACAM22P	SRR5176680	10.028083682939712
CEACAM22P	SRR5176681	10.010802515574014
CEACAM22P	SRR5176682	8.077712255111082
CEACAM22P	SRR5176683	17.07641775815077
CEACAM22P	SRR5176684	17.044674885249897
CEACAM22P	SRR5176685	14.04117907680392
CEACAM22P	SRR5176686	9.03834928060808
CEACAM22P	SRR5176687	2.0088402910202974
CEACAM22P	SRR5176688	1.0130567972055589
CEACAM22P	SRR5176689	3.021990235190934
CEACAM22P	SRR5176690	6.150471492718065
CEACAM22P	SRR5176691	9.008101157647083
CEACAM22P	SRR5176692	2.0193358503256547
CEACAM22P	SRR5176693	1.0072548499485035
CEACAM22P	SRR5176694	15
CEACAM22P	SRR5176695	2.0276551917793135
CEACAM22P	SRR5176696	1.1276067886443841
CEACAM22P	SRR5176697	1.0271093020097934
CEACAM22P	SRR5176698	4.657911083871852
CEACAM22P	SRR5176699	3.0727367132623815
CEACAM22P	SRR5176700	4.354988211879502
CEACAM22P	SRR5176701	4.135711617488517
CEACAM22P	SRR5176702	11
CEACAM22P	SRR5176703	6.1334321639187275
CEACAM22P	SRR5176704	19.082815734218503
CEACAM22P	SRR5176705	7.014275787964357
CEACAM22P	SRR5176706	3.080619369461789
CEACAM22P	SRR5176707	8.154638175586998
CEACAM22P	SRR5176708	3.0285006325482766
CEACAM22P	SRR5176709	29.137778071350308
CEACAM22P	SRR5176710	30
CEACAM22P	SRR5176711	9.017121846648653
CEACAM22P	SRR5176712	10.124489319096075
CEACAM22P	SRR5176713	1.0086581533197898
CEACAM22P	SRR5176714	2.1195475060961355
CEACAM22P	SRR5176715	6.007562441414647
CEACAM22P	SRR5176716	43.084476292660455
CEACAM22P	SRR5176717	27.1735505334278
CEACAM22P	SRR5176718	12.102826615026373
CEACAM22P	SRR5176719	15.034926882393098
CEACAM22P	SRR5176720	25
CEACAM22P	SRR5176721	9
CEACAM22P	SRR5176722	3.0581852253524104
CEACAM22P	SRR5176723	1.0093325243947782
CEACAM22P	SRR5176724	1.0053169006142997
CEACAM22P	SRR5176725	6.0727791688492845
CEACAM22P	SRR5176726	17
CEACAM22P	SRR5176727	9.00513516672299
CEACAM22P	SRR5176728	1.0243749333461307
CEACAM22P	SRR5176729	4.007487170363897
CEACAM22P	SRR5176730	9.057415349504087
CEACAM22P	SRR5176731	19.08624989571313
CEACAM22P	SRR5176732	9
CEACAM22P	SRR5176733	12.02663671481532
CEACAM22P	SRR5176734	3.2419433376773275
CEACAM22P	SRR5176735	21.048897635350336
CEACAM22P	SRR5176736	12.02324591311814
CEACAM22P	SRR5176737	33.09560519638582
CEACAM22P	SRR5176738	5.053198638849437
CEACAM22P	SRR5176739	7.054663927294598
CEACAM22P	SRR5176740	1.004072314883195
CEACAM22P	SRR5176741	2.0817694658558783
CEACAM22P	SRR5176742	1.010291833169212
CEACAM22P	SRR5176743	6.068777246945646
CEACAM22P	SRR5176744	3.0394911243214184
CEACAM22P	SRR5176745	16.141639210034246
CEACAM22P	SRR5176746	5.01109863117305
CEACAM22P	SRR5176747	6
CEACAM22P	SRR5176748	13.016385289731735
CEACAM22P	SRR5176749	5.080839744856601
CEACAM22P	SRR5176750	6.095453633336384
CEACAM22P	SRR5176751	8.028488912515446
CEACAM22P	SRR5176752	7.031307306363161
CEACAM22P	SRR5176753	2.005222271977506
CEACAM22P	SRR5176754	11.057402807429446
CEACAM22P	SRR5176755	7.003256810428054
CEACAM22P	SRR5176756	5.1419073324790325
CEACAM22P	SRR5176757	1.0554499963578214
CEACAM22P	SRR5176758	9.098464658263886
CEACAM22P	SRR5176759	2.053807780096512
CEACAM22P	SRR5176760	4.022744494378003
CEACAM22P	SRR5176761	8.04644477339933
CEACAM22P	SRR5176762	3.2220954590347866
CEACAM22P	SRR5176763	3.022295107749078
CEACAM22P	SRR5176764	15.010800571601486
CEACAM22P	SRR5176765	14.023120188017815
CEACAM22P	SRR5176766	12.033700419527655
CEACAM22P	SRR5176767	8.008043918819494
CEACAM22P	SRR5176768	13.193263844479912
CEACAM22P	SRR5176769	3.008649793949436
CEACAM22P	SRR5176770	5.011489054925817
CEACAM22P	SRR5176771	4.009651133244096
CEACAM22P	SRR5176772	2.0123968137302835
CEACAM22P	SRR5176773	2.0148041272683828
CEACAM22P	SRR5176774	22.134195449917183
CEACAM22P	SRR5176775	5.0462548132934435
CEACAM22P	SRR5176776	2.0162334956477888
CEACAM22P	SRR5176777	27.264103042412803
CEACAM22P	SRR5176778	19.10588539663638
CEACAM22P	SRR5176779	4.020150278125322
CEACAM22P	SRR5176780	8.023910677060215
CEACAM22P	SRR5176781	6.0371087609999154
CEACAM22P	SRR5176782	1.0080091098205926
CEACAM22P	SRR5176783	10.090657297142455
CEACAM22P	SRR5176784	7.02827068923102
CEACAM22P	SRR5176785	11.018988771452335
CEACAM22P	SRR5176786	5
CEACAM22P	SRR5176787	6.044984593039704
CEACAM22P	SRR5176788	2.0528899942396945
CEACAM22P	SRR5176789	17.237142309338196
CEACAM22P	SRR5176790	11.102549693322127
CEACAM22P	SRR5176791	9.078067639606044
CEACAM22P	SRR5176792	17
CEACAM22P	SRR5176793	15.133262549530462
CEACAM22P	SRR5176794	2.008928896305199
CEACAM22P	SRR5176795	9.037203480217308
CEACAM22P	SRR5176796	14.311335987874669
CEACAM22P	SRR5176797	4.027624150654395
CEACAM22P	SRR5176798	9.046899770310791
CEACAM22P	SRR5176799	16
CEACAM22P	SRR5176800	5.038771488538197
CEACAM22P	SRR5176801	8.134895329657843
CEACAM22P	SRR5176802	3.041503544844155
CEACAM22P	SRR5176803	2.00805605907214
CEACAM22P	SRR5176804	1.02112644076761
CEACAM22P	SRR5176805	19.07251695671236
CEACAM22P	SRR5176806	3.087994809684855
CEACAM22P	SRR5176807	18.011615459452432
CEACAM22P	SRR5176808	15.00539931404767
CEACAM22P	SRR5176809	33.04753962405742
CEACAM22P	SRR5176810	22
CEACAM22P	SRR5176811	6
CEACAM22P	SRR5176812	8.00864201245921
CEACAM22P	SRR5176813	8.00864201245921
CEACAM22P	SRR5176814	17
CEACAM22P	SRR5176815	7.096369470673448
CEACAM22P	SRR5176816	1.014024061573879
CEACAM22P	SRR5176817	9.046351113494682
CEACAM22P	SRR5176818	2.004895066048328
CEACAM22P	SRR5176819	6.315150646795638
CEACAM22P	SRR5176820	6.132373796011882
CEACAM22P	SRR5176821	8.071699826913424
CEACAM22P	SRR5176822	6.172995695629597
CEACAM22P	SRR5176823	10.037302716009714
CEACAM22P	SRR5176824	8.044642157660634
CEACAM22P	SRR5176825	3.003240754672204
CEACAM22P	SRR5176826	3.0241805890757676
CEACAM22P	SRR5176827	6.022450295206945
CEACAM22P	SRR5176828	27.10627813031781
CEACAM22P	SRR5176829	7.0186101465331845
CEACAM22P	SRR5176830	7.002519679888913
CEACAM22P	SRR5176831	10.050818994069227
CEACAM22P	SRR5176832	3.029466014292381
CEACAM22P	SRR5176833	3.017039794998227
CEACAM22P	SRR5176834	10.038017867755233
CEACAM22P	SRR5176835	15.052292506291458
CEACAM22P	SRR5176836	15.012380705613827
CEACAM22P	SRR5176837	3.1525959398615377
CEACAM22P	SRR5176838	1.0246586529675596
CEACAM22P	SRR5176839	6.241504668515741
CEACAM22P	SRR5176840	2.000930517265158
CEACAM22P	SRR5176841	4.053992901301487
CEACAM22P	SRR5176842	19.116600633810876
CEACAM22P	SRR5176843	15.114241449365688
CEACAM22P	SRR5176844	11.031715911147932
CEACAM22P	SRR5176845	2.0288158351505974
CEACAM22P	SRR5176846	6.0266024100010185
CEACAM22P	SRR5176847	2.039624375839611
CEACAM22P	SRR5176848	9.07576423454685
CEACAM22P	SRR5176849	6.115357135085183
CEACAM22P	SRR5176850	11.148297246695021
CEACAM22P	SRR5176851	19.01986543557701
CEACAM22P	SRR5176852	17.372969008476886
CEACAM22P	SRR5176853	17.041608061410788
CEACAM22P	SRR5176854	5.232031661601943
CEACAM22P	SRR5176855	16.036274625299654
CEACAM22P	SRR5176856	8.126142770318056
CEACAM22P	SRR5176857	8.027728945061181
CEACAM22P	SRR5176858	3.020534273886954
CEACAM22P	SRR5176859	4.007027529257454
CEACAM22P	SRR5176860	28
CEACAM22P	SRR5176861	8.01525218840073
CEACAM22P	SRR5176862	5.028853652774685
CEACAM22P	SRR5176863	15.036712995362459
CEACAM22P	SRR5176864	18.086459616715548
CEACAM22P	SRR5176865	5.009532617750456
CEACAM22P	SRR5176866	18
CEACAM22P	SRR5176867	28.11775335166147
CEACAM22P	SRR5176868	7.242159457325465
CEACAM22P	SRR5176869	7.017132731169148
CEACAM22P	SRR5176870	6.0269709734649775
CEACAM22P	SRR5176871	10.033885602826702
CEACAM22P	SRR5176872	5.095023248573133
CEACAM22P	SRR5861974	17.221737251906948
CEACAM22P	SRR5861975	8.072185258642827
CEACAM22P	SRR5861976	2.079917257904137
CEACAM22P	SRR5861977	10
CEACAM22P	SRR5861978	9.043434084776573
CEACAM22P	SRR5861979	4.037248012164226
CEACAM22P	SRR5861980	20
CEACAM22P	SRR5861981	1.0197815921391915
CEACAM22P	SRR5861982	1.2333293129099616
CEACAM22P	SRR5861983	4.006483259444528
CEACAM22P	SRR5861984	1.0080145694811098
CEACAM22P	SRR5861985	5.08435238959924
CEACAM22P	SRR5861986	16.03170164080331
CEACAM22P	SRR5861987	1.0125418094627725
CEACAM22P	SRR5861988	2.034128828215953
CEACAM22P	SRR5861989	7.086273792749259
CEACAM22P	SRR5861990	15.044771010944622
CEACAM22P	SRR5861991	6
CEACAM22P	SRR5861992	25
CEACAM22P	SRR5861993	9.033247874068856
CEACAM22P	SRR5861994	15
CEACAM22P	SRR5861995	12.104040256794875
CEACAM22P	SRR5861996	7.028913372215297
CEACAM22P	SRR5861997	2.050678439474676
CEACAM22P	SRR5861998	22.125394064681796
CEACAM22P	SRR5861999	2.053485289278796
CEACAM22P	SRR5862000	15.00539931404767
CEACAM22P	SRR5862001	17
CEACAM22P	SRR5862002	13.014043270246217
CEACAM22P	SRR5862003	7.0168894831771675
CEACAM22P	SRR5862004	10.05509961707591
CEACAM22P	SRR5862005	8.041993393486074
CEACAM22P	SRR5862006	27.101026328431256
CEACAM22P	SRR5862007	1.008386543590015
CEACAM22P	SRR5862008	28.11154489198112
CEACAM22P	SRR5862009	19.067078142125602
CEACAM22P	SRR5862010	6.3075672933985
CEACAM22P	SRR5862011	2.0710247930159857
CEACAM22P	SRR5862012	2.013963070147916
CEACAM22P	SRR5862013	6.123904218439263
CEACAM22P	SRR5862014	4.019419666711891
CEACAM22P	SRR5862015	30
CEACAM22P	SRR5862016	4.0166576960113725
CEACAM22P	SRR5862017	9.073728365801381
CEACAM22P	SRR5862018	9.03582457512064
CEACAM22P	SRR5862019	5.039438263509769
CEACAM22P	SRR5862020	10.03363733709208
CEACAM22P	SRR5862021	3.017850805828916
CEACAM22P	SRR5862022	9.04328256739016
CEACAM22P	SRR5862023	2.014966412666265
CEACAM22P	SRR5862024	5.013430088069909
CEACAM22P	SRR5862025	22
CEACAM22P	SRR5862026	4.030685491673301
CEACAM22P	SRR5862027	15.008099699842592
CEACAM22P	SRR5862028	1.1262536898298274
CEACAM22P	SRR5862029	17.34416821973336
CEACAM22P	SRR5862030	8.021867820251742
CEACAM22P	SRR5862031	6.041436225981592
CEACAM22P	SRR5862032	3.219948503728492
CEACAM22P	SRR5862033	11.016484699794256
CEACAM22P	SRR5862034	1.2455161624992859
CEACAM22P	SRR5862035	4.026314228250933
CEACAM22P	SRR5862036	3.0520306176797263
CEACAM22P	SRR5862037	1.0542964573472537
CEACAM22P	SRR5862038	3.237283518863005
CEACAM22P	SRR5862039	43.074228833859124
CEACAM22P	SRR5862040	9.057788293743455
CEACAM22P	SRR5862041	2.0106757091188476
CEACAM22P	SRR5862042	11.096932867081929
CEACAM22P	SRR5862043	15
CEACAM22P	SRR5862044	14.01912128473706
CEACAM22P	SRR5862045	2.008322371249443
CEACAM22P	SRR5862046	8.062278537167403
CEACAM22P	SRR5862047	3.026113726446061
CEACAM22P	SRR5862048	2.4941467585371466
CEACAM22P	SRR5862049	5.077159600507818
CEACAM22P	SRR5862050	5.016374667720713
CEACAM22P	SRR5862051	9.04205422900834
CEACAM22P	SRR5862052	8.027643870769761
CEACAM22P	SRR5862053	14.036791081970502
CEACAM22P	SRR5862054	6.156095997040537
CEACAM22P	SRR5862055	6.135827532032615
CEACAM22P	SRR5862056	4.13059546801349
CEACAM22P	SRR5862057	12.091871766500924
CEACAM22P	SRR5862058	21.047610445705796
CEACAM22P	SRR5862059	1.0276203307721452
CEACAM22P	SRR5862060	5.045415737224317
CEACAM22P	SRR5862061	10.035611140644308
CEACAM22P	SRR5862062	18.00971963981111
CEACAM22P	SRR5862063	2.023894907872155
CEACAM22P	SRR5862064	9.017434434838606
CEACAM22P	SRR5862065	2.0050366075356565
CEACAM22P	SRR5862066	2.0180483651368526
CEACAM22P	SRR5862067	1.2340297724805442
CEACAM22P	SRR5862068	5.023601230321762
CEACAM22P	SRR5862069	15.031903953817388
CEACAM22P	SRR5862070	2.0265507555274365
CEACAM22P	SRR5862071	2.5034916459072765
CEACAM22P	SRR5862072	1.2634612941586179
CEACAM22P	SRR5862073	12.022309233273411
CEACAM22P	SRR5862074	11.055309544641844
CEACAM22P	SRR5862075	3.0203495611050455
CEACAM22P	SRR5862076	1.240670619317905
CEACAM22P	SRR5862077	7.0274685526083855
CEACAM22P	SRR5862078	2.1548782600559933
CEACAM22P	SRR5862079	6.060615993539395
CEACAM22P	SRR5862080	1.0183262211710338
CEACAM22P	SRR5862081	4.0069050078008495
CEACAM22P	SRR5862082	1.0037523531876433
CEACAM22P	SRR5862083	6
CEACAM22P	SRR5862084	5.034084619979484
CEACAM22P	SRR5862085	6
CEACAM22P	SRR5862086	1.0247352824726355
CEACAM22P	SRR5862087	3.0352608763060713
CEACAM22P	SRR5862088	3.365163946440384
CEACAM22P	SRR5862089	1.0122530679623452
CEACAM22P	SRR5862090	12.020513623435885
CEACAM22P	SRR5862091	3.041403114682161
CEACAM22P	SRR5862092	6.12314529194782
CEACAM22P	SRR5862093	15.00269941412928
CEACAM22P	SRR5862094	11.05440242211359
CEACAM22P	SRR5862095	4.349326159834714
CEACAM22P	SRR5862096	5.010808350291151
CEACAM22P	SRR5862097	5.026245870928796
CEACAM22P	SRR5862098	14.307118842581241
CEACAM22P	SRR5862099	2.0447551246445546
CEACAM22P	SRR5862100	10.026279344264644
CEACAM22P	SRR5862101	2.116298018770499
CEACAM22P	SRR5862102	2.0115642686641606
CEACAM22P	SRR5862103	1.0233035627864664
CEACAM22P	SRR5862104	17.07027324041047
CEACAM22P	SRR5862105	10.110064761067548
CEACAM22P	SRR5862106	6.025518052096615
CEACAM22P	SRR5862107	5
CEACAM22P	SRR5862108	1.0068477100204776
CEACAM22P	SRR5862109	1.0018010674864533
CEACAM22P	SRR5862110	1.0079096360319266
CEACAM22P	SRR5862111	8.11638409407314
CEACAM22P	SRR5862112	2.0074220496282456
CEACAM22P	SRR5862113	8.069393457427594
CEACAM22P	SRR5862114	4.018569067681469
CEACAM22P	SRR5862115	3.019814967991788
CEACAM22P	SRR5862116	3.0764571115423207
CEACAM22P	SRR5862117	8.026064994130751
CEACAM22P	SRR5862118	10.082643828681821
CEACAM22P	SRR5862119	19.077373982780703
CEACAM22P	SRR5862120	8.00720102901963
CEACAM22P	SRR5862121	5.007202973342033
CEACAM22P	SRR5862122	5.010196991403112
CEACAM22P	SRR5862123	15.034007461218426
CEACAM22P	SRR5862124	8.025354667583798
CEACAM22P	SRR5862125	15
CEACAM22P	SRR5862126	3.002700385882361
CEACAM22P	SRR5862127	9.033399223327105
CEACAM22P	SRR5862128	9.033247874068856
CEACAM22P	SRR5862129	2.1566247390789535
CEACAM22P	SRR5862130	7.043173484858509
CEACAM22P	SRR5862131	4.009068656324914
CEACAM22P	SRR5862132	8.00720102901963
CEACAM22P	SRR5862133	8.00720102901963
CEACAM22P	SRR5862134	7.0012597265936645
CEACAM22P	SRR5862135	3.0374875611496943
CEACAM22P	SRR5862136	2.0007199085396894
CEACAM22P	SRR5862137	16.03458672093168
CEACAM22P	SRR5862138	5.008831700914785
CEACAM22P	SRR5862139	33.04361412257673
CEACAM22P	SRR5862140	3.009732770289235
CEACAM22P	SRR5862141	6.025702297854153
CEACAM22P	SRR5862142	12.032232211367782
CEACAM22P	SRR5862143	7.002519679888913
CEACAM22P	SRR5862144	9.050222427368215
CEACAM22P	SRR5862145	10.032749335441427
CEACAM22P	SRR5862146	11.147107384140115
CEACAM22P	SRR5862147	3.0214873720588677
CEACAM22P	SRR5862148	9
CEACAM22P	SRR5862149	10.056861235945007
CEACAM22P	SRR5862150	6.01441991603542
CEACAM22P	SRR5862151	2.024093153269608
CEACAM22P	SRR5862152	1.0238846982116432
CEACAM22P	SRR5862153	14.284826715556965
CEACAM22P	SRR5862154	9
CEACAM22P	SRR5862155	6.037273891215701
CEACAM22P	SRR5862156	1.0252722652958044
CEACAM22P	SRR5862157	6.154695820221445
CEACAM22P	SRR5862158	9.004859819905555
CEACAM22P	SRR5862159	27.157581497939987
CEACAM22P	SRR5862160	3.113413293787694
CEACAM22P	SRR5862161	33.08975706448785
CEACAM22P	SRR5862162	2.0065162485326877
CEACAM22P	SRR5862163	10.033805447564601
CEACAM22P	SRR5862164	3.150096961242881
CEACAM22P	SRR5862165	6.025766156236705
CEACAM22P	SRR5862166	2.0085060173655385
CEACAM22P	SRR5862167	12.025041931101805
CEACAM22P	SRR5862168	9.014862978011452
CEACAM22P	SRR5862169	5.018159817123185
CEACAM22P	SRR5862170	1.0108445605752712
CEACAM22P	SRR5862171	7.011774490545417
CEACAM22P	SRR5862172	9.01553626755191
CEACAM22P	SRR5862173	2.049569017601496
CEACAM22P	SRR5862174	4.112507449227263
CEACAM22P	SRR5862175	10.048260094196193
CEACAM22P	SRR5862176	8.137079444683675
CEACAM22P	SRR5862177	4.127473132928083
CEACAM22P	SRR5862178	2.0570702848294458
CEACAM22P	SRR5862179	8.044817621684418
CEACAM22P	SRR5862180	4.65364260760514
CEACAM22P	SRR5862181	1.0208867172468703
CEACAM22P	SRR5862182	1.0091326280382285
CEACAM22P	SRR5862183	1.0048842199437062
CEACAM22P	SRR5862184	3.0801710076458173
CEACAM22P	SRR5862185	17
CEACAM22P	SRR5862186	7.050738472888667
CEACAM22P	SRR5862187	1.0074072425695189
CEACAM22P	SRR5862188	6.233179553333264
CEACAM22P	SRR5862189	3.024299572273088
CEACAM22P	SRR5862190	2.0026432801561653
CEACAM22P	SRR5862191	4.046044184727854
CEACAM22P	SRR5862192	5.223764219585108
CEACAM22P	SRR5862193	6.021366684386584
CEACAM22P	SRR5862194	4.020750803328643
CEACAM22P	SRR5862195	3.018803941673725
CEACAM22P	SRR5862196	18
CEACAM22P	SRR5862197	26
CEACAM22P	SRR5862198	3.3018790792170045
CEACAM22P	SRR5862199	17.041608061410788
CEACAM22P	SRR5862200	2.004234937962998
CEACAM22P	SRR5862201	5.065020430143978
CEACAM22P	SRR5862202	3.0635507398069945
CEACAM22P	SRR5862203	3.100446567563586
CEACAM22P	SRR5862204	11
CEACAM22P	SRR5862205	11
CEACAM22P	SRR5862206	8.142193908999158
CEACAM22P	SRR5862207	2.0105255497845578
CEACAM22P	SRR5862208	3.0567821134078215
CEACAM22P	SRR5862209	6.066759487393126
CEACAM22P	SRR5862210	37
CEACAM22P	SRR5862211	7.225237805761397
CEACAM22P	SRR5862212	11.096590309161465
CEACAM22P	SRR5862213	6.0274498193882184
CEACAM22P	SRR5862214	8.02158974324879
CEACAM22P	SRR5862215	7.0166086844644715
CEACAM22P	SRR5862216	12.042733368773169
CEACAM22P	SRR5862217	3.0193133513896004
CEACAM22P	SRR5862218	14.012601800784351
CEACAM22P	SRR5862219	1.022945581707591
CEACAM22P	SRR5862220	18.080360066746792
CEACAM22P	SRR5862221	28
CEACAM22P	SRR5862222	8.02584546692886
CEACAM22P	SRR5862223	2.0859682846606002
CEACAM22P	SRR5862224	15.114674647815585
CEACAM22P	SRR5862225	3.0078715059971968
CEACAM22P	SRR5862226	6.006481509344408
CEACAM22P	SRR5862227	16
CEACAM22P	SRR5862228	27.240217616743756
CEACAM22P	SRR5862229	8.04669081420444
CEACAM22P	SRR5862230	5.026161659153634
CEACAM22P	SRR5862231	2.0040787965612448
CEACAM22P	SRR5862232	6.0890062084310586
CEACAM22P	SRR5862233	10.027334775314678
CEACAM22P	SRR5862234	9.051973582631984
CEACAM22P	SRR5862235	19.01710244392162
CEACAM22P	SRR5862236	4.008469875925996
CEACAM22P	SRR5862237	1.030696233812855
CEACAM22P	SRR5862238	10.008253803742551
CEACAM22P	SRR5862239	13.099369547002206
CEACAM22P	SRR5862240	11.029730990369426
CEACAM22P	SRR5862241	5.030733347269869
CEACAM22P	SRR5862242	15.102511318058582
CEACAM22P	SRR5862243	19.10466101210094
CEACAM22P	SRR5862244	8.112502973495657
CEACAM22P	SRR5862245	6.107467940342299
CEACAM22P	SRR5862246	19.035793950216284
CEACAM22P	SRR5862247	6.032846561774103
CEACAM22P	SRR5862248	9.006480342960892
CEACAM22P	SRR5862249	2.029648979028344
CEACAM22P	SRR5862250	9.094767061439315
CEACAM22P	SRR5862251	12.120999559329029
CEACAM22P	SRR5862252	3.0075672072913266
CEACAM22P	SRR5862253	9.068599939187752
CEACAM22P	SRR5862254	24.166810798871648
CEACAM22P	SRR5862255	16.12406403948405
CEACAM22P	SRR5862256	34.52463644103763
CEACAM22P	SRR5862257	12.15999843420191
CEACAM22P	SRR5862258	9.022977514250533
CEACAM22P	SRR5862259	13.174388668044003
CEACAM22P	SRR5862260	4.256454078322126
CEACAM22P	SRR5862261	9.145909710871733
CEACAM22P	SRR5862262	9.087150375164004
CEACAM22P	SRR5862263	6.270136313738748
CEACAM22P	SRR5862264	22.124418207921376
CEACAM22P	SRR5862265	15.017784476149346
CEACAM22P	SRR5862266	13.070548885085204
CEACAM22P	SRR5862267	6.32924653271804
CEACAM22P	SRR5862268	19.091694178972766
CEACAM22P	SRR5862269	7.027146500077671
CEACAM22P	SRR5862270	17.03773534598837
CEACAM22P	SRR5862271	7.041047047631956
CEACAM22P	SRR5862272	22.243013381233414
CEACAM22P	SRR5862273	17.05635642381473
CEACAM22P	SRR5862274	29.13164457766741
CEACAM22P	SRR5862275	10.127963981370376
CEACAM22P	SRR5862276	13.222723471721032
CEACAM22P	SRR5862277	11.136486886273275
CEACAM22P	SRR5949109	1.1543930374941627
CEACAM22P	SRR5949110	1.1528629477900991
CEACAM22P	SRR5949111	1.1543861423812125
CEACAM22P	SRR5949112	1.1544080735423528
CEACAM22P	SRR5949113	1.1538715423531325
CEACAM22P	SRR5949114	1.1544080735423528
CEACAM22P	SRR5949115	1.1543930374941627
CEACAM22P	SRR5949116	1.154328975937927
CEACAM22P	SRR5949117	1.1544080735423528
CEACAM22P	SRR5949118	1.1542881659876676
CEACAM22P	SRR5949119	1.1544066367558048
CEACAM22P	SRR5949120	1.1542612816136126
CEACAM22P	SRR5949121	1.1542612816136126
CEACAM22P	SRR5949122	1.1542193125787963
CEACAM22P	SRR5949123	1.154119770897195
CEACAM22P	SRR5949124	1.1536303593625774
CEACAM22P	SRR5949125	1.1538715423531325
CEACAM22P	SRR5949126	1.1542193125787963
CEACAM22P	SRR5949127	1.1542612816136126
CEACAM22P	SRR5949128	1.1542612816136126
CEACAM22P	SRR5949129	1.1544066367558048
CEACAM22P	SRR5949130	1.1543861423812125
CEACAM22P	SRR5949131	1.1541454974839138
CEACAM22P	SRR5949132	1.1543930374941627
CEACAM22P	SRR5949133	1.154243037085462
CEACAM22P	SRR5949134	1.1544080735423528
CEACAM22P	SRR5949135	1.1543244711383844
CEACAM22P	SRR5949136	1.1544018504729736
CEACAM22P	SRR5949137	1.1537285180296166
CEACAM22P	SRR5949138	1.154127700715507
CEACAM22P	SRR5949139	1.1542342444976637
CEACAM22P	SRR5949140	1.1543861423812125
CEACAM22P	SRR5949141	1.1544066367558048
CEACAM22P	SRR5949142	1.1543861423812125
CEACAM22P	SRR5949143	1.1544080735423528
CEACAM22P	SRR5949144	1.154243037085462
CEACAM22P	SRR5949145	1.1542881659876676
CEACAM22P	SRR5949146	1.1542763738511965
CEACAM22P	SRR5949147	1.1542763738511965
CEACAM22P	SRR5949148	1.1535426695350546
CEACAM22P	SRR5949149	1.1542881659876676
CEACAM22P	SRR5949150	1.1544066367558048
CEACAM22P	SRR5949151	1.1540843659274789
CEACAM22P	SRR5949152	1.1521642390280358
CEACAM22P	SRR5949153	1.1542129775631536
CEACAM22P	SRR5949154	1.1532523441137337
CEACAM22P	SRR5949155	1.1542881659876676
CEACAM22P	SRR5949156	1.1544066367558048
CEACAM22P	SRR5949157	1.1543930374941627
CEACAM22P	SRR5949158	1.1544080735423528
CEACAM22P	SRR5949159	1.1533709738650642
CEACAM22P	SRR5949160	1.1543930374941627
CEACAM22P	SRR5949161	1.1543861423812125
CEACAM22P	SRR5949162	1.1543930374941627
CEACAM22P	SRR5949163	1.1544066367558048
CEACAM22P	SRR5949164	1.1544080735423528
CEACAM22P	SRR5949165	1.154328975937927
CEACAM22P	SRR5949166	1.1544066367558048
CEACAM22P	SRR5949167	1.1542881659876676
CEACAM22P	SRR5949168	1.1543244711383844
CEACAM22P	SRR5949169	1.1496389762158161
CEACAM22P	SRR5949170	1.1544080735423528
CEACAM22P	SRR5949171	1.1541360045743105
CEACAM22P	SRR5949172	1.1541312616794417
CEACAM22P	SRR5949173	1.1543930374941627
CEACAM22P	SRR5949174	1.1543244711383844
CEACAM22P	SRR5949175	1.1544080735423528
CEACAM22P	SRR5949176	1.1542612816136126
CEACAM22P	SRR5949177	1.153448318699057
CEACAM22P	SRR5949178	1.1542129775631536
CEACAM22P	SRR5949179	1.1543861423812125
CEACAM22P	SRR5949180	1.1544080735423528
CEACAM22P	SRR5949181	1.1544018504729736
CEACAM22P	SRR5949182	1.154243037085462
CEACAM22P	SRR5949183	1.1544066367558048
CEACAM22P	SRR5949184	1.154328975937927
CEACAM22P	SRR5949185	1.1541312616794417
CEACAM22P	SRR5949186	1.1537962707798937
CEACAM22P	SRR5949187	1.1543861423812125
CEACAM22P	SRR5949188	1.1543244711383844
CEACAM22P	SRR5949189	1.1542612816136126
CEACAM22P	SRR5949190	1.1542881659876676
CEACAM22P	SRR5949191	1.1541360045743105
CEACAM22P	SRR5949192	1.1544018504729736
CEACAM22P	SRR5949193	1.1544066367558048
CEACAM22P	SRR5949194	1.1543930374941627
CEACAM22P	SRR5949195	1.154328975937927
CEACAM22P	SRR5949196	1.1541454974839138
CEACAM22P	SRR5949197	1.153987572083333
CEACAM22P	SRR5949198	1.153664101949279
CEACAM22P	SRR5949199	1.1542193125787963
CEACAM22P	SRR5949200	1.1544066367558048
CEACAM22P	SRR5949201	1.1543244711383844
CEACAM22P	SRR5949202	1.1543861423812125
CEACAM22P	SRR5949203	1.1543930374941627
CEACAM22P	SRR5949204	1.1544080735423528
CEACAM22P	SRR5949205	1.1544080735423528
CEACAM22P	SRR5949206	1.154328975937927
CEACAM22P	SRR5949207	1.1543930374941627
CEACAM22P	SRR5949208	1.1542881659876676
CEACAM22P	SRR5949209	1.1543930374941627
CEACAM22P	SRR5949210	1.1543244711383844
CEACAM22P	SRR5949211	1.153987572083333
CEACAM22P	SRR5949212	1.1543244711383844
CEACAM22P	SRR5949213	1.1542193125787963
CEACAM22P	SRR5949214	1.1540843659274789
CEACAM22P	SRR5949215	1.1542612816136126
CEACAM22P	SRR5949216	1.1543861423812125
CEACAM22P	SRR5949217	1.1543861423812125
CEACAM22P	SRR5949218	1.154243037085462
CEACAM22P	SRR5949219	1.1542612816136126
CEACAM22P	SRR5949220	1.1541312616794417
CEACAM22P	SRR5949221	1.1540843659274789
CEACAM22P	SRR5949222	1.1542612816136126
CEACAM22P	SRR5949223	1.153448318699057
CEACAM22P	SRR5949224	1.1542881659876676
CEACAM22P	SRR5949225	1.1544018504729736
CEACAM22P	SRR5949226	1.1541312616794417
CEACAM22P	SRR5949227	1.1544018504729736
CEACAM22P	SRR5949228	1.1541312616794417
CEACAM22P	SRR5949229	1.154127700715507
CEACAM22P	SRR5949230	1.1544018504729736
CEACAM22P	SRR5949231	1.1540286696356532
CEACAM22P	SRR5949232	1.1531855179973023
CEACAM22P	SRR5949233	1.1534681238443258
CEACAM22P	SRR5949234	1.1542763738511965
CEACAM22P	SRR5949235	1.1541312616794417
CEACAM22P	SRR5949236	1.1524349692227331
CEACAM22P	SRR5949237	1.1540286696356532
CEACAM22P	SRR5949238	1.1537962707798937
CEACAM22P	SRR5949239	1.152631812552955
CEACAM22P	SRR5949240	1.1544066367558048
CEACAM22P	SRR5949241	1.1542881659876676
CEACAM22P	SRR5949242	1.1543244711383844
CEACAM22P	SRR5949243	1.1542129775631536
CEACAM22P	SRR5949244	1.1542193125787963
CEACAM22P	SRR5949245	1.1542342444976637
CEACAM22P	SRR5949246	1.1543244711383844
CEACAM22P	SRR5949247	1.1542763738511965
CEACAM22P	SRR5949248	1.154328975937927
CEACAM22P	SRR5949249	1.1543244711383844
CEACAM22P	SRR5949250	1.1544080735423528
CEACAM22P	SRR5949251	1.1541312616794417
CEACAM22P	SRR5949252	1.1543930374941627
CEACAM22P	SRR5949253	1.1539534513664238
CEACAM22P	SRR5949254	1.154099487946561
CEACAM22P	SRR5949255	1.1543244711383844
CEACAM22P	SRR5949256	1.1542342444976637
CEACAM22P	SRR5949257	1.1544066367558048
CEACAM22P	SRR5949258	1.1544066367558048
CEACAM22P	SRR5949259	1.154243037085462
CEACAM22P	SRR5949260	1.1544080735423528
CEACAM22P	SRR5949261	1.1544080735423528
CEACAM22P	SRR5949262	1.1542193125787963
CEACAM22P	SRR5949263	1.154328975937927
CEACAM22P	SRR5949264	1.1542612816136126
CEACAM22P	SRR5949265	1.1543930374941627
CEACAM22P	SRR5949266	1.1537626724135772
CEACAM22P	SRR5949267	1.1537779842987672
CEACAM22P	SRR5949268	1.1544018504729736
CEACAM22P	SRR5949269	1.1542612816136126
CEACAM22P	SRR5949270	1.1543244711383844
CEACAM22P	SRR5949271	1.154119770897195
CEACAM22P	SRR5949272	1.1544080735423528
CEACAM22P	SRR5949273	1.1544080735423528
CEACAM22P	SRR5949274	1.154328975937927
CEACAM22P	SRR5949275	1.154099487946561
CEACAM22P	SRR5949276	1.154328975937927
CEACAM22P	SRR5949277	1.1537779842987672
CEACAM22P	SRR5949278	1.1543861423812125
CEACAM22P	SRR5949279	1.1543861423812125
CEACAM22P	SRR5949280	1.1539394876265088
CEACAM22P	SRR5949281	1.1543244711383844
CEACAM22P	SRR5949282	1.1544080735423528
CEACAM22P	SRR5949283	1.154043329391819
CEACAM22P	SRR5949284	1.1544080735423528
CEACAM22P	SRR5949285	1.15317802952035
CEACAM22P	SRR5949286	1.1537626724135772
CEACAM22P	SRR5949287	1.1544080735423528
CEACAM22P	SRR5949288	1.1543861423812125
CEACAM22P	SRR5949289	1.1542342444976637
CEACAM22P	SRR5949290	1.1544080735423528
CEACAM22P	SRR5949291	1.1543244711383844
CEACAM22P	SRR5949292	1.1542763738511965
CEACAM22P	SRR5949293	1.1544080735423528
CEACAM22P	SRR5949294	1.1544066367558048
CEACAM22P	SRR5949295	1.1543861423812125
CEACAM22P	SRR5949296	1.154328975937927
CEACAM22P	SRR5949297	1.1543930374941627
CEACAM22P	SRR5949298	1.1541360045743105
CEACAM22P	SRR5949299	1.1542763738511965
CEACAM22P	SRR5949300	1.1544066367558048
CEACAM22P	SRR5949301	1.1544066367558048
CEACAM22P	SRR5949302	1.1542342444976637
CEACAM22P	SRR5949303	1.1541454974839138
CEACAM22P	SRR5949304	1.1543930374941627
CEACAM22P	SRR5949305	1.1537652995205527
CEACAM22P	SRR5949306	1.1543930374941627
CEACAM22P	SRR5949307	1.1542763738511965
CEACAM22P	SRR5949308	1.154328975937927
CEACAM22P	SRR5949309	1.154119770897195
CEACAM22P	SRR5949310	1.154119770897195
CEACAM22P	SRR5949311	1.1542763738511965
CEACAM22P	SRR5949312	1.1540148338403267
CEACAM22P	SRR5949313	1.1543244711383844
CEACAM22P	SRR5949314	1.1544066367558048
CEACAM22P	SRR5949315	1.1543244711383844
CEACAM22P	SRR5949316	1.1543861423812125
CEACAM22P	SRR5949317	1.1538444146289202
CEACAM22P	SRR5949318	1.1537833054890896
CEACAM22P	SRR5949319	1.1543930374941627
CEACAM22P	SRR5949320	1.1544080735423528
CEACAM22P	SRR5949321	1.154328975937927
CEACAM22P	SRR5949322	1.1541312616794417
CEACAM22P	SRR5949323	1.1543244711383844
CEACAM22P	SRR5949324	1.1544080735423528
CEACAM22P	SRR5949325	1.1543861423812125
CEACAM22P	SRR5949326	1.1542881659876676
CEACAM22P	SRR5949327	1.1537250692562184
CEACAM22P	SRR5949328	1.1543930374941627
CEACAM22P	SRR5949329	1.1544018504729736
CEACAM22P	SRR5949330	1.1543861423812125
CEACAM22P	SRR5949331	1.1544018504729736
CEACAM22P	SRR5949332	1.1544080735423528
CEACAM22P	SRR5949333	1.154243037085462
CEACAM22P	SRR5949334	1.1540148338403267
CEACAM22P	SRR5949335	1.1544066367558048
CEACAM22P	SRR5949336	1.154328975937927
CEACAM22P	SRR5949337	1.1544018504729736
CEACAM22P	SRR5949338	1.1543861423812125
CEACAM22P	SRR5949339	1.1543861423812125
CEACAM22P	SRR5949340	1.1541454974839138
CEACAM22P	SRR5949341	1.154243037085462
CEACAM22P	SRR5949342	1.1543930374941627
CEACAM22P	SRR5949343	1.1542612816136126
CEACAM22P	SRR5949344	1.1543930374941627
CEACAM22P	SRR5949345	1.1544018504729736
CEACAM22P	SRR5949346	1.1537070312898285
CEACAM22P	SRR5949347	1.1539830975965506
CEACAM22P	SRR5949348	1.1532222126984653
CEACAM22P	SRR5949349	1.1543861423812125
CEACAM22P	SRR5949350	1.1543244711383844
CEACAM22P	SRR5949351	1.1543244711383844
CEACAM22P	SRR5949352	1.154328975937927
CEACAM22P	SRR5949353	1.1543861423812125
CEACAM22P	SRR5949354	1.154118135098547
CEACAM22P	SRR5949355	1.1542763738511965
CEACAM22P	SRR5949356	1.1513016641508953
CEACAM22P	SRR5949357	1.1542763738511965
CEACAM22P	SRR5949358	1.1542881659876676
CEACAM22P	SRR5949359	1.1543861423812125
CEACAM22P	SRR5949360	1.154243037085462
CEACAM22P	SRR5949361	1.1542342444976637
CEACAM22P	SRR5949362	1.1524373005233322
CEACAM22P	SRR5949363	1.1544018504729736
CEACAM22P	SRR5949364	1.1541344162995835
CEACAM22P	SRR5949365	1.1539534513664238
CEACAM22P	SRR5949366	1.151926209413139
CEACAM22P	SRR5949367	1.1544080735423528
CEACAM22P	SRR5949368	1.1532936707463863
CEACAM22P	SRR5949369	1.1544066367558048
CEACAM22P	SRR5949370	1.1543930374941627
CEACAM22P	SRR5949371	1.154127700715507
CEACAM22P	SRR5949372	1.1543244711383844
CEACAM22P	SRR5949373	1.1544066367558048
CEACAM22P	SRR5949374	1.1541360045743105
CEACAM22P	SRR5949375	1.1544066367558048
CEACAM22P	SRR5949376	1.1544080735423528
CEACAM22P	SRR5949377	1.1543861423812125
CEACAM22P	SRR5949378	1.1544080735423528
CEACAM22P	SRR5949379	1.1543861423812125
CEACAM22P	SRR5949380	1.1535503567545762
CEACAM22P	SRR5949381	1.154099487946561
CEACAM22P	SRR5949382	1.1543861423812125
CEACAM22P	SRR5949383	1.1542193125787963
CEACAM22P	SRR5949384	1.1544066367558048
CEACAM22P	SRR5949385	1.1542129775631536
CEACAM22P	SRR5949386	1.1544080735423528
CEACAM22P	SRR5949387	1.1525536382806347
CEACAM22P	SRR5949388	1.1540976154898277
CEACAM22P	SRR5949389	1.1544080735423528
CEACAM22P	SRR5949390	1.1543244711383844
CEACAM22P	SRR5949391	1.154127700715507
CEACAM22P	SRR5949392	1.1544080735423528
CEACAM22P	SRR5949393	1.154127700715507
CEACAM22P	SRR5949394	1.154043329391819
CEACAM22P	SRR5949395	1.1543244711383844
CEACAM22P	SRR5949396	1.153448318699057
CEACAM22P	SRR5949397	1.1544066367558048
CEACAM22P	SRR5949398	1.1544018504729736
CEACAM22P	SRR5949399	1.1542881659876676
CEACAM22P	SRR5949400	1.148920661344423
CEACAM22P	SRR5949401	1.1544080735423528
CEACAM22P	SRR5949402	1.154328975937927
CEACAM22P	SRR5949403	1.1542612816136126
CEACAM22P	SRR5949404	1.154127700715507
CEACAM22P	SRR5949405	1.1543861423812125
CEACAM22P	SRR5949406	1.1544066367558048
CEACAM22P	SRR5949407	1.1543861423812125
CEACAM22P	SRR5949408	1.1543861423812125
CEACAM22P	SRR5949409	1.154328975937927
CEACAM22P	SRR5949410	1.1543244711383844
CEACAM22P	SRR5949411	1.1544080735423528
CEACAM22P	SRR5949412	1.1542193125787963
CEACAM22P	SRR5949413	1.154328975937927
CEACAM22P	SRR5949414	1.1543861423812125
CEACAM22P	SRR5949415	1.1543930374941627
CEACAM22P	SRR5949416	1.1542763738511965
CEACAM22P	SRR5949417	1.154243037085462
CEACAM22P	SRR5949418	1.1543861423812125
CEACAM22P	SRR5949419	1.1543930374941627
CEACAM22P	SRR5949420	1.1542612816136126
CEACAM22P	SRR5949421	1.154243037085462
CEACAM22P	SRR5949422	1.1542763738511965
CEACAM22P	SRR5949423	1.1542763738511965
CEACAM22P	SRR5949424	1.1544080735423528
CEACAM22P	SRR5949425	1.1542763738511965
CEACAM22P	SRR5949426	1.1544018504729736
CEACAM22P	SRR5949427	1.1542763738511965
CEACAM22P	SRR5949428	1.1544080735423528
CEACAM22P	SRR5949429	1.1540148338403267
CEACAM22P	SRR5949430	1.1543244711383844
CEACAM22P	SRR5949431	1.1543244711383844
CEACAM22P	SRR5949432	1.1543244711383844
CEACAM22P	SRR5949433	1.1542881659876676
CEACAM22P	SRR5949434	1.1542881659876676
CEACAM22P	SRR5949435	1.154099487946561
CEACAM22P	SRR5949436	1.1543930374941627
CEACAM22P	SRR5949437	1.1540843659274789
CEACAM22P	SRR5949438	1.1539394876265088
CEACAM22P	SRR5949439	1.1544066367558048
CEACAM22P	SRR5949440	1.1544018504729736
CEACAM22P	SRR5949441	1.1544018504729736
CEACAM22P	SRR5949442	1.1541454974839138
CEACAM22P	SRR5949443	1.1541312616794417
CEACAM22P	SRR5949444	1.1540976154898277
CEACAM22P	SRR5949445	1.1544080735423528
CEACAM22P	SRR5949446	1.1543930374941627
CEACAM22P	SRR5949447	1.1542763738511965
CEACAM22P	SRR5949448	1.1544080735423528
CEACAM22P	SRR5949449	1.1544080735423528
CEACAM22P	SRR5949450	1.1543244711383844
CEACAM22P	SRR5949451	1.154243037085462
CEACAM22P	SRR5949452	1.1543244711383844
CEACAM22P	SRR5949453	1.1542881659876676
CEACAM22P	SRR5949454	1.1543861423812125
CEACAM22P	SRR5949455	1.1542763738511965
CEACAM22P	SRR5949456	1.1544066367558048
CEACAM22P	SRR5949457	1.1544018504729736
CEACAM22P	SRR5949458	1.1544066367558048
CEACAM22P	SRR5949459	1.154328975937927
CEACAM22P	SRR5949460	1.154127700715507
CEACAM22P	SRR5949461	1.1537652995205527
CEACAM22P	SRR5949462	1.1543930374941627
CEACAM22P	SRR5949463	1.154119770897195
CEACAM22P	SRR5949464	1.154043329391819
CEACAM22P	SRR5949465	1.1535426695350546
CEACAM22P	SRR5949466	1.1543244711383844
CEACAM22P	SRR5949467	1.1536303593625774
CEACAM22P	SRR5949468	1.1543930374941627
CEACAM22P	SRR5949469	1.1544018504729736
CEACAM22P	SRR5949470	1.1543861423812125
CEACAM22P	SRR5949471	1.1542612816136126
CEACAM22P	SRR5949472	1.154328975937927
CEACAM22P	SRR5949473	1.154328975937927
CEACAM22P	SRR5949474	1.1542881659876676
CEACAM22P	SRR5949475	1.1544080735423528
CEACAM22P	SRR5949476	1.1543861423812125
CEACAM22P	SRR5949477	1.1544018504729736
CEACAM22P	SRR5949478	1.154328975937927
CEACAM22P	SRR5949479	1.1538444146289202
CEACAM22P	SRR5949480	1.1542612816136126
CEACAM22P	SRR5949481	1.1544018504729736
CEACAM22P	SRR5949482	1.1542129775631536
CEACAM22P	SRR5949483	1.1538715423531325
CEACAM22P	SRR5949484	1.1543930374941627
CEACAM22P	SRR5949485	1.154099487946561
CEACAM22P	SRR5949486	1.1542881659876676
CEACAM22P	SRR5949487	1.1542612816136126
CEACAM22P	SRR5949488	1.153987572083333
CEACAM22P	SRR5949489	1.1541344162995835
CEACAM22P	SRR5949490	1.1541360045743105
CEACAM22P	SRR5949491	1.1542881659876676
CEACAM22P	SRR5949492	1.1541360045743105
CEACAM22P	SRR5949493	1.154243037085462
CEACAM22P	SRR5949494	1.1544080735423528
CEACAM22P	SRR5949495	1.154043329391819
CEACAM22P	SRR5949496	1.154243037085462
CEACAM22P	SRR5949497	1.1542612816136126
CEACAM22P	SRR5949498	1.1543244711383844
CEACAM22P	SRR5949499	1.1543930374941627
CEACAM22P	SRR5949500	1.1539304288892793
CEACAM22P	SRR5949501	1.1541014455850918
CEACAM22P	SRR5949502	1.1538715423531325
CEACAM22P	SRR5949503	1.1541360045743105
CEACAM22P	SRR5949504	1.1543861423812125
CEACAM22P	SRR5949505	1.1543861423812125
CEACAM22P	SRR5949506	1.1543861423812125
CEACAM22P	SRR5949507	1.1544018504729736
CEACAM22P	SRR5949508	1.154243037085462
CEACAM22P	SRR5949509	1.1543930374941627
CEACAM22P	SRR5949510	1.1543861423812125
CEACAM22P	SRR5949511	1.1536505416463956
CEACAM22P	SRR5949512	1.154328975937927
CEACAM22P	SRR5949513	1.1544080735423528
CEACAM22P	SRR5949514	1.1542193125787963
CEACAM22P	SRR5949515	1.1543930374941627
CEACAM22P	SRR5949516	1.1543244711383844
CEACAM22P	SRR5949517	1.1543861423812125
CEACAM22P	SRR5949518	1.1538715423531325
CEACAM22P	SRR5949519	1.154127700715507
CEACAM22P	SRR5949520	1.1544018504729736
CEACAM22P	SRR5949521	1.1537652995205527
CEACAM22P	SRR5949522	1.154328975937927
CEACAM22P	SRR5949523	1.1544018504729736
CEACAM22P	SRR5949524	1.1542881659876676
CEACAM22P	SRR5949525	1.1542129775631536
CEACAM22P	SRR5949526	1.1537070312898285
CEACAM22P	SRR5949527	1.1541360045743105
CEACAM22P	SRR5949528	1.1530313538581225
CEACAM22P	SRR5949529	1.1541014455850918
CEACAM22P	SRR5949530	1.1542612816136126
CEACAM22P	SRR5949531	1.1542342444976637
CEACAM22P	SRR5949532	1.1544018504729736
CEACAM22P	SRR5949533	1.1544080735423528
CEACAM22P	SRR5949534	1.1541454974839138
CEACAM22P	SRR5949535	1.1543861423812125
CEACAM22P	SRR5949536	1.1543244711383844
CEACAM22P	SRR5949537	1.1543930374941627
CEACAM22P	SRR5949538	1.1544080735423528
CEACAM22P	SRR5949539	1.154243037085462
CEACAM22P	SRR5949540	1.154118135098547
CEACAM22P	SRR5949541	1.1542612816136126
CEACAM22P	SRR5949542	1.154118135098547
CEACAM22P	SRR5949543	1.1542881659876676
CEACAM22P	SRR5949544	1.154127700715507
CEACAM22P	SRR5949545	1.1539394876265088
CEACAM22P	SRR5949546	1.1541360045743105
CEACAM22P	SRR5949547	1.1544080735423528
CEACAM22P	SRR5949548	1.1542881659876676
CEACAM22P	SRR5949549	1.1539534513664238
CEACAM22P	SRR5949550	1.1535522984622077
CEACAM22P	SRR5949551	1.154328975937927
CEACAM22P	SRR5949552	1.154043329391819
CEACAM22P	SRR5949553	1.1544066367558048
CEACAM22P	SRR5949554	1.1543861423812125
CEACAM22P	SRR5949555	1.1452054817287791
CEACAM22P	SRR5949556	1.154099487946561
CEACAM22P	SRR5949557	1.1542881659876676
CEACAM22P	SRR5949558	1.154043329391819
CEACAM22P	SRR5949559	1.1543930374941627
CEACAM22P	SRR5949560	1.1544018504729736
CEACAM22P	SRR5949561	1.1537430923754213
CEACAM22P	SRR5949562	1.154043329391819
CEACAM22P	SRR5949563	1.1542763738511965
CEACAM22P	SRR5949564	1.1543244711383844
CEACAM22P	SRR5949565	1.1544066367558048
CEACAM22P	SRR5949566	1.1543861423812125
CEACAM22P	SRR5949567	1.1525839843466772
CEACAM22P	SRR5949568	1.154118135098547
CEACAM22P	SRR5949569	1.1541344162995835
CEACAM22P	SRR5949570	1.1542612816136126
CEACAM22P	SRR5949571	1.1539394876265088
CEACAM22P	SRR5949572	1.154243037085462
CEACAM22P	SRR5949573	1.154127700715507
CEACAM22P	SRR5949574	1.1542881659876676
CEACAM22P	SRR5949575	1.154243037085462
CEACAM22P	SRR5949576	1.1542129775631536
CEACAM22P	SRR5949577	1.1544066367558048
CEACAM22P	SRR5949578	1.1543244711383844
CEACAM22P	SRR5949579	1.1543861423812125
CEACAM22P	SRR5949580	1.1543930374941627
CEACAM22P	SRR5949581	1.1544080735423528
CEACAM22P	SRR5949582	1.1541312616794417
CEACAM22P	SRR5949583	1.1544066367558048
CEACAM22P	SRR5949584	1.1536496989510014
CEACAM22P	SRR5949585	1.154328975937927
CEACAM22P	SRR5949586	1.1543861423812125
CEACAM22P	SRR5949587	1.1542881659876676
CEACAM22P	SRR5949588	1.153006792126308
CEACAM22P	SRR5949589	1.1544080735423528
CEACAM22P	SRR5949590	1.1541360045743105
CEACAM22P	SRR5949591	1.1543930374941627
CEACAM22P	SRR5949592	1.154243037085462
CEACAM22P	SRR5949593	1.1544080735423528
CEACAM22P	SRR5949594	1.154243037085462
CEACAM22P	SRR5949595	1.154328975937927
CEACAM22P	SRR5949596	1.1542763738511965
CEACAM22P	SRR5949597	1.1538444146289202
CEACAM22P	SRR5949598	1.154243037085462
CEACAM22P	SRR5949599	1.1541344162995835
CEACAM22P	SRR5949600	1.1543244711383844
CEACAM22P	SRR5949601	1.154243037085462
CEACAM22P	SRR5949602	1.1544080735423528
CEACAM22P	SRR5949603	1.1543244711383844
CEACAM22P	SRR5949604	1.1543861423812125
CEACAM22P	SRR5949605	1.154243037085462
CEACAM22P	SRR5949606	1.1540286696356532
CEACAM22P	SRR5949607	1.1544018504729736
CEACAM22P	SRR5949608	1.1537626724135772
CEACAM22P	SRR5950246	1.1537070312898285
CEACAM22P	SRR5950247	1.154043329391819
CEACAM22P	SRR5950248	1.1543244711383844
CEACAM22P	SRR5950249	1.1544080735423528
CEACAM22P	SRR5950250	1.154127700715507
CEACAM22P	SRR5950251	1.1543244711383844
CEACAM22P	SRR5950252	1.1544066367558048
CEACAM22P	SRR5950253	1.154328975937927
CEACAM22P	SRR5950254	1.1540286696356532
CEACAM22P	SRR5950255	1.1537779842987672
CEACAM22P	SRR5950256	1.1532906572572703
CEACAM22P	SRR5950257	1.1532936707463863
CEACAM22P	SRR5950258	1.1543244711383844
CEACAM22P	SRR5950259	1.1544018504729736
CEACAM22P	SRR5950260	1.1543244711383844
CEACAM22P	SRR5950261	1.154328975937927
CEACAM22P	SRR5950262	1.1542193125787963
CEACAM22P	SRR5950263	1.1538444146289202
CEACAM22P	SRR5950264	1.1544018504729736
CEACAM22P	SRR5950265	1.154119770897195
CEACAM22P	SRR5950266	1.153620340573047
CEACAM22P	SRR5950267	1.1543244711383844
CEACAM22P	SRR5950268	1.154243037085462
CEACAM22P	SRR5950269	1.154243037085462
CEACAM22P	SRR5950270	1.1539830975965506
CEACAM22P	SRR5950271	1.1544080735423528
CEACAM22P	SRR5950272	1.1544080735423528
CEACAM22P	SRR5950273	1.1543244711383844
CEACAM22P	SRR5950274	1.1541454974839138
CEACAM22P	SRR5950275	1.154243037085462
CEACAM22P	SRR5950276	1.154328975937927
CEACAM22P	SRR5950277	1.1541014455850918
CEACAM22P	SRR5950278	1.1537962707798937
CEACAM22P	SRR5950279	1.1542763738511965
CEACAM22P	SRR5950280	1.1543861423812125
CEACAM22P	SRR5950281	1.154243037085462
CEACAM22P	SRR5950282	1.1538447615632836
CEACAM22P	SRR5950283	1.154328975937927
CEACAM22P	SRR5950284	1.1511338942169325
CEACAM22P	SRR5950285	1.1540843659274789
CEACAM22P	SRR5950286	1.1542881659876676
CEACAM22P	SRR5950287	1.1537833054890896
CEACAM22P	SRR5950288	1.154118135098547
CEACAM22P	SRR5950289	1.1537285180296166
CEACAM22P	SRR5950290	1.1543930374941627
CEACAM22P	SRR5950291	1.154328975937927
CEACAM22P	SRR5950292	1.1542193125787963
CEACAM22P	SRR5950293	1.1539534513664238
CEACAM22P	SRR5950294	1.1544080735423528
CEACAM22P	SRR5950295	1.1544018504729736
CEACAM22P	SRR5950296	1.1542881659876676
CEACAM22P	SRR5950297	1.1540286696356532
CEACAM22P	SRR5950298	1.1543930374941627
CEACAM22P	SRR5950299	1.1541312616794417
CEACAM22P	SRR5950300	1.1542881659876676
CEACAM22P	SRR5950301	1.154328975937927
CEACAM22P	SRR5950302	1.1542612816136126
CEACAM22P	SRR5950303	1.1541454974839138
CEACAM22P	SRR5950304	1.1540148338403267
CEACAM22P	SRR5950305	1.1542612816136126
CEACAM22P	SRR5950306	1.1542763738511965
CEACAM22P	SRR5950307	1.1541344162995835
CEACAM22P	SRR5950308	1.1542342444976637
CEACAM22P	SRR5950309	1.154243037085462
CEACAM22P	SRR5950310	1.1542881659876676
CEACAM22P	SRR5950311	1.1543930374941627
CEACAM22P	SRR5950312	1.1543244711383844
CEACAM22P	SRR5950313	1.1542193125787963
CEACAM22P	SRR5950314	1.1543930374941627
CEACAM22P	SRR5950315	1.154328975937927
CEACAM22P	SRR5950316	1.1544018504729736
CEACAM22P	SRR5950317	1.1541312616794417
CEACAM22P	SRR5950318	1.153987572083333
CEACAM22P	SRR5950319	1.1541360045743105
CEACAM22P	SRR5950320	1.154119770897195
CEACAM22P	SRR5950321	1.1533709738650642
CEACAM22P	SRR5950322	1.1541014455850918
CEACAM22P	SRR5950323	1.1542129775631536
CEACAM22P	SRR5950324	1.1543930374941627
CEACAM22P	SRR5950325	1.1542342444976637
CEACAM22P	SRR5950326	1.154099487946561
CEACAM22P	SRR5950327	1.154328975937927
CEACAM22P	SRR5950328	1.154328975937927
CEACAM22P	SRR5950329	1.1542881659876676
CEACAM22P	SRR5950330	1.1541360045743105
CEACAM22P	SRR5950331	1.1539534513664238
CEACAM22P	SRR5950332	1.1540843659274789
CEACAM22P	SRR5950333	1.1543930374941627
CEACAM22P	SRR5950334	1.1543861423812125
CEACAM22P	SRR5950335	1.1543861423812125
CEACAM22P	SRR5950336	1.1524373005233322
CEACAM22P	SRR5950337	1.1537962707798937
CEACAM22P	SRR5950338	1.1531742805487435
CEACAM22P	SRR5950339	1.1544080735423528
CEACAM22P	SRR5950340	1.154127700715507
CEACAM22P	SRR5950341	1.1542129775631536
CEACAM22P	SRR5950342	1.1544018504729736
CEACAM22P	SRR5950343	1.1542342444976637
CEACAM22P	SRR5950344	1.154119770897195
CEACAM22P	SRR5950345	1.1542129775631536
CEACAM22P	SRR5950346	1.1543244711383844
CEACAM22P	SRR5950347	1.1542612816136126
CEACAM22P	SRR5950348	1.1541344162995835
CEACAM22P	SRR5950349	1.1544066367558048
CEACAM22P	SRR5950350	1.1543244711383844
CEACAM22P	SRR5950351	1.1538444146289202
CEACAM22P	SRR5950352	1.1544018504729736
CEACAM22P	SRR5950353	1.1542763738511965
CEACAM22P	SRR5950354	1.1544018504729736
CEACAM22P	SRR5950355	1.1544066367558048
CEACAM22P	SRR5950356	1.1537250692562184
CEACAM22P	SRR5950357	1.1544018504729736
CEACAM22P	SRR5950358	1.1541344162995835
CEACAM22P	SRR5950359	1.1542342444976637
CEACAM22P	SRR5950360	1.1544018504729736
CEACAM22P	SRR5950361	1.1544018504729736
CEACAM22P	SRR5950362	1.1541014455850918
CEACAM22P	SRR5950363	1.153987572083333
CEACAM22P	SRR5950364	1.1541360045743105
CEACAM22P	SRR5950365	1.154328975937927
CEACAM22P	SRR5950366	1.1543930374941627
CEACAM22P	SRR5950367	1.153400485650712
CEACAM22P	SRR5950368	1.1542763738511965
CEACAM22P	SRR5950369	1.1544080735423528
CEACAM22P	SRR5950370	1.1544080735423528
CEACAM22P	SRR5950371	1.154328975937927
CEACAM22P	SRR5950372	1.1543861423812125
CEACAM22P	SRR5950373	1.1542881659876676
CEACAM22P	SRR5950374	1.1542763738511965
CEACAM22P	SRR5950375	1.1543930374941627
CEACAM22P	SRR5950376	1.1544066367558048
CEACAM22P	SRR5950377	1.1539830975965506
CEACAM22P	SRR5950378	1.1542881659876676
CEACAM22P	SRR5950379	1.1542763738511965
CEACAM22P	SRR5950380	1.1542129775631536
CEACAM22P	SRR5950381	1.1542129775631536
CEACAM22P	SRR5950382	1.1537779842987672
CEACAM22P	SRR5950383	1.1544066367558048
CEACAM22P	SRR5950384	1.1543930374941627
CEACAM22P	SRR5950385	1.1537833054890896
CEACAM22P	SRR5950386	1.1543861423812125
CEACAM22P	SRR5950387	1.1544066367558048
CEACAM22P	SRR5950388	1.154127700715507
CEACAM22P	SRR5950389	1.1532222126984653
CEACAM22P	SRR5950390	1.1542129775631536
CEACAM22P	SRR5950391	1.1544080735423528
CEACAM22P	SRR5950392	1.1537652995205527
CEACAM22P	SRR5950393	1.1541312616794417
CEACAM22P	SRR5950394	1.154243037085462
CEACAM22P	SRR5950395	1.1542763738511965
CEACAM22P	SRR5950396	1.1544080735423528
CEACAM22P	SRR5950397	1.1544066367558048
CEACAM22P	SRR5950398	1.1544066367558048
CEACAM22P	SRR5950399	1.1542193125787963
CEACAM22P	SRR5950400	1.1542342444976637
CEACAM22P	SRR5950401	1.1543930374941627
CEACAM22P	SRR5950402	1.1543930374941627
CEACAM22P	SRR5950403	1.154328975937927
CEACAM22P	SRR5950404	1.1543861423812125
CEACAM22P	SRR5950405	1.153006792126308
CEACAM22P	SRR5950406	1.1539304288892793
CEACAM22P	SRR5950407	1.154328975937927
CEACAM22P	SRR5950408	1.154043329391819
CEACAM22P	SRR5950409	1.154127700715507
CEACAM22P	SRR5950410	1.1544080735423528
CEACAM22P	SRR5950411	1.1544018504729736
CEACAM22P	SRR5950412	1.1543861423812125
CEACAM22P	SRR5950413	1.1539394876265088
CEACAM22P	SRR5950414	1.1543861423812125
CEACAM22P	SRR5950415	1.1542193125787963
CEACAM22P	SRR5950416	1.154243037085462
CEACAM22P	SRR5950417	1.1542342444976637
CEACAM22P	SRR5950418	1.154119770897195
CEACAM22P	SRR5950419	1.1544018504729736
CEACAM22P	SRR5950420	1.1542612816136126
CEACAM22P	SRR5950421	1.1541312616794417
CEACAM22P	SRR5950422	1.1540976154898277
CEACAM22P	SRR5950423	1.1542881659876676
CEACAM22P	SRR5950424	1.1543930374941627
CEACAM22P	SRR5950425	1.1544018504729736
CEACAM22P	SRR5950426	1.1541344162995835
CEACAM22P	SRR5950427	1.1543861423812125
CEACAM22P	SRR5950428	1.1542881659876676
CEACAM22P	SRR5950429	1.1544018504729736
CEACAM22P	SRR5950430	1.154243037085462
CEACAM22P	SRR5950431	1.1542612816136126
CEACAM22P	SRR5950432	1.1543861423812125
CEACAM22P	SRR5950433	1.154328975937927
CEACAM22P	SRR5950434	1.1541344162995835
CEACAM22P	SRR5950435	1.1542881659876676
CEACAM22P	SRR5950436	1.1544018504729736
CEACAM22P	SRR5950437	1.1542612816136126
CEACAM22P	SRR5950438	1.1543930374941627
CEACAM22P	SRR5950439	1.1544066367558048
CEACAM22P	SRR5950440	1.150186403730464
CEACAM22P	SRR5950441	1.1540843659274789
CEACAM22P	SRR5950442	1.1543244711383844
CEACAM22P	SRR5950443	1.1541454974839138
CEACAM22P	SRR5950444	1.154328975937927
CEACAM22P	SRR5950445	1.1543861423812125
CEACAM22P	SRR5950446	1.1542129775631536
CEACAM22P	SRR5950447	1.1539830975965506
CEACAM22P	SRR5950448	1.1543244711383844
CEACAM22P	SRR5950449	1.1543861423812125
CEACAM22P	SRR5950450	1.1544018504729736
CEACAM22P	SRR5950451	1.1544080735423528
CEACAM22P	SRR5950452	1.154099487946561
CEACAM22P	SRR5950453	1.1543930374941627
CEACAM22P	SRR5950454	1.1540976154898277
CEACAM22P	SRR5950455	1.1543930374941627
CEACAM22P	SRR5950456	1.1542881659876676
CEACAM22P	SRR5950457	1.1542129775631536
CEACAM22P	SRR5950458	1.1544080735423528
CEACAM22P	SRR5950459	1.1542612816136126
CEACAM22P	SRR5950460	1.1542612816136126
CEACAM22P	SRR5950461	1.1543244711383844
CEACAM22P	SRR5950462	1.1538715423531325
CEACAM22P	SRR5950463	1.1541454974839138
CEACAM22P	SRR5950464	1.1541014455850918
CEACAM22P	SRR5950465	1.1495981461456477
CEACAM22P	SRR5950466	1.1543861423812125
CEACAM22P	SRR5950467	1.1542763738511965
CEACAM22P	SRR5950468	1.1543244711383844
CEACAM22P	SRR5950469	1.1542129775631536
CEACAM22P	SRR5950470	1.1544018504729736
CEACAM22P	SRR5963912	1.1544080735423528
CEACAM22P	SRR5963913	1.154118135098547
CEACAM22P	SRR5963914	1.1544080735423528
CEACAM22P	SRR5963915	1.154119770897195
CEACAM22P	SRR5963916	1.1538752034369077
CEACAM22P	SRR5963917	1.154243037085462
CEACAM22P	SRR5963918	1.1542612816136126
CEACAM22P	SRR5963919	1.1543861423812125
CEACAM22P	SRR5963920	1.1542763738511965
CEACAM22P	SRR5963921	1.1543930374941627
CEACAM22P	SRR5963922	1.1542342444976637
CEACAM22P	SRR5963923	1.1542612816136126
CEACAM22P	SRR5963924	1.1543861423812125
CEACAM22P	SRR5963925	1.154118135098547
CEACAM22P	SRR5963926	1.154118135098547
CEACAM22P	SRR5963927	1.1544018504729736
CEACAM22P	SRR5963928	1.1540843659274789
CEACAM22P	SRR5963929	1.154328975937927
CEACAM22P	SRR5963930	1.1539394876265088
CEACAM22P	SRR5963931	1.1544066367558048
CEACAM22P	SRR5963932	1.1542881659876676
CEACAM22P	SRR5963933	1.1542193125787963
CEACAM22P	SRR5963934	1.153987572083333
CEACAM22P	SRR5963935	1.1544080735423528
CEACAM22P	SRR5963936	1.1541014455850918
CEACAM22P	SRR5963937	1.1537833054890896
CEACAM22P	SRR5963938	1.1543244711383844
CEACAM22P	SRR5963939	1.1543861423812125
CEACAM22P	SRR5963940	1.1543861423812125
CEACAM22P	SRR5963941	1.1544080735423528
CEACAM22P	SRR5963942	1.1544080735423528
CEACAM22P	SRR5963943	1.1543930374941627
CEACAM22P	SRR5963944	1.1544080735423528
CEACAM22P	SRR5963945	1.1544066367558048
CEACAM22P	SRR5963946	1.154328975937927
CEACAM22P	SRR5963947	1.154328975937927
CEACAM22P	SRR5963948	1.154328975937927
CEACAM22P	SRR6467548	15.147014360358764
CEACAM22P	SRR6467549	1.0166962857042838
CEACAM22P	SRR6467550	6.056902495323281
CEACAM22P	SRR6467551	5.0825601446907465
CEACAM22P	SRR6467552	5.082969486143811
CEACAM22P	SRR6467553	3.095796664548754
CEACAM22P	SRR6467554	6.135452311733826
CEACAM22P	SRR6467555	6.086560107383932
CEACAM22P	SRR6467556	1.011851581781421
CEACAM22P	SRR6467557	2.022883585767852
CEACAM22P	SRR6467558	1.0202923005984328
CEACAM22P	SRR6467559	3.0065769412092394
CEACAM22P	SRR6467560	3.0307102427823382
CEACAM22P	SRR6467561	9.067234999869909
CEACAM22P	SRR6467562	7.026599045044301
CEACAM22P	SRR6467563	4.024794806597152
CEACAM22P	SRR6467564	10.073161546092571
CEACAM22P	SRR6467565	2.0194280637777706
CEACAM22P	SRR6467566	2.0552161780968716
CEACAM22P	SRR6467567	5.055496106677262
CEACAM22P	SRR6467568	2.0082060339685444
CEACAM22P	SRR6467569	5.073359386658122
CEACAM22P	SRR6467570	5.548749600241487
CEACAM22P	SRR6467571	8.005760304854125
CEACAM22P	SRR6467572	14.086541680487887
CEACAM22P	SRR6467573	6.040978186362349
CEACAM22P	SRR6467574	3
CEACAM22P	SRR6467575	8.575146380636077
CEACAM22P	SRR6467576	1.0047192251993753
CEACAM22P	SRR6467577	17.02449010936291
CEACAM22P	SRR6467578	5.04931323388956
CEACAM22P	SRR6467579	4.0427621099352775
CEACAM22P	SRR6467580	21.90428421075894
CEACAM22P	SRR6467581	6.01963804424618
CEACAM22P	SRR6467582	58.369929067746256
CEACAM22P	SRR6467583	5
CEACAM22P	SRR6467584	6.022000532411772
CEACAM22P	SRR6467585	2.9064827884493147
CEACAM22P	SRR6467586	9.808090729628494
CEACAM22P	SRR6467587	5.530835618615092
CEACAM22P	SRR6467588	4.454581974086974
CEACAM22P	SRR6467589	6
CEACAM22P	SRR6467590	15.042125524409569
CEACAM22P	SRR6467591	5.052836075585319
CEACAM22P	SRR6467592	3.023354451437776
CEACAM22P	SRR6467593	2.0091403691618455
CEACAM22P	SRR6467594	3.6751078852732535
CEACAM22P	SRR6467595	10.021923137364132
CEACAM22P	SRR6467596	9
CEACAM22P	SRR6467597	10.19149276693166
CEACAM22P	SRR6467598	7.15450254489306
CEACAM22P	SRR6467599	5.018902132583002
CEACAM22P	SRR6467600	6.028938379734282
CEACAM22P	SRR6467601	15.083655401451432
CEACAM22P	SRR6467602	24.171984529142023
CEACAM22P	SRR6467603	21
CEACAM22P	SRR6467604	6.02554155244763
CEACAM22P	SRR6467605	4.01442151526799
CEACAM22P	SRR6467606	12
CEACAM22P	SRR6467607	16
CEACAM22P	SRR6467608	4.0105117377058574
CEACAM22P	SRR6467609	8.001439687535616
CEACAM22P	SRR6467610	10.100482822048622
CEACAM22P	SRR6467611	18.100422768769505
CEACAM22P	SRR6467612	4.023222386699665
CEACAM22P	SRR6467613	12
CEACAM22P	SRR6467614	17
CEACAM22P	SRR6467615	4.051216647537158
CEACAM22P	SRR6467616	5.049479789096172
CEACAM22P	SRR6467617	3.0201328532584086
CEACAM22P	SRR6467618	9
CEACAM22P	SRR6467619	9.696400284654466
CEACAM22P	SRR6467620	6.015767606558787
CEACAM22P	SRR6467621	6.030739705361914
CEACAM22P	SRR6467622	5.075342201614356
CEACAM22P	SRR6467623	6.462415699667684
CEACAM22P	SRR6467624	2.000359921883904
CEACAM22P	SRR6467625	10
CEACAM22P	SRR6467626	34
CEACAM22P	SRR6467627	1.0100527075660375
CEACAM22P	SRR6467628	8
CEACAM22P	SRR6467629	8.747413751703254
CEACAM22P	SRR6467630	8.005760304854125
CEACAM22P	SRR6467631	5.004500643137268
CEACAM22P	SRR6467632	6.0431595236586615
CEACAM22P	SRR6467633	8
CEACAM22P	SRR6467634	4.016099166391253
CEACAM22P	SRR6467635	9.430589335919121
CEACAM22P	SRR6467636	11.11118759653622
CEACAM22P	SRR6467637	3
CEACAM22P	SRR6467638	17
CEACAM22P	SRR6467639	8.025600063504521
CEACAM22P	SRR6467640	7.14646768034395
CEACAM22P	SRR6467641	5.046546296624963
CEACAM22P	SRR6467642	6.823229512109168
CEACAM22P	SRR6467643	3.0375488075807833
CEACAM22P	SRR6467644	24
CEACAM22P	SRR6467645	9.296951517262348
CEACAM22P	SRR6467646	7
CEACAM22P	SRR6467647	6.845893957502549
CEACAM22P	SRR6467648	17.098695143473574
CEACAM22P	SRR6467649	4.0211835253718675
CEACAM22P	SRR6467650	13.071167550510557
CEACAM22P	SRR6467651	30.08824087886554
CEACAM22P	SRR6467652	9.001619648477568
CEACAM22P	SRR6467653	12.119441042991841
CEACAM22P	SRR6467654	4.014988355157808
CEACAM22P	SRR6467655	11
CEACAM22P	SRR6467656	11.423875112846959
CEACAM22P	SRR6467657	13
CEACAM22P	SRR6467658	12
CEACAM22P	SRR6467659	15.046927283373046
CEACAM22P	SRR6467660	6.0410862601228645
CEACAM22P	SRR6467661	9.124933532033156
CEACAM22P	SRR6467662	15.2128816384767
CEACAM22P	SRR6467663	6.0168502097638275
CEACAM22P	SRR6467664	5.7929375398473635
CEACAM22P	SRR6467665	5
CEACAM22P	SRR6467666	5
CEACAM22P	SRR6467667	9.096667275602044
CEACAM22P	SRR6467668	7.957284480418693
CEACAM22P	SRR6467669	34
CEACAM22P	SRR6467670	17
CEACAM22P	SRR6467671	10.311425657033242
CEACAM22P	SRR6467672	11.09747519013767
CEACAM22P	SRR6467673	5.047983248530803
CEACAM22P	SRR6467674	7.044196786364274
CEACAM22P	SRR6467675	4.034619601798497
CEACAM22P	SRR6467676	20.324096923394247
CEACAM22P	SRR6467677	3
CEACAM22P	SRR6467678	11
CEACAM22P	SRR6467679	22
CEACAM22P	SRR6467680	3.032188186997292
CEACAM22P	SRR6467681	7
CEACAM22P	SRR6467682	7.042078183455215
CEACAM22P	SRR6467683	4.0447965360879845
CEACAM22P	SRR6467684	6.015666815932518
CEACAM22P	SRR6467685	8.112827386428997
CEACAM22P	SRR6467686	3.004413648893549
CEACAM22P	SRR6467687	6.656965748662134
CEACAM22P	SRR6467688	3.994341430302768
CEACAM22P	SRR6467689	11.109459668153804
CEACAM22P	SRR6467690	3.0164517597879867
CEACAM22P	SRR6467691	8.0445073744419
CEACAM22P	SRR6467692	2.0021605031148026
CEACAM22P	SRR6467693	15.860889983760673
CEACAM22P	SRR6467694	7.05317283287137
CEACAM22P	SRR6467695	14.063982584132917
CEACAM22P	SRR6467696	11.47349462560734
CEACAM22P	SRR6467697	9
CEACAM22P	SRR6467698	5.0234803244438275
CEACAM22P	SRR6467699	8
CEACAM22P	SRR6467700	8.721508623291509
CEACAM22P	SRR6467701	4
CEACAM22P	SRR6467702	7.100369726636535
CEACAM22P	SRR6467703	3.0371835724441216
CEACAM22P	SRR6467704	4.011233473175885
CEACAM22P	SRR6467705	7.045725762156541
CEACAM22P	SRR6467706	8.147586988563335
CEACAM22P	SRR6467707	8
CEACAM22P	SRR6467708	12.020715023402547
CEACAM22P	SRR6467709	18
CEACAM22P	SRR6467710	20.018002572549072
CEACAM22P	SRR6467711	11.015023866579119
CEACAM22P	SRR6467712	6.0677691721283775
CEACAM22P	SRR6467713	12.537293283290019
CEACAM22P	SRR6467714	2.0119732047950287
CEACAM22P	SRR6467715	17
CEACAM22P	SRR6467716	4
CEACAM22P	SRR6467717	8.098275014818112
CEACAM22P	SRR6467718	4.0616922297094815
CEACAM22P	SRR6467719	5.018284609659115
CEACAM22P	SRR6467720	4
CEACAM22P	SRR6467721	7.011345704027925
CEACAM22P	SRR6467722	9
CEACAM22P	SRR6467723	14
CEACAM22P	SRR6467724	6
CEACAM22P	SRR6467725	16
CEACAM22P	SRR6467726	6.3818790433981185
CEACAM22P	SRR6467727	4.009368080065448
CEACAM22P	SRR6467728	10
CEACAM22P	SRR6467729	7.048557784891417
CEACAM22P	SRR6467730	11.023593673757524
CEACAM22P	SRR6467731	10.09895335893367
CEACAM22P	SRR6467732	4.238528378642732
CEACAM22P	SRR6467733	11.018988771452335
CEACAM22P	SRR6467734	9.909934022627375
CEACAM22P	SRR6467735	4.033192677853722
CEACAM22P	SRR6467736	7.0434763920110885
CEACAM22P	SRR6467737	8.049833391815726
CEACAM22P	SRR6467738	5.001799771349224
CEACAM22P	SRR6467739	17
CEACAM22P	SRR6467740	6.032396022575026
CEACAM22P	SRR6467741	3.0060359721441507
CEACAM22P	SRR6467742	7
CEACAM22P	SRR6467743	6
CEACAM22P	SRR6467744	14
CEACAM22P	SRR6467745	2.000930517265158
CEACAM22P	SRR6467746	4.031920447294764
CEACAM22P	SRR6467747	12.661684072204283
CEACAM22P	SRR6467748	10.457496249786441
CEACAM22P	SRR6467749	14
CEACAM22P	SRR6467750	13.030844699719733
CEACAM22P	SRR6467751	1.015116940806616
CEACAM22P	SRR6467752	6.049559792053347
CEACAM22P	SRR6467753	14.635369761166752
CEACAM22P	SRR6467754	10.017695398034
CEACAM22P	SRR6467755	2.6838435352942556
CEACAM22P	SRR6467756	12.015124882829294
CEACAM22P	SRR6467757	19
CEACAM22P	SRR6467758	3
CEACAM22P	SRR6467759	3.0170486409269306
CEACAM22P	SRR6467760	3.0231979171555214
CEACAM22P	SRR6467761	9.033277005918107
CEACAM22P	SRR6467762	7.035122427073598
CEACAM22P	SRR6467763	14.38154836642385
CEACAM22P	SRR6467764	7.348107658372365
CEACAM22P	SRR6467765	4.0050416276097645
CEACAM22P	SRR6467766	3.0445963907421296
CEACAM22P	SRR6467767	14.095436935942555
CEACAM22P	SRR6467768	1.012490620071433
CEACAM22P	SRR6467769	4.071940781230604
CEACAM22P	SRR6467770	5
CEACAM22P	SRR6467771	9.406267462044015
CEACAM22P	SRR6467772	1.0071624573529558
CEACAM22P	SRR6467773	12.047436572256093
CEACAM22P	SRR6868540	1.0146754396324102
CEACAM22P	SRR6868541	2.0549269407130564
CEACAM22P	SRR6868542	3.143086655751395
CEACAM22P	SRR6868543	1.0150863239093106
CEACAM22P	SRR6868544	3.023517235981973
CEACAM22P	SRR6868545	1.0247076064653797
CEACAM22P	SRR6868546	2.0313435185284243
CEACAM22P	SRR6868557	1.0591086838663382
CEACAM22P	SRR6868558	1.0490872194289762
CEACAM22P	SRR6868559	1.0325281504175436
CEACAM22P	SRR6868560	1.0099740186645438
CEACAM22P	SRR6868569	1.0617761523220262
CEACAM22P	SRR6868570	1.0214163604819042
CEACAM22P	SRR6868571	2.0887332246646353
CEACAM22P	SRR6868572	10.11751390591559
CEACAM22P	SRR6868573	1.0409966836392885
CEACAM22P	SRR6868574	1.0122229259475997
CEACAM22P	SRR6868575	4.103221777843664
CEACAM22P	SRR6868576	1.0158996451240243
CEACAM22P	SRR6868577	1.0321919880224188
CEACAM22P	SRR6868578	1.0155200621012757
CEACAM22P	SRR6868579	2.0874573658001845
CEACAM22P	SRR6868580	2.0215054650733006
CEACAM22P	SRR6868581	1.0339413032942724
CEACAM22P	SRR6868582	1.0328155381530846
CEACAM22P	SRR6868585	1.0220689021157627
CEACAM22P	SRR6868586	1.059503875848675
CEACAM22P	SRR6868587	5.299758574284669
CEACAM22P	SRR6868588	2.014370467112545
CEACAM22P	SRR6868589	1.0110174866119757
CEACAM22P	SRR6868590	1.032033906477247
CEACAM22P	SRR6868591	1.0130236388532423
CEACAM22P	SRR6868604	1.075755471099352
CEACAM22P	SRR6868605	6.190878425669255
CEACAM22P	SRR6868606	1.0405938775744006
CEACAM22P	SRR6868607	1.0342544525714972
CEACAM22P	SRR6868608	1.024176000194289
CEACAM22P	SRR6868609	1.0438891054924728
CEACAM22P	SRR6868610	1.038926954961391
CEACAM22P	SRR6868620	2.022562359407462
CEACAM22P	SRR6868621	2.0436509949536723
CEACAM22P	SRR6868622	3.071932336151039
CEACAM22P	SRR6868623	4.2190520995562695
CEACAM22P	SRR6868636	1.0437200357863465
CEACAM22P	SRR6868637	1.0258536501967699
CEACAM22P	SRR6868638	1.0461253585775165
CEACAM22P	SRR6868639	2.0215000419107043
CEACAM22P	SRR6868650	1.039600004636465
CEACAM22P	SRR6868651	2.057901989102869
CEACAM22P	SRR6868652	4.121631140543582
CEACAM22P	SRR6868653	1.0187981972446098
CEACAM22P	SRR6868654	1.0150307958235039
CEACAM22P	SRR6868655	2.0697806486844064
CEACAM22P	SRR6868665	2.0288467057789843
CEACAM22P	SRR6868666	1.0102367475941127
CEACAM22P	SRR6868667	1.0114938025774427
CEACAM22P	SRR6868668	1.0074530555463053
CEACAM22P	SRR6868669	1.0076269288321016
CEACAM22P	SRR6868670	7.124194760267231
CEACAM22P	SRR6868671	1.0144459931453216
CEACAM22P	SRR6868683	2.0253736533366813
CEACAM22P	SRR6868684	1.0156791364509994
CEACAM22P	SRR6868685	1.0213121445813669
CEACAM22P	SRR6868686	1.010279036701863
CEACAM22P	SRR6868687	1.0278872533572148
CEACAM22P	SRR6868688	6.160789366244926
CEACAM22P	SRR6868689	1.0146059094716162
CEACAM22P	SRR6868698	1.0182196176757388
CEACAM22P	SRR6868699	7.049389050035581
CEACAM22P	SRR6868700	6.096329840303405
CEACAM22P	SRR6868701	1.0104876136718064
CEACAM22P	SRR6868702	9.06910868124173
CEACAM22P	SRR6868713	1.0104534576807476
CEACAM22P	SRR6868714	10.184145111104586
CEACAM22P	SRR6868715	1.0082988502433663
CEACAM22P	SRR6868716	1.0066973307865115
CEACAM22P	SRR6868717	3.0307542113014234
CEACAM22P	SRR6868718	8.031211405842265
CEACAM22P	SRR6868719	12.019449778333586
CEACAM22P	SRR6868720	3.0151828523897772
CEACAM22P	SRR6868721	2.022482194431232
CEACAM22P	SRR6868722	2.0335278109537165
CEACAM22P	SRR6868723	3.058458905211332
CEACAM22P	SRR6868724	2.0193785312073342
CEACAM22P	SRR6868725	1.0041780100330324
CEACAM22P	SRR6868726	3.007238349933072
CEACAM22P	SRR6868741	2.028882916012723
CEACAM22P	SRR7632756	5.041406380121432
CEACAM22P	SRR7632757	1.0277880420258994
CEACAM22P	SRR7632758	5.05329960024958
CEACAM22P	SRR7632759	4.119425356321116
CEACAM22P	SRR7632760	4.081244179799646
CEACAM22P	SRR7632761	4.028486674229457
CEACAM22P	SRR7632762	5.243513261033558
CEACAM22P	SRR7632763	5.082064877794667
CEACAM22P	SRR7632764	1.0370326174074103
CEACAM22P	SRR7632765	19.049930754102824
CEACAM22P	SRR7632766	1.0312070028815916
CEACAM22P	SRR7632767	13.030844699719733
CEACAM22P	SRR7632768	2.032460187668014
CEACAM22P	SRR7632769	1.0114947818507258
CEACAM22P	SRR7632770	2.0165478043518386
CEACAM22P	SRR7632771	4.104142224228726
CEACAM22P	SRR7632772	1.0193139826231485
CEACAM22P	SRR7632773	1.0054132343880438
CEACAM22P	SRR7632774	17.10785815349732
CEACAM22P	SRR7632775	2.0450757064247433
CEACAM22P	SRR7632776	3.1138784472321586
CEACAM22P	SRR7632777	2.048296898282949
CEACAM22P	SRR7632778	1.0041644240028431
CEACAM22P	SRR7632779	1.0262203067866917
CEACAM22P	SRR7632780	6.022266148884737
CEACAM22P	SRR7632781	2.1230918004225243
CEACAM22P	SRR7632782	3.041070557593742
CEACAM22P	SRR7632783	2.0147129330903053
CEACAM22P	SRR7632784	5.043597716949741
CEACAM22P	SRR7632785	3.0215941552660133
CEACAM22P	SRR7632786	3.1248818438379136
CEACAM22P	SRR7632787	2.0077863219616616
CEACAM22P	SRR7632788	2.004534328162457
CEACAM22P	SRR7632789	1.0182058416695656
CEACAM22P	SRR7632790	3.0295202753077506
CEACAM22P	SRR7632791	1.0448790382400983
CEACAM22P	SRR7632792	9.066208198906374
CEACAM22P	SRR7632793	2.0242816077231653
CEACAM22P	SRR7632794	19.13205854910672
CEACAM22P	SRR7632795	9.029047031993258
CEACAM22P	SRR7632796	3.051683819987435
CEACAM22P	SRR7632797	1.150699232136202
CEACAM22P	SRR7632798	6.034382892457847
CEACAM22P	SRR7632799	3.092378019717478
CEACAM22P	SRR7632800	6.090326457431344
CEACAM22P	SRR7632801	2.0105255497845578
CEACAM22P	SRR7632802	2.070062335227295
CEACAM22P	SRR7632803	1.024031967628665
CEACAM22P	SRR7632804	2.0810418379602633
CEACAM22P	SRR7632805	4.012377662912885
CEACAM22P	SRR7632806	6.027686963047493
CEACAM22P	SRR7632807	7.060852138456984
CEACAM22P	SRR7632808	3.0246600649864988
CEACAM22P	SRR7632809	2.097658992508218
CEACAM22P	SRR7632810	4.01671204013213
CEACAM22P	SRR7632811	3.0204001661224322
CEACAM22P	SRR7632812	19.13640730888618
CEACAM22P	SRR7632813	11.06818247551656
CEACAM22P	SRR7632814	7.0247691167954045
CEACAM22P	SRR7632815	3.0235393479870405
CEACAM22P	SRR7632816	3.2262224711800846
CEACAM22P	SRR7632817	2.08334970306885
CEACAM22P	SRR7632818	1.0054268373142463
CEACAM22P	SRR7632819	4.009790132096656
CEACAM22P	SRR7632820	10.068809949439055
CEACAM22P	SRR7632821	2.0034525039004247
CEACAM22P	SRR7632822	6.075195821158309
CEACAM22P	SRR7632823	9.033125658707537
CEACAM22P	SRR7632824	5.022850922904613
CEACAM22P	SRR7632825	7.019658578057799
CEACAM22P	SRR7632826	7.00451712312039
CEACAM22P	SRR7632827	1.055040096796364
CEACAM22P	SRR7632828	8.209123676649389
CEACAM22P	SRR7632829	5.072322639687129
CEACAM22P	SRR7632830	1.0486021527253222
CEACAM22P	SRR7632831	2.018534973187272
CEACAM22P	SRR7632832	5.073097862285821
CEACAM22P	SRR7632833	2.1033958396401604
CEACAM22P	SRR7632834	3.0879141340150618
CEACAM22P	SRR7632835	1.110030669431967
CEACAM22P	SRR7632836	2.029854462894126
CEACAM22P	SRR7632837	2.012855595068726
CEACAM22P	SRR7632838	2.050418083929222
CEACAM22P	SRR7632839	2.0229876051548854
CEACAM22P	SRR7632840	3.0922015660576005
CEACAM22P	SRR7632841	1.1191732546509214
CEACAM22P	SRR7632842	4.007558948796769
CEACAM22P	SRR7632843	3.112551338238015
CEACAM22P	SRR7632844	2.079484384927301
CEACAM22P	SRR7632845	4.020027355419089
CEACAM22P	SRR7632846	6.298044059040413
CEACAM22P	SRR7632847	3.0707422584130333
CEACAM22P	SRR7632848	4.036645022995797
CEACAM22P	SRR7632849	1.0113703922046702
CEACAM22P	SRR7632850	2.025819803305523
CEACAM22P	SRR7632851	8.081236851389555
CEACAM22P	SRR7632852	2.0025208138048822
CEACAM22P	SRR7632853	8.040546409180468
CEACAM22P	SRR7632854	4.026419957322384
CEACAM22P	SRR7632855	8
CEACAM22P	SRR7632856	2.012943727552918
CEACAM22P	SRR7632857	2.1475608896878002
CEACAM22P	SRR7632858	2.0743433002217437
CEACAM22P	SRR7632859	1.03970249147232
CEACAM22P	SRR7632860	1.0755034509256032
CEACAM22P	SRR7632861	1.0544086906801657
CEACAM22P	SRR7632862	1.0352861076828388
CEACAM22P	SRR7632863	1.1276773456759084
CEACAM22P	SRR7632864	1.121531795981538
CEACAM22P	SRR7632865	3.00432178400522
CEACAM22P	SRR7632866	6.034079589996454
CEACAM22P	SRR7632867	6.061943362554649
CEACAM22P	SRR7632868	4.10261966021736
CEACAM22P	SRR7632869	5.122205628392904
CEACAM22P	SRR7632870	4.015373088548397
CEACAM22P	SRR7632871	1.0509978397928912
CEACAM22P	SRR7632872	3.096850042933929
CEACAM22P	SRR7632873	4.01671204013213
CEACAM22P	SRR7632874	14.037220293066369
CEACAM22P	SRR7632875	4.00660576800509
CEACAM22P	SRR7632876	4.056591183020592
CEACAM22P	SRR7632877	2.082270062926084
CEACAM22P	SRR7632878	1.022117629031292
CEACAM22P	SRR7632879	3.006801492243685
CEACAM22P	SRR7632880	4.070228055926873
CEACAM22P	SRR7632881	2.0276778690892807
CEACAM22P	SRR7632882	2.04796430197648
CEACAM22P	SRR7632883	2.045174596970012
CEACAM22P	SRR7632884	3.1015044141297254
CEACAM22P	SRR7632885	2.010034979163885
CEACAM22P	SRR7632886	1.0323339725546605
CEACAM22P	SRR7632887	3.030394207794977
CEACAM22P	SRR7632888	2.0762439384408053
CEACAM22P	SRR7632889	2.068452327732724
CEACAM22P	SRR7632890	2.204291170176127
CEACAM22P	SRR7632891	4.188899882687039
CEACAM22P	SRR7632892	7.040802970653311
CEACAM22P	SRR7632893	1.0382330459409663
CEACAM22P	SRR7632894	1.04730409167774
CEACAM22P	SRR7632895	4.046524844996406
CEACAM22P	SRR7632896	2.045585771885336
CEACAM22P	SRR7632897	3.0122682959061047
CEACAM22P	SRR7632898	10.037470887894518
CEACAM22P	SRR7632899	4.027760533998115
CEACAM22P	SRR7632900	1.006694084239897
CEACAM22P	SRR7632901	3.0190927492879696
CEACAM22P	SRR7632902	2.0876978013490315
CEACAM22P	SRR7632903	4.017723160078955
CEACAM22P	SRR7632904	1.052639407087551
CEACAM22P	SRR7632905	3.2795364735415395
CEACAM22P	SRR7632906	3.0494304787065483
CEACAM22P	SRR7632907	1.0277502386473942
CEACAM22P	SRR7632908	4.016150035388813
CEACAM22P	SRR7632909	2.0069109676924404
CEACAM22P	SRR7632910	2.0762884911034547
CEACAM22P	SRR7632911	2.025963857489937
CEACAM22P	SRR7632912	2.031316035458598
CEACAM22P	SRR7632913	2.117725766445223
CEACAM22P	SRR7632914	3.0938830834512068
CEACAM22P	SRR7632915	2.0899322316958573
CEACAM22P	SRR7632916	1.0199638203063526
CEACAM22P	SRR7632917	1.0525477213847285
CEACAM22P	SRR7632918	3.0777215217422875
CEACAM22P	SRR7632919	4.034864905525338
CEACAM22P	SRR7632920	2.023219655142726
CEACAM22P	SRR7632921	1.0121840603993095
CEACAM22P	SRR7632922	8.06962523077316
CEACAM22P	SRR7632923	3.0313439544317955
CEACAM22P	SRR7632924	2.059108192232074
CEACAM22P	SRR7632925	1.0351205406829784
CEACAM22P	SRR7632926	1.0185058970869778
CEACAM22P	SRR7632927	3.0618651219561994
CEACAM22P	SRR7632928	5.016632298439882
CEACAM22P	SRR7632929	1.0408852031443403
CEACAM22P	SRR7632930	8.00720102901963
CEACAM22P	SRR7632931	4.002880152427062
CEACAM22P	SRR7632932	2.0515082752146037
CEACAM22P	SRR7632933	2.042561945524309
CEACAM22P	SRR7632934	1.0044185309372882
CEACAM22P	SRR7632935	2.020225550036113
CEACAM22P	SRR7632936	2.04225202420872
CEACAM22P	SRR7632937	2.0288956567709437
CEACAM22P	SRR7632938	2.053519694786061
CEACAM22P	SRR7632939	1.0281771467044196
CEACAM22P	SRR7632940	1.0065268639064227
CEACAM22P	SRR7632941	3.0647216727110216
CEACAM22P	SRR7632942	2.0717532539305616
CEACAM22P	SRR7632943	7
CEACAM22P	SRR7632944	4.0737085854672435
CEACAM22P	SRR7632945	2
CEACAM22P	SRR8928966	3.0265413307421887
CEACAM22P	SRR8928967	3.0510846898872277
CEACAM22P	SRR8928968	3.0249363204756237
CEACAM22P	SRR8928969	1.0083022278420297
CEACAM22P	SRR8928970	1.0095999056134282
CEACAM22P	SRR8928971	2.0153788428066086
CEACAM22P	SRR8928972	1.0535590264470536
CEACAM22P	SRR8928973	3.017896904792221
CEACAM22P	SRR8928974	1.084964542884935
CEACAM22P	SRR8928975	1.0422268823538081
CEACAM22P	SRR8928976	1.0418215850993868
CEACAM22P	SRR8928977	1.0194654138015173
CEACAM22P	SRR8928978	2.037231891699576
CEACAM22P	SRR8928979	1.019328713740916
CEACAM22P	SRR8928980	8.12564718360958
CEACAM22P	SRR8928981	1.011720751030811
CEACAM22P	SRR8928982	1.0114260163607005
CEACAM22P	SRR8928983	1.0019065235500912
CEACAM22P	SRR8928984	1.005572915612441
CEACAM22P	SRR8928985	1.0167967514698188
CEACAM22P	SRR8928986	2.0180260684375204
CEACAM22P	SRR8928987	2
CEACAM22P	SRR8928988	12
CEACAM22P	SRR8928989	1.0173441049815872
CEACAM22P	SRR8928990	1.010567215117064
CEACAM22P	SRR8928991	1.0177418771007531
CEACAM22P	SRR9835604	17.242397868720115
CEACAM22P	SRR9835605	9.049757076721969
CEACAM22P	SRR9835606	4.00850772101797
CEACAM22P	SRR9835607	1.0089702127219256
CEACAM22P	SRR9835608	1.0145480117591426
CEACAM22P	SRR9835609	6
CEACAM22P	SRR9835610	7.0322398115836116
CEACAM22P	SRR9835611	15.01620377336102
CEACAM22P	SRR9835612	7.0186101465331845
CEACAM22P	SRR9835613	8.047258894103088
CEACAM22P	SRR9835614	1.0098834104700367
CEACAM22P	SRR9835615	2.0782446581621787
CEACAM22P	SRR9835616	2.0147827752727374
CEACAM22P	SRR9835617	6.1379262124497265
CEACAM22P	SRR9835618	4.021297011348454
CEACAM22P	SRR9835619	30
CEACAM22P	SRR9835620	10.046895250904809
CEACAM22P	SRR9835621	3.019548591550729
CEACAM22P	SRR9835622	5.013667387657339
CEACAM22P	SRR9835623	22.003959140722944
CEACAM22P	SRR9835624	17.37255361222435
CEACAM22P	SRR9835625	8.024620875799133
CEACAM22P	SRR9835626	6.045087645894197
CEACAM22P	SRR9835627	11.022468927976748
CEACAM22P	SRR9835628	4.028578853470407
CEACAM22P	SRR9835629	3.0600613028727564
CEACAM22P	SRR9835630	1.0553618917185172
CEACAM22P	SRR9835631	3.2409654700161616
CEACAM22P	SRR9835632	43.097832340666486
CEACAM22P	SRR9835633	9.066466666878933
CEACAM22P	SRR9835634	2.0123968137302835
CEACAM22P	SRR9835635	11.107493326010136
CEACAM22P	SRR9835636	14.027738935702894
CEACAM22P	SRR9835637	2.0088592570467187
CEACAM22P	SRR9835638	8.076443491040639
CEACAM22P	SRR9835639	3.0308793321121117
CEACAM22P	SRR9835640	5.082788347475078
CEACAM22P	SRR9835641	5.018999317888786
CEACAM22P	SRR9835642	9.051699455512361
CEACAM22P	SRR9835643	8.030533455457837
CEACAM22P	SRR9835644	14.045184271989514
CEACAM22P	SRR9835645	6.17484368075239
CEACAM22P	SRR9835646	12.110266306384338
CEACAM22P	SRR9835647	21.050469706123973
CEACAM22P	SRR9835648	1.0297706722545683
CEACAM22P	SRR9835649	5.056783544325595
CEACAM22P	SRR9835650	10.03794007351424
CEACAM22P	SRR9835651	18.012960685921783
CEACAM22P	SRR9835652	2.0310395291725363
CEACAM22P	SRR9835653	2.0055282773882785
CEACAM22P	SRR9835654	2.0200921377507326
CEACAM22P	SRR9835655	5.025495168517425
CEACAM22P	SRR9835656	15.03967540332992
CEACAM22P	SRR9835657	2.02965167421675
CEACAM22P	SRR9835658	12.024143888576603
CEACAM22P	SRR9835659	11.06465544426687
CEACAM22P	SRR9835660	3.022308349440258
CEACAM22P	SRR9835661	7.028078453484155
CEACAM22P	SRR9835662	6.071499071870638
CEACAM22P	SRR9835663	1.0198983921367524
CEACAM22P	SRR9835664	4.0069050078008495
CEACAM22P	SRR9835665	1.004072314883195
CEACAM22P	SRR9835666	6
CEACAM22P	SRR9835667	5.041083305849785
CEACAM22P	SRR9835668	6
CEACAM22P	SRR9835669	1.0264232618093723
CEACAM22P	SRR9835670	3.040744178492153
CEACAM22P	SRR9835671	1.0133167044062266
CEACAM22P	SRR9835672	12.020715023402547
CEACAM22P	SRR9835673	6.135300687304078
CEACAM22P	SRR9835674	15.006978879488686
CEACAM22P	SRR9835675	11.058566781208249
CEACAM22P	SRR9835676	4.355241194588839
CEACAM22P	SRR9835677	5.013139672132322
CEACAM22P	SRR9835678	5.029473104148668
CEACAM22P	SRR9835679	14.466866853768904
CEACAM22P	SRR9835680	2.048310831296194
CEACAM22P	SRR9835681	10.03004620275643
CEACAM22P	SRR9835682	2.1204045000352427
CEACAM22P	SRR9835683	2.0124583479539315
CEACAM22P	SRR9835684	1.0249675723992049
CEACAM22P	SRR9835685	17.085116260531127
CEACAM22P	SRR9835686	10.132366280807227
CEACAM22P	SRR9835687	6.027789721017836
CEACAM22P	SRR9835688	5
CEACAM22P	SRR9835689	1.0072516016039186
CEACAM22P	SRR9835690	1.0020009198402668
CEACAM22P	SRR9835691	1.0088088254590628
CEACAM22P	SRR9835692	8.143000872914294
CEACAM22P	SRR9835693	2.0079674922843656
CEACAM22P	SRR9835694	8.081272258005693
CEACAM22P	SRR9835695	4.020359714097758
CEACAM22P	SRR9835696	10.096415363823084
CEACAM22P	SRR9835697	19.09533230205691
CEACAM22P	SRR9835698	8.007445869846027
CEACAM22P	SRR9835699	5.007883188196084
CEACAM22P	SRR9835700	5.010961568682066
CEACAM22P	SRR9835701	15.041873502497959
CEACAM22P	SRR9835702	15
CEACAM22P	SRR9835703	3.0031904371506015
CEACAM22P	SRR9835704	9.040980182417634
CEACAM22P	SRR9835705	9.035548289924073
CEACAM22P	SRR9835706	2.1572851723006212
CEACAM22P	SRR9835707	8.00864201245921
CEACAM22P	SRR9835708	8.008043918819494
CEACAM22P	SRR9835709	7.002519679888913
CEACAM22P	SRR9835710	3.0427592179708065
CEACAM22P	SRR9835711	2.0007199085396894
CEACAM22P	SRR9835712	16.04008969217371
CEACAM22P	SRR9835713	5.009532617750456
CEACAM22P	SRR9835714	33.051018421949315
CEACAM22P	SRR9835715	6.029856654707129
CEACAM22P	SRR9835716	12.035296351546217
CEACAM22P	SRR9835717	10.034248015445334
CEACAM22P	SRR9835718	11.16949923952177
CEACAM22P	SRR9835719	3.025623895279566
CEACAM22P	SRR9835720	10.062218151362057
CEACAM22P	SRR9835721	2.0294958995591275
CEACAM22P	SRR9835722	14.318856598212493
CEACAM22P	SRR9835723	9
CEACAM22P	SRR9835724	6.041436225981592
CEACAM22P	SRR9835725	1.0273956002434441
CEACAM22P	SRR9835726	9.006480342960892
CEACAM22P	SRR9835727	27.182746842044338
CEACAM22P	SRR9835728	3.1217727754741755
CEACAM22P	SRR9835729	33.10661255108155
CEACAM22P	SRR9835730	10.03830557347933
CEACAM22P	SRR9835731	3.153032532308521
CEACAM22P	SRR9835732	6.028220475427186
CEACAM22P	SRR9835733	2.008928896305199
CEACAM22P	SRR9835734	12.030636685667377
CEACAM22P	SRR9835735	9.01620960737808
CEACAM22P	SRR9835736	1.0119742595178156
CEACAM22P	SRR9835737	7.01460779314272
CEACAM22P	SRR9835738	9.016058546121673
CEACAM22P	SRR9835739	2.0541287090754223
CEACAM22P	SRR9835740	4.1196913317671315
CEACAM22P	SRR9835741	10.05276670296832
CEACAM22P	SRR9835742	8.149489612723634
CEACAM22P	SRR9835743	4.136847896296013
CEACAM22P	SRR9835744	8.046523099523267
CEACAM22P	SRR9835745	1.022326615823064
CEACAM22P	SRR9835746	1.0107941715568822
CEACAM22P	SRR9835747	1.0052459323093745
CEACAM22P	SRR9835748	3.091282434649438
CEACAM22P	SRR9835749	17
CEACAM22P	SRR9835750	7.058087186244013
CEACAM22P	SRR9835751	1.0080480222430843
CEACAM22P	SRR9835752	6.242727073526784
CEACAM22P	SRR9835753	3.0314654583974394
CEACAM22P	SRR9835754	2.0027316121052943
CEACAM22P	SRR9835755	4.057667770090432
CEACAM22P	SRR9835756	5.232031661601943
CEACAM22P	SRR9835757	6.023983978367143
CEACAM22P	SRR9835758	4.022921928305231
CEACAM22P	SRR9835759	3.019526508731201
CEACAM22P	SRR9835760	18
CEACAM22P	SRR9835761	26.004678984490752
CEACAM22P	SRR9835762	3.30711597444679
CEACAM22P	SRR9835763	17.049275797722384
CEACAM22P	SRR9835764	2.0051863569194666
CEACAM22P	SRR9835765	5.151848857432579
CEACAM22P	SRR9835766	3.0773567826833865
CEACAM22P	SRR9835767	3.110900402378363
CEACAM22P	SRR9835768	11
CEACAM22P	SRR9835769	11
CEACAM22P	SRR9835770	8.159177702032478
CEACAM22P	SRR9835771	2.0108264687760875
CEACAM22P	SRR9835772	6.075045504220962
CEACAM22P	SRR9835773	37
CEACAM22P	SRR9835774	7.245843784780849
CEACAM22P	SRR9835775	6.030200763514998
CEACAM22P	SRR9835776	8.025354667583798
CEACAM22P	SRR9835777	7.017132731169148
CEACAM22P	SRR9835778	12.049767667667032
CEACAM22P	SRR9835779	3.020994335153737
CEACAM22P	SRR9835780	14.021644179008801
CEACAM22P	SRR9835781	1.0252236336284462
CEACAM22P	SRR9835782	18.08926688408159
CEACAM22P	SRR9835783	28
CEACAM22P	SRR9835784	8.032309359121165
CEACAM22P	SRR9835785	2.087792696808827
CEACAM22P	SRR9835786	15.144383522495078
CEACAM22P	SRR9835787	3.0084251048819137
CEACAM22P	SRR9835788	6.009908652007635
CEACAM22P	SRR9835789	16
CEACAM22P	SRR9835790	14.099221379916312
CEACAM22P	SRR9835791	1.0271261374648186
CEACAM22P	SRR9835792	12.906530296869798
CEACAM22P	SRR9835793	4.007925410200827
CEACAM22P	SRR9835794	9.001619648477568
CEACAM22P	SRR9835795	2.113560276113215
CEACAM22P	SRR9835796	3.017036306175669
CEACAM22P	SRR9835797	17
CEACAM22P	SRR9835798	4.006184051145372
CEACAM22P	SRR9835799	8.015716519564736
CEACAM22P	SRR9835800	16.018211921378906
CEACAM22P	SRR9835801	2.010005460069825
CEACAM22P	SRR9835802	19.07536598630849
CEACAM22P	SRR9867812	3
CEACAM22P	SRR9867813	7.445279456564275
CEACAM22P	SRR9867814	9.78845322116784
CEACAM22P	SRR9867815	3
CEACAM22P	SRR9867816	2.0010799599790126
CEACAM22P	SRR9867817	14.228380680826671
CEACAM22P	SRR9867818	18.005134434433632
CEACAM22P	SRR9867819	28.139916775566434
CEACAM22P	SRR9867820	2.004684040032724
CEACAM22P	SRR9867821	8
CEACAM22P	SRR9867822	12.157598961175239
CEACAM22P	SRR9867823	32.00575875014246
CEACAM22P	SRR9867824	5.7989964236333185
CEACAM22P	SRR9867825	4.909891890435406
CEACAM22P	SRR9867826	6.664516838699919
CEACAM22P	SRR9867827	9
CEACAM22P	SRR9867828	34.508684252534465
CEACAM22P	SRR9867829	5.313684696063531
CEACAM22P	SRR9867830	3.0060359721441507
CEACAM22P	SRR9867831	16.525585234403113
CEACAM22P	SRR9879292	1.606407726721768
CEACAM22P	SRR9879293	1.015288110518979
CEACAM22P	SRR9879294	1.0204975926045814
CEACAM22P	SRR9879295	2.0403608722076743
CEACAM22P	SRR9879296	2.0250325383871886
CEACAM22P	SRR9879297	1.0160326211514135
CEACAM22P	SRR9879298	1.0114727203258032
CEACAM22P	SRR9879299	1.004672692112038
CEACAM22P	SRR9879300	1.0154291543241525
CEACAM22P	SRR9879301	2.004825566622048
CEACAM22P	SRR9879302	1.0113873374009947
CEACAM22P	SRR9879303	1.0055495224370705
CEACAM22P	SRR9879304	2.034326099596851
CEACAM22P	SRR9879305	1.0111215743846396
CEACAM22P	SRR9879306	1
CEACAM22P	SRR9879307	1.562895342733441
CEACAM22P	SRR9879308	1.012128691075505
CEACAM22P	SRR9879309	1.0114738899666313
CEACAM22P	T50_307	2.012466196818904
CEACAM22P	T50_313	2.0342677942126155
CEACAM22P	T50_317	1.017912202260729
CEACAM22P	T50_324	3.0364395686073653
CEACAM22P	T50_427	4.069453771165943
CEACAM22P	T50_428	4.031359795338284
CEACAM22P	T50_431	6.0371087609999154
CEACAM22P	T50_436	3.0261462581737564
CEACAM22P	T50_476	3.0250520949676707
CEACAM22P	UN_307	3.0399294732120254
CEACAM22P	UN_313	1.0145310136075893
CEACAM22P	UN_317	7.0584981358462615
CEACAM22P	UN_324	3.066564270686882
CEACAM22P	UN_427	1.0090657297142456
CEACAM22P	UN_428	3.0323783604534293
CEACAM22P	UN_431	1.010700365800461
CEACAM22P	UN_436	3.0257707849556676
CEACAM22P	UN_476	5.051183737970564
