Gene	sample	counts
NANOGNBP3	CM317	1.0496947053399786
NANOGNBP3	CMCD140	1.0092852040017053
NANOGNBP3	CMCD147	1.0387377232738804
NANOGNBP3	CMCD152	4
NANOGNBP3	CMCD154	1.0097029263832331
NANOGNBP3	CMCD159	2.165261769252767
NANOGNBP3	CMCD161	2.0061274889335725
NANOGNBP3	CMCD174	1.0883603953024104
NANOGNBP3	CMCD196	1.0088734782641728
NANOGNBP3	CMCD198	1.027928565649914
NANOGNBP3	CMCD203	1.0031790985514153
NANOGNBP3	CMCD211	1.6031132637488488
NANOGNBP3	CMCD227	2.4578856019750974
NANOGNBP3	CMCD240	4.6283544921066815
NANOGNBP3	CMCD259	3
NANOGNBP3	CMCD270	1.005170859507078
NANOGNBP3	CMCD275	3.025286805489398
NANOGNBP3	CMCD282	1.0127082910163139
NANOGNBP3	CMCD286	2.8080778569966993
NANOGNBP3	CMCD287	3
NANOGNBP3	CMCD294	1.061130699852429
NANOGNBP3	CMCD327	5.025409497034613
NANOGNBP3	CMCD335	2.0093093953179557
NANOGNBP3	CMCD337	4.0265430754989096
NANOGNBP3	CMCD357	1.0203676217787498
NANOGNBP3	CMCD398	2.0116111933498324
NANOGNBP3	CMCD403	6.042791740572108
NANOGNBP3	CMCD422	1.002086827591817
NANOGNBP3	CMCD426	1.109996027604914
NANOGNBP3	CMCD71	2.0126513097784158
NANOGNBP3	CMCD72	1.1440405671509037
NANOGNBP3	CMCD76	3.006801492243685
NANOGNBP3	CMCD88	6.0010797656517125
NANOGNBP3	CMSA256	7
NANOGNBP3	CMSA316	1.0080145694811098
NANOGNBP3	CMUC110	8
NANOGNBP3	CMUC192	1.0131538458119358
NANOGNBP3	CMUC199	2.0532129883044723
NANOGNBP3	CMUC200	2.004656917652413
NANOGNBP3	CMUC208	2.004886869335285
NANOGNBP3	CMUC231	1
NANOGNBP3	CMUC234	3
NANOGNBP3	CMUC285	2.0218132848968224
NANOGNBP3	CMUC291	1.0065605922780039
NANOGNBP3	CMUC295	10.009001286274536
NANOGNBP3	CMUC299	2.0058278607852222
NANOGNBP3	CMUC301	1.0005399799895063
NANOGNBP3	CMUC307	2.005506119018947
NANOGNBP3	CMUC313	1.0406199795536664
NANOGNBP3	CMUC314	4.212697317909593
NANOGNBP3	CMUC323	1.0232441215691963
NANOGNBP3	CMUC324	3.002700385882361
NANOGNBP3	CMUC331	3.0269390364466173
NANOGNBP3	CMUC333	1.0226855040011238
NANOGNBP3	CMUC334	1.0147637781192929
NANOGNBP3	CMUC346	1.0107140402598958
NANOGNBP3	CMUC352	1.0059528932594937
NANOGNBP3	CMUC360	3.0037812207073236
NANOGNBP3	CMUC363	1.0255367303100333
NANOGNBP3	CMUC365	6.039262367705624
NANOGNBP3	CMUC366	1.0032749335441427
NANOGNBP3	CMUC368	4
NANOGNBP3	CMUC377	1.0040587302830086
NANOGNBP3	CMUC379	1.0664515526402574
NANOGNBP3	CMUC380	1.0176874450837656
NANOGNBP3	CMUC383	1.0137840525909332
NANOGNBP3	CMUC394	6.0435920300085355
NANOGNBP3	CMUC419	1.024221051989512
NANOGNBP3	CMUC427	9
NANOGNBP3	CMUC428	3.0187283638277265
NANOGNBP3	CMUC431	1.0018317001382826
NANOGNBP3	CMUC435	3.014662381960751
NANOGNBP3	CMUC439	4.025271763214286
NANOGNBP3	CMUC89	2
NANOGNBP3	CS219	7.017132731169148
NANOGNBP3	CS256	2.004534328162457
NANOGNBP3	CS257	1.089979985878173
NANOGNBP3	CS259	6.00917539485353
NANOGNBP3	CS261	1.0227433496373879
NANOGNBP3	CS266	1.0344406863242126
NANOGNBP3	CS270	1.0125793616529746
NANOGNBP3	CS277	0.9435200946202956
NANOGNBP3	CS288	1.0089179773327999
NANOGNBP3	CS290	1.007935358827293
NANOGNBP3	CS292	1.0136016438843358
NANOGNBP3	CS293	1.0159883878434666
NANOGNBP3	CS301	5.127507403260612
NANOGNBP3	CS306	1.0369877958728642
NANOGNBP3	CS308	1.0254014198472583
NANOGNBP3	CS315	1.0265836055430344
NANOGNBP3	CS317	1.0691022518554174
NANOGNBP3	CS322	7.092174531158259
NANOGNBP3	CS327	1.0046854175679107
NANOGNBP3	CS328	8.4257822383613
NANOGNBP3	CS330	1.0732794536999326
NANOGNBP3	CS331	4.073376648613645
NANOGNBP3	CS335	0.5045325239340371
NANOGNBP3	CS338	1.0294503626489493
NANOGNBP3	CS339	1.1642104248974183
NANOGNBP3	CS343	6.047587947297289
NANOGNBP3	CS344	1.0136851471582224
NANOGNBP3	CS350	9.196287418393712
NANOGNBP3	CS351	6.0493015366661895
NANOGNBP3	CS361	1.0231543575157043
NANOGNBP3	CS388	4.132554823516542
NANOGNBP3	CS396	1.010589221555441
NANOGNBP3	CS405	1.023931692107002
NANOGNBP3	CS415	1.0725849893611923
NANOGNBP3	CS424	1.0352517578472156
NANOGNBP3	IM293	1.005276670296832
NANOGNBP3	IM296	1.064463289332191
NANOGNBP3	IM297	1.0944885764691814
NANOGNBP3	IM300	2
NANOGNBP3	IM305	1.0098834104700367
NANOGNBP3	IM309	14.909502156944873
NANOGNBP3	IM310	3.040132015588738
NANOGNBP3	IM311	1.0123286697107707
NANOGNBP3	IM316	1.00503432833736
NANOGNBP3	IM320	1.0454213547260982
NANOGNBP3	IM330	2.02023733621732
NANOGNBP3	IM332	27.785441128661116
NANOGNBP3	IM340	26.339697662007218
NANOGNBP3	IM348	1.034853198121328
NANOGNBP3	IM354	3.021395870286054
NANOGNBP3	IM356	4.031865897411804
NANOGNBP3	IM364	1.016813207554994
NANOGNBP3	IM372	0.9790012480305632
NANOGNBP3	IM374	1.0474599361127908
NANOGNBP3	IM376	7.098556742098284
NANOGNBP3	IM381	1.0123114121679178
NANOGNBP3	IM382	1.0307681061453446
NANOGNBP3	IM385	4
NANOGNBP3	IM390	1.0273630104120455
NANOGNBP3	IM397	2.0222520088965377
NANOGNBP3	IM404	1.0028664619341938
NANOGNBP3	IM409	3.0169661192620056
NANOGNBP3	IM412	2
NANOGNBP3	IM421	2.0311154494921735
NANOGNBP3	IM425	33.66410815710633
NANOGNBP3	IM432	6.235962659925041
NANOGNBP3	IM438	4
NANOGNBP3	IM442	1.0408884293487235
NANOGNBP3	IM445	1.0112874661338156
NANOGNBP3	IM448	1.021809713154857
NANOGNBP3	IM449	1.0083227925805054
NANOGNBP3	IM451	2.010225264757302
NANOGNBP3	IMSA256	2.0081109844914873
NANOGNBP3	IMSA276	2
NANOGNBP3	IMSA286	1
NANOGNBP3	IMSA343	1.0123997266953233
NANOGNBP3	IS_238	6
NANOGNBP3	IS238	2.557957483184379
NANOGNBP3	IS243	5
NANOGNBP3	IS253	1
NANOGNBP3	IS283	1
NANOGNBP3	IS322	1.0103131867970327
NANOGNBP3	IS399	3.0208202212275226
NANOGNBP3	IS418	1.0908267191361551
NANOGNBP3	IS430	1.0818719286848866
NANOGNBP3	IS437	1.0791582738983603
NANOGNBP3	IS444	1.0366814403266558
NANOGNBP3	R276CMSA	1.061719097392973
NANOGNBP3	R286CMSA	7
NANOGNBP3	R292CMSA	4.016589222555678
NANOGNBP3	R292IMSA	1.073657155188672
NANOGNBP3	R308CMSA	1.06717128675431
NANOGNBP3	R316IMSA	5.096269729796674
NANOGNBP3	R347CMSA	6.380986154129694
NANOGNBP3	R347IMSA	1.0621981468028772
NANOGNBP3	R371CMSA	8.031844066773903
NANOGNBP3	SRR10104064	1.1094515272513297
NANOGNBP3	SRR10104065	1.0058572527884204
NANOGNBP3	SRR10104066	1.0187395055126454
NANOGNBP3	SRR10104067	1.023057146473477
NANOGNBP3	SRR10104068	3.0139675782468647
NANOGNBP3	SRR10104069	1.0114572698828992
NANOGNBP3	SRR10104070	1.0293904998541934
NANOGNBP3	SRR10104071	1.1606052908522344
NANOGNBP3	SRR10104072	1.0698874845957154
NANOGNBP3	SRR10104073	1.044654039124863
NANOGNBP3	SRR10104074	2.191644685673592
NANOGNBP3	SRR10104075	1.1510100695372476
NANOGNBP3	SRR10104076	1.0276547583233047
NANOGNBP3	SRR10104077	3.302333332974504
NANOGNBP3	SRR10104078	1.0414272361609767
NANOGNBP3	SRR10104079	1.0895071357309336
NANOGNBP3	SRR10104080	1.121518162035866
NANOGNBP3	SRR10104081	3.0475322176417574
NANOGNBP3	SRR10104082	1.0822514404163561
NANOGNBP3	SRR10104083	1.0631988390336564
NANOGNBP3	SRR10104084	2.135693470715922
NANOGNBP3	SRR10104085	3.0666519813561703
NANOGNBP3	SRR10104086	1.024784508800748
NANOGNBP3	SRR10104087	1.0032000079380652
NANOGNBP3	SRR10104088	1.0091134916012459
NANOGNBP3	SRR10104089	2.2694912257192352
NANOGNBP3	SRR10104090	6.157821166409345
NANOGNBP3	SRR10104091	1.0420863331254986
NANOGNBP3	SRR10104092	1.0127338855518124
NANOGNBP3	SRR10104093	2.068595289240914
NANOGNBP3	SRR10104094	1.0340224493748036
NANOGNBP3	SRR10104095	1.0540616053506102
NANOGNBP3	SRR10104096	2.291437150319658
NANOGNBP3	SRR10104097	1.0631209277390947
NANOGNBP3	SRR10104098	1.0297617779816932
NANOGNBP3	SRR10104099	2.0949542125225533
NANOGNBP3	SRR10104100	2.0581282055604424
NANOGNBP3	SRR10104101	1.0055761585433334
NANOGNBP3	SRR10104102	1.0153169306923229
NANOGNBP3	SRR10104103	1.05208117298879
NANOGNBP3	SRR10104104	2.0309952154169224
NANOGNBP3	SRR10104105	1.0808351888270706
NANOGNBP3	SRR10104106	1.1304558697538387
NANOGNBP3	SRR10104107	3.02872682098887
NANOGNBP3	SRR10104108	1.0068572159530078
NANOGNBP3	SRR10104109	1.1183964997691782
NANOGNBP3	SRR10104110	1.1898566945611233
NANOGNBP3	SRR10104111	1.0327102204719922
NANOGNBP3	SRR10104112	1.186621143391241
NANOGNBP3	SRR10104113	1.0358394085966935
NANOGNBP3	SRR10104114	1.1728061185225533
NANOGNBP3	SRR10104115	1.14422200397898
NANOGNBP3	SRR10104116	1.0467296948207412
NANOGNBP3	SRR10104117	2.077697269649828
NANOGNBP3	SRR10104118	1.143352850751477
NANOGNBP3	SRR10104119	1.1898188257203337
NANOGNBP3	SRR10104120	1.0270705483762537
NANOGNBP3	SRR10104121	2.1635494330120255
NANOGNBP3	SRR10104122	1.0894989096112995
NANOGNBP3	SRR10104123	2.164096158739744
NANOGNBP3	SRR10104124	1.1164136874736872
NANOGNBP3	SRR10104125	1.0998082352268765
NANOGNBP3	SRR10104126	1.0394547176893827
NANOGNBP3	SRR10104127	1.1858382433832468
NANOGNBP3	SRR10104128	1.0287766983431799
NANOGNBP3	SRR10104129	1.026295765603751
NANOGNBP3	SRR10104130	2.082293836692154
NANOGNBP3	SRR10104131	3.0339871393624205
NANOGNBP3	SRR10104132	2.014426874273722
NANOGNBP3	SRR10104133	1.1637684274221152
NANOGNBP3	SRR10104134	5.150534594152508
NANOGNBP3	SRR10104135	2.201612160640634
NANOGNBP3	SRR10104136	1.015016246826139
NANOGNBP3	SRR10104137	1.107740379806039
NANOGNBP3	SRR10104138	1.195501466366171
NANOGNBP3	SRR10104139	2.022713417730238
NANOGNBP3	SRR10104140	2.2846126026965154
NANOGNBP3	SRR10104141	1.059516503163875
NANOGNBP3	SRR10104142	1.0513197704930992
NANOGNBP3	SRR10104143	2.0163568006131327
NANOGNBP3	SRR10104144	2.118930342882775
NANOGNBP3	SRR10104145	1.0623428698869635
NANOGNBP3	SRR10104146	6.057729783016825
NANOGNBP3	SRR10104147	1.001709468619657
NANOGNBP3	SRR10104148	1.0516475471177122
NANOGNBP3	SRR10104149	1.0467449900052073
NANOGNBP3	SRR10104150	3.0348812260394635
NANOGNBP3	SRR10104151	1.0076559805417438
NANOGNBP3	SRR10104152	2.0112433500966476
NANOGNBP3	SRR10104153	1.1019297495172091
NANOGNBP3	SRR10104154	1.0305255485236042
NANOGNBP3	SRR10104155	1.0878745919585404
NANOGNBP3	SRR10104156	1.0040587302830086
NANOGNBP3	SRR10104157	1.048915508528946
NANOGNBP3	SRR10104158	1.020515544249276
NANOGNBP3	SRR10104159	2.0252009339409534
NANOGNBP3	SRR10104160	1.1246452493735022
NANOGNBP3	SRR10104161	3.0051787558506367
NANOGNBP3	SRR10104162	4.081351977533363
NANOGNBP3	SRR10104163	1.0300988116116585
NANOGNBP3	SRR10104164	1.0196346259197715
NANOGNBP3	SRR10104165	1.0382728925974472
NANOGNBP3	SRR10104166	1.0407462625761652
NANOGNBP3	SRR10104167	4.090327786413442
NANOGNBP3	SRR10104168	4.114476620423184
NANOGNBP3	SRR10104169	1.0246876051078921
NANOGNBP3	SRR10104170	1.0300621533967607
NANOGNBP3	SRR10104171	2.0479548907673593
NANOGNBP3	SRR10104172	1.0338434316089917
NANOGNBP3	SRR10104173	1.0603886751096372
NANOGNBP3	SRR10104174	2.0676616270902284
NANOGNBP3	SRR10104175	1.0224777066753272
NANOGNBP3	SRR10104176	2.04498234425296
NANOGNBP3	SRR10104177	1.0253301392642815
NANOGNBP3	SRR10104178	3.1152442099582998
NANOGNBP3	SRR10104179	1.0346450273897643
NANOGNBP3	SRR10104180	1.0219501836121274
NANOGNBP3	SRR10104181	1.0267665308530658
NANOGNBP3	SRR10104182	1.035134385886849
NANOGNBP3	SRR10104183	1.0476481310619528
NANOGNBP3	SRR10104184	4.0850940318884295
NANOGNBP3	SRR10104185	2.127213988167174
NANOGNBP3	SRR10104186	3.0988357813177343
NANOGNBP3	SRR10104187	2.1539663578086348
NANOGNBP3	SRR10104188	1.0538655428853925
NANOGNBP3	SRR10104189	6.357337558981208
NANOGNBP3	SRR10104190	1.1456942406975419
NANOGNBP3	SRR10104191	3.4126247558761236
NANOGNBP3	SRR10104192	1.026052966107226
NANOGNBP3	SRR10104193	1.039842399081235
NANOGNBP3	SRR10104194	3.12863971465765
NANOGNBP3	SRR10104195	1.041874169755153
NANOGNBP3	SRR10104196	1.0406484493629597
NANOGNBP3	SRR10104197	1.016827778198725
NANOGNBP3	SRR10104198	1.025845924075245
NANOGNBP3	SRR10104199	1.0822812473676409
NANOGNBP3	SRR10104200	1.0353416618928366
NANOGNBP3	SRR10104201	2.052406801788055
NANOGNBP3	SRR10104202	1.0661565199682426
NANOGNBP3	SRR10104203	1.0226367394548255
NANOGNBP3	SRR10104204	6.188075727648992
NANOGNBP3	SRR10104205	1.0268650017331544
NANOGNBP3	SRR10104206	5.143830406385328
NANOGNBP3	SRR10104207	1.0327220098173928
NANOGNBP3	SRR10104208	1.0176351169212208
NANOGNBP3	SRR10104209	1.0231628517195777
NANOGNBP3	SRR10104210	2.052609867445913
NANOGNBP3	SRR10104211	1.0187630485926629
NANOGNBP3	SRR10104212	2.0375086252632544
NANOGNBP3	SRR10104213	3.176764510112982
NANOGNBP3	SRR10104214	1.0299744390521086
NANOGNBP3	SRR10104215	5.053570201299479
NANOGNBP3	SRR10104216	1.060640170595656
NANOGNBP3	SRR10104217	1.02491390827642
NANOGNBP3	SRR10104218	1.0636360366675373
NANOGNBP3	SRR10104219	1.0633498186525099
NANOGNBP3	SRR10104220	1.03511691930575
NANOGNBP3	SRR10104221	1.0872363603035893
NANOGNBP3	SRR10104222	1.0381384685659298
NANOGNBP3	SRR10104223	1.1766327257469633
NANOGNBP3	SRR10104224	1.0253851067334427
NANOGNBP3	SRR10104225	8.251332042898973
NANOGNBP3	SRR10104226	9.35000420465352
NANOGNBP3	SRR10104227	1.074938615735897
NANOGNBP3	SRR10104228	1.1189120562490085
NANOGNBP3	SRR10104229	1.0371677751979662
NANOGNBP3	SRR10104230	1.101165214661461
NANOGNBP3	SRR10104231	1.0760855121352966
NANOGNBP3	SRR10104232	1.0597726421651714
NANOGNBP3	SRR10104233	1.0718133708527031
NANOGNBP3	SRR10104234	8.186870844886942
NANOGNBP3	SRR10104235	6.261620886634764
NANOGNBP3	SRR10104236	13.121002396062314
NANOGNBP3	SRR10104237	1.0184909964241078
NANOGNBP3	SRR10104238	1.0703034082552154
NANOGNBP3	SRR10104239	1.0611784078973197
NANOGNBP3	SRR10104240	5.361906024342832
NANOGNBP3	SRR10104241	1.0400598513679928
NANOGNBP3	SRR10104242	1.063845639897752
NANOGNBP3	SRR10104243	4.26922742458396
NANOGNBP3	SRR10104244	1.039511551636178
NANOGNBP3	SRR10104245	1.040779809770632
NANOGNBP3	SRR10104246	1.1058002069903252
NANOGNBP3	SRR10104247	1.0564288046419525
NANOGNBP3	SRR10104248	1.0740857704182307
NANOGNBP3	SRR10104249	1.0271816644146015
NANOGNBP3	SRR10104250	1.153013547676236
NANOGNBP3	SRR10104251	1.0466047478518792
NANOGNBP3	SRR10104252	1.1796947867396619
NANOGNBP3	SRR10104253	1.0961853754741664
NANOGNBP3	SRR10104254	2.0744282261282274
NANOGNBP3	SRR10104255	1.0309957549391915
NANOGNBP3	SRR10104256	1.0293845436631004
NANOGNBP3	SRR10104257	1.037517112746005
NANOGNBP3	SRR10104258	1.0307926732391595
NANOGNBP3	SRR10224277	1.0244173062905177
NANOGNBP3	SRR10224278	1.0926635070500108
NANOGNBP3	SRR10224279	1.089250843220296
NANOGNBP3	SRR10224280	1.0227917534671278
NANOGNBP3	SRR10224281	1.0161102598101706
NANOGNBP3	SRR10224282	1.0501757282099426
NANOGNBP3	SRR10224283	1.042245924204279
NANOGNBP3	SRR10224284	1.1092008744415571
NANOGNBP3	SRR10224285	1.1279661106950958
NANOGNBP3	SRR10224286	1.0254224279077875
NANOGNBP3	SRR10224287	7.236623873217956
NANOGNBP3	SRR10224288	1.0962707234129587
NANOGNBP3	SRR10224289	1.0935047184878017
NANOGNBP3	SRR10224290	1.095529172881304
NANOGNBP3	SRR10224291	5.156056749949351
NANOGNBP3	SRR10224292	3.0355745715983935
NANOGNBP3	SRR10224293	1.0306192603558113
NANOGNBP3	SRR10224294	1.0580047935764523
NANOGNBP3	SRR10224295	1.0860783600082067
NANOGNBP3	SRR10224296	1.0547229540206002
NANOGNBP3	SRR10224297	1.1274808217665389
NANOGNBP3	SRR10224298	1.0332224020270313
NANOGNBP3	SRR10318388	1.007335826080517
NANOGNBP3	SRR10318389	2.009406825142395
NANOGNBP3	SRR10318390	1.0123022113887696
NANOGNBP3	SRR10318391	2.023703328326166
NANOGNBP3	SRR10318392	1.0138553266422912
NANOGNBP3	SRR10318393	2.0056167365879425
NANOGNBP3	SRR10318394	2.026355867443473
NANOGNBP3	SRR10318395	2.008833812614677
NANOGNBP3	SRR10318396	2.0158985823481257
NANOGNBP3	SRR10318397	3.0174584987481294
NANOGNBP3	SRR10318398	3.0102744046336003
NANOGNBP3	SRR10318399	1.0501074458020174
NANOGNBP3	SRR10318400	1.0147756454841836
NANOGNBP3	SRR10318401	3.010816136450992
NANOGNBP3	SRR10318402	3.0126261460980346
NANOGNBP3	SRR10318403	3.0144275224633863
NANOGNBP3	SRR10318404	1.0017262519502124
NANOGNBP3	SRR10318405	1.0024033193392368
NANOGNBP3	SRR10318406	1.0045332833268676
NANOGNBP3	SRR10318407	2.0196249416809113
NANOGNBP3	SRR10318408	1.0030026986051792
NANOGNBP3	SRR10318409	2.006305051878886
NANOGNBP3	SRR10318410	1.0040554922457436
NANOGNBP3	SRR10318411	1.0036365750295506
NANOGNBP3	SRR10318412	1.0048260094196193
NANOGNBP3	SRR10318413	2.0076333638644592
NANOGNBP3	SRR10318414	1.0058946208297335
NANOGNBP3	SRR10318415	5.03239030290388
NANOGNBP3	SRR10318416	2.019803107551712
NANOGNBP3	SRR10318417	1.0071565815090566
NANOGNBP3	SRR10318418	3.0112412663683554
NANOGNBP3	SRR10318419	1.0039837461421828
NANOGNBP3	SRR10318420	1.0018010674864533
NANOGNBP3	SRR10318421	1.0047436199473785
NANOGNBP3	SRR10318422	1.002086827591817
NANOGNBP3	SRR10318423	1.0014712162978496
NANOGNBP3	SRR10318424	1.002086827591817
NANOGNBP3	SRR10318425	1.0064830045107445
NANOGNBP3	SRR10318426	1.0953414278907072
NANOGNBP3	SRR10318427	1.108018223770156
NANOGNBP3	SRR10318428	2.002636821735583
NANOGNBP3	SRR10318429	2.0079674922843656
NANOGNBP3	SRR10318430	1.0085997241808262
NANOGNBP3	SRR10318431	1.0051501237216312
NANOGNBP3	SRR10318432	3.0050365191157726
NANOGNBP3	SRR10318433	1.2750020383966563
NANOGNBP3	SRR10318434	1.0030469387273355
NANOGNBP3	SRR10318435	1.00593898850787
NANOGNBP3	SRR10318436	2.0054669550629356
NANOGNBP3	SRR10318437	2.001440076213531
NANOGNBP3	SRR10318438	1.0012604069024411
NANOGNBP3	SRR10318439	2.0082005748566556
NANOGNBP3	SRR10318440	1.0157338737818744
NANOGNBP3	SRR10318441	5.013804524159326
NANOGNBP3	SRR10318442	1.0286330408058433
NANOGNBP3	SRR10318443	1.0022777857742395
NANOGNBP3	SRR10318444	1.0084894405469222
NANOGNBP3	SRR10318445	1.012049840442984
NANOGNBP3	SRR10318446	2.0078996199831276
NANOGNBP3	SRR10318447	1.0104267982146213
NANOGNBP3	SRR10318448	2.0138248157103735
NANOGNBP3	SRR10318449	2.004173655183634
NANOGNBP3	SRR10318450	2.0103754016643216
NANOGNBP3	SRR10318451	2
NANOGNBP3	SRR10318452	2.01251339378703
NANOGNBP3	SRR10318453	2.039608047848437
NANOGNBP3	SRR10318454	1.0047509679775968
NANOGNBP3	SRR10318455	1.0060173630328704
NANOGNBP3	SRR10318456	3.0196817768340116
NANOGNBP3	SRR10318457	1.001546012786343
NANOGNBP3	SRR10318458	1.0126930617379193
NANOGNBP3	SRR10318459	3.0193374712366827
NANOGNBP3	SRR10318460	2.0079332617166834
NANOGNBP3	SRR10318461	1.0035136149744603
NANOGNBP3	SRR10318462	4.026666197440092
NANOGNBP3	SRR10318463	1.0030944157282213
NANOGNBP3	SRR10318464	3.0185863701321796
NANOGNBP3	SRR10318465	1.0009001286274537
NANOGNBP3	SRR10318466	2.018740818922149
NANOGNBP3	SRR10318467	4.02024380318637
NANOGNBP3	SRR10318468	1.0097343121328235
NANOGNBP3	SRR10318469	1.0035136149744603
NANOGNBP3	SRR10318470	1
NANOGNBP3	SRR10318471	1
NANOGNBP3	SRR10318472	3.0132002336893855
NANOGNBP3	SRR10318473	4.015499335940071
NANOGNBP3	SRR10318474	2.008356020066065
NANOGNBP3	SRR10318475	2.0079946594557145
NANOGNBP3	SRR10318476	1.0035749859475067
NANOGNBP3	SRR10318495	2.0021605031148026
NANOGNBP3	SRR10318496	1.0088054482891373
NANOGNBP3	SRR10318497	1.0054703162308267
NANOGNBP3	SRR10318498	1.0009001286274537
NANOGNBP3	SRR10318499	1.0010054898524368
NANOGNBP3	SRR10318500	1.005730776723367
NANOGNBP3	SRR10318501	3.014478028258858
NANOGNBP3	SRR10318502	2.0010799599790126
NANOGNBP3	SRR10318503	2.0036021349729065
NANOGNBP3	SRR10318504	3.019814967991788
NANOGNBP3	SRR10318505	1.0005399799895063
NANOGNBP3	SRR10318506	1.0119197753671667
NANOGNBP3	SRR10318507	1.0119742595178156
NANOGNBP3	SRR10318508	1.0309684455084223
NANOGNBP3	SRR10318509	3.0205307810234756
NANOGNBP3	SRR10318510	2.015855975017434
NANOGNBP3	SRR10318511	2.0025208138048822
NANOGNBP3	SRR10318512	1.00761712043278
NANOGNBP3	SRR10318513	2.006611222526457
NANOGNBP3	SRR10318514	1.0045976621199102
NANOGNBP3	SRR10318515	3.035791826375897
NANOGNBP3	SRR10318516	3.017776135957548
NANOGNBP3	SRR10318517	1.0026279344264644
NANOGNBP3	SRR10318518	2.0143462618493038
NANOGNBP3	SRR10318519	1.0047192251993753
NANOGNBP3	SRR10318520	1.0019813525502068
NANOGNBP3	SRR10318521	1.00361925131193
NANOGNBP3	SRR10318522	1.0013658060526471
NANOGNBP3	SRR10318523	3.006801492243685
NANOGNBP3	SRR10318524	1.0076746226166553
NANOGNBP3	SRR10318525	1.0061984068651417
NANOGNBP3	SRR10318526	1.0065161971835763
NANOGNBP3	SRR10318527	3.0010798628095343
NANOGNBP3	SRR10318528	1.0025362599557612
NANOGNBP3	SRR10318529	1.0022671640812284
NANOGNBP3	SRR10318530	1.0067403310744534
NANOGNBP3	SRR10318531	1.0089179773327999
NANOGNBP3	SRR10318532	3.024761093195654
NANOGNBP3	SRR10318533	2.0463814324894507
NANOGNBP3	SRR10318534	1.0175665606361486
NANOGNBP3	SRR10318535	1.0154976077084612
NANOGNBP3	SRR10318536	1.0040554922457436
NANOGNBP3	SRR10318537	2.0216830064333906
NANOGNBP3	SRR10318538	3.005495100414848
NANOGNBP3	SRR10318539	1.0072166853583673
NANOGNBP3	SRR10318540	1.0054502276354615
NANOGNBP3	SRR10318541	4.028361956948495
NANOGNBP3	SRR10318542	1.0080340885316075
NANOGNBP3	SRR10318543	2.020015725098208
NANOGNBP3	SRR10318544	2.0049563708866893
NANOGNBP3	SRR10318545	1.0086306245764651
NANOGNBP3	SRR10318546	2.0028811893368133
NANOGNBP3	SRR10318547	2.0079060953760157
NANOGNBP3	SRR10318548	1.0048398987869123
NANOGNBP3	SRR10318549	1.0068752498555544
NANOGNBP3	SRR10318568	4.012610103757772
NANOGNBP3	SRR10318569	1.000825380374255
NANOGNBP3	SRR10318570	3.031906787762416
NANOGNBP3	SRR10318571	2.00165076074851
NANOGNBP3	SRR10318572	4.019003871910387
NANOGNBP3	SRR10318573	1.0014712162978496
NANOGNBP3	SRR10318574	1.0024307376089714
NANOGNBP3	SRR10318575	1.0046970709565088
NANOGNBP3	SRR10318576	4.01722832014637
NANOGNBP3	SRR10318577	2.005794254326413
NANOGNBP3	SRR10318578	2.0018002572549074
NANOGNBP3	SRR10318579	1.003152525939443
NANOGNBP3	SRR10318580	2.0027316121052943
NANOGNBP3	SRR10318581	1
NANOGNBP3	SRR10875803	0.8111500939089954
NANOGNBP3	SRR10875804	1.6580996061423157
NANOGNBP3	SRR10875805	2.0776268754371006
NANOGNBP3	SRR10875806	1.7262824469655849
NANOGNBP3	SRR10875807	0.9606906001395203
NANOGNBP3	SRR10875808	1.8178669615558274
NANOGNBP3	SRR10875809	1.2645219145261386
NANOGNBP3	SRR10875810	4.518231954208885
NANOGNBP3	SRR10875812	2
NANOGNBP3	SRR10875813	2.428859150795199
NANOGNBP3	SRR10875814	2.0079946594557145
NANOGNBP3	SRR10875815	1
NANOGNBP3	SRR10875816	2
NANOGNBP3	SRR10875817	2.3016925350685997
NANOGNBP3	SRR10875818	0.7224371096255142
NANOGNBP3	SRR10875819	2
NANOGNBP3	SRR10875820	0.6201780358882866
NANOGNBP3	SRR10875821	0.9476438352519748
NANOGNBP3	SRR10875822	0.5100597658220043
NANOGNBP3	SRR10875823	2
NANOGNBP3	SRR10875824	0.6032339772747456
NANOGNBP3	SRR10875825	1.0017568823143634
NANOGNBP3	SRR10875826	0.8418328143680529
NANOGNBP3	SRR10875827	1.9130945881280104
NANOGNBP3	SRR10875829	2.252979228898333
NANOGNBP3	SRR10875830	1
NANOGNBP3	SRR10875831	1.0035717494702923
NANOGNBP3	SRR10875832	1
NANOGNBP3	SRR10875834	1.0033362899203648
NANOGNBP3	SRR10875835	1
NANOGNBP3	SRR10875836	1.8750348534628665
NANOGNBP3	SRR10875837	1.6054067879693428
NANOGNBP3	SRR10875838	1
NANOGNBP3	SRR10875839	0.7386586543325293
NANOGNBP3	SRR10875840	4.061257665518081
NANOGNBP3	SRR10875841	2.0076333638644592
NANOGNBP3	SRR10875842	2.0792424329779395
NANOGNBP3	SRR10875843	1.1025933935453776
NANOGNBP3	SRR10875844	2.3996342662019745
NANOGNBP3	SRR10875845	1.8009546751183771
NANOGNBP3	SRR10875846	1.6016694330680534
NANOGNBP3	SRR10875847	3.5126188258594913
NANOGNBP3	SRR10875848	2
NANOGNBP3	SRR10875849	0.9610581557698323
NANOGNBP3	SRR10875850	3.0005398828258563
NANOGNBP3	SRR10875851	1.7424897987177839
NANOGNBP3	SRR10875852	0.806845693372095
NANOGNBP3	SRR10875853	1.002192313736413
NANOGNBP3	SRR10875854	0.8385638626920141
NANOGNBP3	SRR10875855	2.1866055225481276
NANOGNBP3	SRR10875856	5.387845116632375
NANOGNBP3	SRR10875857	1.7358515615751895
NANOGNBP3	SRR10875858	2.7920968340567005
NANOGNBP3	SRR10875859	2
NANOGNBP3	SRR10875860	1.9578200098380785
NANOGNBP3	SRR10875861	1.1801712587811106
NANOGNBP3	SRR10875862	0.5796811780923556
NANOGNBP3	SRR10875863	1.0054141363639215
NANOGNBP3	SRR10875864	1
NANOGNBP3	SRR10875865	1.6857516502936845
NANOGNBP3	SRR10875866	2.221825679432781
NANOGNBP3	SRR10875867	1.9158804606407667
NANOGNBP3	SRR10875868	0.6140196790576461
NANOGNBP3	SRR10875869	3
NANOGNBP3	SRR10875870	1.3481838643927584
NANOGNBP3	SRR10875871	1.000179960941952
NANOGNBP3	SRR10875872	0.583061422294388
NANOGNBP3	SRR10875873	2.4102402089617754
NANOGNBP3	SRR10875874	1.1679221714345243
NANOGNBP3	SRR10875875	2.9566064260531313
NANOGNBP3	SRR10875876	3
NANOGNBP3	SRR10875877	1.610755260501707
NANOGNBP3	SRR10875878	1.0079184714668268
NANOGNBP3	SRR10875879	1
NANOGNBP3	SRR10875880	2.0079946594557145
NANOGNBP3	SRR10875881	2.3317175735079756
NANOGNBP3	SRR10875882	1
NANOGNBP3	SRR10875883	1.0064377837965335
NANOGNBP3	SRR10875884	0.9714906666798725
NANOGNBP3	SRR10875885	2.003663400276565
NANOGNBP3	SRR10875886	1.0075249897799072
NANOGNBP3	SRR10875887	1
NANOGNBP3	SRR10875888	1.0282214633828897
NANOGNBP3	SRR10875889	2.0044648412411084
NANOGNBP3	SRR10875890	1.002192313736413
NANOGNBP3	SRR10875891	1
NANOGNBP3	SRR10875892	0.99319450088856
NANOGNBP3	SRR10875893	1
NANOGNBP3	SRR10875894	1.5555177923128831
NANOGNBP3	SRR10875895	3
NANOGNBP3	SRR10875896	1.0100794629576413
NANOGNBP3	SRR10875897	1.002553057138948
NANOGNBP3	SRR10875898	0.9457998595863732
NANOGNBP3	SRR10875899	2.6882275811865712
NANOGNBP3	SRR10875900	1.003735535910961
NANOGNBP3	SRR10875901	2.004384627472826
NANOGNBP3	SRR10875902	1.0046103866254328
NANOGNBP3	SRR12430469	2
NANOGNBP3	SRR12430470	0.8481658221594904
NANOGNBP3	SRR12430471	1.940009746587262
NANOGNBP3	SRR12430472	3.8411361058969336
NANOGNBP3	SRR12430473	5
NANOGNBP3	SRR12430474	1.3557728621923106
NANOGNBP3	SRR12430475	0.6500601847372958
NANOGNBP3	SRR12430476	1
NANOGNBP3	SRR12765534	1
NANOGNBP3	SRR12765535	1.0026279344264644
NANOGNBP3	SRR12765536	1.0046411051794415
NANOGNBP3	SRR12765537	1.0041780100330324
NANOGNBP3	SRR12765538	1.0342071735617993
NANOGNBP3	SRR12765539	1.031033395135802
NANOGNBP3	SRR12765540	1.0031250879275095
NANOGNBP3	SRR12765541	2.0189695810739763
NANOGNBP3	SRR12765542	1
NANOGNBP3	SRR12765543	1.0162479978865846
NANOGNBP3	SRR12765544	1.01152473160965
NANOGNBP3	SRR12765545	2.018562283333328
NANOGNBP3	SRR12765546	2.0603467307631678
NANOGNBP3	SRR12765547	1.0080459370173969
NANOGNBP3	SRR12765548	1.0204417187083
NANOGNBP3	SRR12765549	2.01521747359897
NANOGNBP3	SRR12765550	1.040062834884988
NANOGNBP3	SRR12765551	1.0135684904494011
NANOGNBP3	SRR12765552	2.0828544723219533
NANOGNBP3	SRR12765553	1.0443243125938797
NANOGNBP3	SRR12765554	1.031834253706366
NANOGNBP3	SRR12765555	1.0207139403659764
NANOGNBP3	SRR12765556	1.015364236413795
NANOGNBP3	SRR12765557	1.0104876136718064
NANOGNBP3	SRR12765558	1.0514952401037005
NANOGNBP3	SRR12765559	2.0038130471001825
NANOGNBP3	SRR12765560	2.0379094979677905
NANOGNBP3	SRR12765561	3.0085170952398634
NANOGNBP3	SRR12765562	1.015483444252062
NANOGNBP3	SRR12765563	2.014590011306358
NANOGNBP3	SRR12765564	1.002086827591817
NANOGNBP3	SRR12765565	1.0042530086827692
NANOGNBP3	SRR12765566	2.0141934992332144
NANOGNBP3	SRR12765567	1.0132187770818522
NANOGNBP3	SRR12765568	4.041116146807452
NANOGNBP3	SRR12765569	1.0114801175682104
NANOGNBP3	SRR12765570	1.0071209247328885
NANOGNBP3	SRR12765571	1.0111765551056255
NANOGNBP3	SRR12765572	2.01316801794995
NANOGNBP3	SRR12765573	1.0342120344840695
NANOGNBP3	SRR12765574	1.0069401334995287
NANOGNBP3	SRR12765575	1.0239395312536899
NANOGNBP3	SRR12765576	1.0248346620898081
NANOGNBP3	SRR12765577	1.0456385621694768
NANOGNBP3	SRR12765578	1.0151006524935662
NANOGNBP3	SRR12765579	1.0083832915957769
NANOGNBP3	SRR12765580	1.0113445817462805
NANOGNBP3	SRR12765581	1.015899942750325
NANOGNBP3	SRR12765582	1.0010054898524368
NANOGNBP3	SRR12765583	6.052465060783039
NANOGNBP3	SRR12765584	1.0124182712247378
NANOGNBP3	SRR12765585	1.0109960581005948
NANOGNBP3	SRR12765586	1.005276670296832
NANOGNBP3	SRR12765587	1.011720751030811
NANOGNBP3	SRR12765588	3.020852880063385
NANOGNBP3	SRR12765589	1.0181159328867537
NANOGNBP3	SRR12765590	1.029304711338354
NANOGNBP3	SRR12765591	1.0277391727573009
NANOGNBP3	SRR12765592	1.0165332338111508
NANOGNBP3	SRR12765593	2.0167196660822824
NANOGNBP3	SRR12765594	1.0232318310975639
NANOGNBP3	SRR12765595	1.011717488283927
NANOGNBP3	SRR12765596	1.0044103046586363
NANOGNBP3	SRR12765597	1.0080810177332105
NANOGNBP3	SRR12765598	1.0071752143448685
NANOGNBP3	SRR12765599	3.0091912334003585
NANOGNBP3	SRR12765600	1.0429920540407125
NANOGNBP3	SRR12765601	1.0217876140571718
NANOGNBP3	SRR12765602	2.017322812400891
NANOGNBP3	SRR12765603	1.0098244476189677
NANOGNBP3	SRR12765604	1.0081376323189926
NANOGNBP3	SRR12765605	4.030701970594305
NANOGNBP3	SRR12765606	1.0132711750064347
NANOGNBP3	SRR12765607	1.008593218827847
NANOGNBP3	SRR12765608	2.0177131503721406
NANOGNBP3	SRR12765609	1.0048050661427248
NANOGNBP3	SRR12765610	2.0175139076471433
NANOGNBP3	SRR12765611	2.0110169486422045
NANOGNBP3	SRR12765612	2.0090789363908557
NANOGNBP3	SRR12765613	1.00593898850787
NANOGNBP3	SRR12765614	2.0093518642794934
NANOGNBP3	SRR12765615	2.018317365233558
NANOGNBP3	SRR12765616	1.0061232629310637
NANOGNBP3	SRR12765617	1.0084894405469222
NANOGNBP3	SRR12765618	1.0231825824178566
NANOGNBP3	SRR12765619	2.0435260208840873
NANOGNBP3	SRR12765620	1.0080003107853246
NANOGNBP3	SRR12765621	1.0025837127848007
NANOGNBP3	SRR12765622	1.0218357740976558
NANOGNBP3	SRR12765623	1
NANOGNBP3	SRR12765624	2.007925052582433
NANOGNBP3	SRR12765625	1.0082543784817941
NANOGNBP3	SRR12765626	2.0099061677692234
NANOGNBP3	SRR12765627	2.0010799599790126
NANOGNBP3	SRR12765628	1.0416041512779368
NANOGNBP3	SRR12765629	1.032192677516494
NANOGNBP3	SRR12765630	1.0017568823143634
NANOGNBP3	SRR12765631	1.0059866023975144
NANOGNBP3	SRR12765632	1.0065683082237227
NANOGNBP3	SRR12765633	1.0193139826231485
NANOGNBP3	SRR12765634	2.010881469973157
NANOGNBP3	SRR12765635	1.0231147071349238
NANOGNBP3	SRR12765636	1.0122042835346428
NANOGNBP3	SRR12765637	2.0708067334307665
NANOGNBP3	SRR12765638	1
NANOGNBP3	SRR12765639	1.0309424981168878
NANOGNBP3	SRR12765640	2.01006865667472
NANOGNBP3	SRR12765641	2.0375963944892197
NANOGNBP3	SRR12765642	1.002447533024164
NANOGNBP3	SRR12765643	3.041935135136748
NANOGNBP3	SRR12765644	2.0071499718950134
NANOGNBP3	SRR12765645	1.0285351424147229
NANOGNBP3	SRR12765646	1.0068169239958968
NANOGNBP3	SRR12765647	2.0580228600909525
NANOGNBP3	SRR12765648	1.011871601394981
NANOGNBP3	SRR12765649	1.0494646804633012
NANOGNBP3	SRR12765650	2.036054878812187
NANOGNBP3	SRR12765651	1.028219710920449
NANOGNBP3	SRR12765652	1.010584658765189
NANOGNBP3	SRR12774664	2.0106083343199863
NANOGNBP3	SRR12774665	2.026810520085851
NANOGNBP3	SRR12774666	2.0213109840567007
NANOGNBP3	SRR12774667	2.029854462894126
NANOGNBP3	SRR12774668	1.0531044481489285
NANOGNBP3	SRR12774669	2.0368248147980488
NANOGNBP3	SRR12774670	1.0489095745502544
NANOGNBP3	SRR12774671	2.096684712460503
NANOGNBP3	SRR12774672	1.006184793499986
NANOGNBP3	SRR12774673	1.0142142606674132
NANOGNBP3	SRR12774674	2.0484407367309823
NANOGNBP3	SRR12774675	1.0343842942005177
NANOGNBP3	SRR12774676	1.0065437279509373
NANOGNBP3	SRR12774677	1.010883125191728
NANOGNBP3	SRR12774678	1.043754043143823
NANOGNBP3	SRR12774679	1.0232632446385574
NANOGNBP3	SRR12774680	1.0140488490623458
NANOGNBP3	SRR12774681	1.008705895915066
NANOGNBP3	SRR12774682	1.010589221555441
NANOGNBP3	SRR12774683	1.007131661704458
NANOGNBP3	SRR12774684	2.010572322793468
NANOGNBP3	SRR12774685	3.022104921198412
NANOGNBP3	SRR12774686	1.0179757410447914
NANOGNBP3	SRR12774687	2.058618277278822
NANOGNBP3	SRR1609360	1.0493034237080798
NANOGNBP3	SRR1609361	1.025908504185614
NANOGNBP3	SRR1609362	3.204296562666649
NANOGNBP3	SRR1609363	1.0073745093898177
NANOGNBP3	SRR1609364	1.0085688845855312
NANOGNBP3	SRR1609365	1.0143165793620785
NANOGNBP3	SRR1609366	2.0113722471890014
NANOGNBP3	SRR1609367	1.0026726659196274
NANOGNBP3	SRR1609368	3.0166682034999384
NANOGNBP3	SRR1609369	3.002700385882361
NANOGNBP3	SRR1609370	2.004173655183634
NANOGNBP3	SRR1609371	1.0301143575969267
NANOGNBP3	SRR1609372	1.0007200381067656
NANOGNBP3	SRR1609373	1.007497432173284
NANOGNBP3	SRR1609374	2.0052558688529287
NANOGNBP3	SRR1609375	2.013051399972401
NANOGNBP3	SRR1609376	1.016088421058133
NANOGNBP3	SRR1609377	1.005286161396734
NANOGNBP3	SRR1609378	1.017406841761654
NANOGNBP3	SRR1609379	1.0018010674864533
NANOGNBP3	SRR1609380	1.0158653061982168
NANOGNBP3	SRR1609381	2.001440076213531
NANOGNBP3	SRR1609382	1.01426559739414
NANOGNBP3	SRR1609383	1.0104290785566081
NANOGNBP3	SRR1609384	1.0096415363823084
NANOGNBP3	SRR1609385	2.0146728341175435
NANOGNBP3	SRR1609386	1.006604989330596
NANOGNBP3	SRR1609387	1.0073913876363687
NANOGNBP3	SRR1609388	1.012676094664956
NANOGNBP3	SRR1609389	3.0075672072913266
NANOGNBP3	SRR1609390	2.025648201367603
NANOGNBP3	SRR1609391	1.0636252817179657
NANOGNBP3	SRR1609392	1.0154386556086927
NANOGNBP3	SRR1609393	2.08956202335916
NANOGNBP3	SRR1609394	1.0276985045907725
NANOGNBP3	SRR1609395	1.0054817166017682
NANOGNBP3	SRR1609396	3.003240754672204
NANOGNBP3	SRR1609397	1.0145310136075893
NANOGNBP3	SRR1609398	1.0046103866254328
NANOGNBP3	SRR1609399	1.0038093407347115
NANOGNBP3	SRR1609400	1.002192313736413
NANOGNBP3	SRR1609401	2.0213192479175497
NANOGNBP3	SRR1609402	2.008928896305199
NANOGNBP3	SRR1609403	1.0031693334479748
NANOGNBP3	SRR1609404	1.0119457665502067
NANOGNBP3	SRR1609405	1.0066008739769374
NANOGNBP3	SRR1609406	2.007872882937283
NANOGNBP3	SRR1609407	1.0022978109851632
NANOGNBP3	SRR1609408	1.0077848171459254
NANOGNBP3	SRR1609409	1.0185880328867178
NANOGNBP3	SRR1609410	1
NANOGNBP3	SRR1609411	1.0525644977244093
NANOGNBP3	SRR1609412	3
NANOGNBP3	SRR1609413	2.88129864032189
NANOGNBP3	SRR1609414	1.001620814861132
NANOGNBP3	SRR1609415	1.000179960941952
NANOGNBP3	SRR1609416	1.0026279344264644
NANOGNBP3	SRR1609417	1.0067109510861363
NANOGNBP3	SRR1609418	1.0014405946684066
NANOGNBP3	SRR1609419	3.0146227472897786
NANOGNBP3	SRR1609420	1.004672692112038
NANOGNBP3	SRR1609421	1.0064410295165898
NANOGNBP3	SRR1609422	3.0494631376701395
NANOGNBP3	SRR1609423	1.0538854443534305
NANOGNBP3	SRR1609424	1.0787454114562254
NANOGNBP3	SRR1609425	2.003241629722264
NANOGNBP3	SRR1609426	1.0047202460643523
NANOGNBP3	SRR1609427	3.0154300988703575
NANOGNBP3	SRR1609428	1.0086302692225169
NANOGNBP3	SRR1609429	1.0012604069024411
NANOGNBP3	SRR1609430	1.0040989118595525
NANOGNBP3	SRR1609431	1.0073246414522423
NANOGNBP3	SRR1609432	2.003003677727256
NANOGNBP3	SRR1609433	1.0082248728722447
NANOGNBP3	SRR1609434	3.0450099833195954
NANOGNBP3	SRR1609435	2.008956665044309
NANOGNBP3	SRR1609436	2.0064803102985427
NANOGNBP3	SRR1609437	1.0214548244785666
NANOGNBP3	SRR1609438	1.032283347644643
NANOGNBP3	SRR1609439	1.0147013578735862
NANOGNBP3	SRR1609440	1.0025224024304422
NANOGNBP3	SRR1609441	2.004534328162457
NANOGNBP3	SRR1609442	2.0144055262760356
NANOGNBP3	SRR1609443	1.0086306245764651
NANOGNBP3	SRR1609444	1.0005399799895063
NANOGNBP3	SRR1609445	1.0035077604181182
NANOGNBP3	SRR1609446	1.0110032156633706
NANOGNBP3	SRR1609447	1.2338363336906928
NANOGNBP3	SRR1609448	1.0088227698794638
NANOGNBP3	SRR1609449	1.0024781854433447
NANOGNBP3	SRR1609450	1.002042629816068
NANOGNBP3	SRR1609451	1.0128607888336665
NANOGNBP3	SRR1609452	1.2632705659263332
NANOGNBP3	SRR1609453	2.003663400276565
NANOGNBP3	SRR1609454	1.0160098618742288
NANOGNBP3	SRR1609455	1.2516237980743048
NANOGNBP3	SRR1609456	1.0048325501063176
NANOGNBP3	SRR1609457	1.0065683082237227
NANOGNBP3	SRR1609458	1.240500376538707
NANOGNBP3	SRR1609459	1.003891653595596
NANOGNBP3	SRR1609460	3.0289246091469253
NANOGNBP3	SRR1609461	1.0016820700779165
NANOGNBP3	SRR1609462	2.007388416459746
NANOGNBP3	SRR1609463	3.0193036142608336
NANOGNBP3	SRR1609464	1.0111087674076973
NANOGNBP3	SRR1609465	1.0119474539360775
NANOGNBP3	SRR1609466	1.1215996409238542
NANOGNBP3	SRR1609467	1.0119457665502067
NANOGNBP3	SRR1609468	3.0049965042672335
NANOGNBP3	SRR1609469	2.000359921883904
NANOGNBP3	SRR1609470	1.0048260094196193
NANOGNBP3	SRR1609471	1.002106396941657
NANOGNBP3	SRR1609472	1.0870773664114952
NANOGNBP3	SRR1609473	1.057486599398644
NANOGNBP3	SRR1609474	1.002553057138948
NANOGNBP3	SRR1609475	2.0435375583508177
NANOGNBP3	SRR1609476	0.9533092125603889
NANOGNBP3	SRR1609477	3.0169311791096467
NANOGNBP3	SRR1609478	2.045996365882715
NANOGNBP3	SRR1609479	1.0103886436623135
NANOGNBP3	SRR1609480	1
NANOGNBP3	SRR1609481	1.0104258199753007
NANOGNBP3	SRR1609482	1.0036360666403
NANOGNBP3	SRR1609483	3.0135679131932984
NANOGNBP3	SRR1609484	4.031603717714935
NANOGNBP3	SRR1609485	1.0009001286274537
NANOGNBP3	SRR1609486	1.0032442567630784
NANOGNBP3	SRR1609487	3.011674960786788
NANOGNBP3	SRR1609488	1.0014405946684066
NANOGNBP3	SRR1609489	3.0065769412092394
NANOGNBP3	SRR1609490	1.0163926080188865
NANOGNBP3	SRR1609491	1.0035263257491491
NANOGNBP3	SRR1609492	4
NANOGNBP3	SRR1609493	2.008939649885871
NANOGNBP3	SRR1609494	1.005934875877056
NANOGNBP3	SRR1609495	1.0022324206205542
NANOGNBP3	SRR1609496	1.000825380374255
NANOGNBP3	SRR1609497	2.0018002572549074
NANOGNBP3	SRR1609498	1.0003599542698447
NANOGNBP3	SRR1609499	3.0062923421210472
NANOGNBP3	SRR1609500	1.0017262519502124
NANOGNBP3	SRR1609501	2.002567400591048
NANOGNBP3	SRR1609502	1.012926575887802
NANOGNBP3	SRR1609503	1.2571824597395216
NANOGNBP3	SRR1609504	2
NANOGNBP3	SRR1609505	2
NANOGNBP3	SRR1609506	1.0196933955833136
NANOGNBP3	SRR1609507	1.006044880155854
NANOGNBP3	SRR1609508	1.0005399799895063
NANOGNBP3	SRR1609509	1.0063277365563505
NANOGNBP3	SRR1609510	2.011207327196513
NANOGNBP3	SRR1609511	1.036975445845237
NANOGNBP3	SRR1609512	2.006611222526457
NANOGNBP3	SRR1609513	2.0064013705516772
NANOGNBP3	SRR1609514	1.0495788046288395
NANOGNBP3	SRR1609515	2.0039627051004136
NANOGNBP3	SRR1609516	1.0041780100330324
NANOGNBP3	SRR1609517	1.022496948951921
NANOGNBP3	SRR1609518	1.001620814861132
NANOGNBP3	SRR1609519	3.0050365191157726
NANOGNBP3	SRR1609520	2.1579004888786444
NANOGNBP3	SRR1609521	1.001616719884524
NANOGNBP3	SRR1609522	1.0240545069445746
NANOGNBP3	SRR1609523	1.0047341339697147
NANOGNBP3	SRR1609524	1.016716170089433
NANOGNBP3	SRR1609525	1.0055187761067101
NANOGNBP3	SRR1609526	1.0203729733474096
NANOGNBP3	SRR1609527	3
NANOGNBP3	SRR1609528	1.0086549004496244
NANOGNBP3	SRR1609529	1.0253301392642815
NANOGNBP3	SRR1609530	1.0047952852118593
NANOGNBP3	SRR1609531	2.007588014702848
NANOGNBP3	SRR1609532	1.0072060113251007
NANOGNBP3	SRR1609533	2.0764532679809
NANOGNBP3	SRR1609534	3.0038730690665356
NANOGNBP3	SRR1609535	1.0442329013337999
NANOGNBP3	SRR1609536	1.0107618801660179
NANOGNBP3	SRR1609537	3.011529816411298
NANOGNBP3	SRR1609538	1
NANOGNBP3	SRR1609539	1.0061942931737347
NANOGNBP3	SRR1609540	3
NANOGNBP3	SRR1609541	1.1002496061772749
NANOGNBP3	SRR1609542	1.002342020016362
NANOGNBP3	SRR1609543	2.004023981429434
NANOGNBP3	SRR1609544	1.0058458481595676
NANOGNBP3	SRR1609545	0.4196399895470789
NANOGNBP3	SRR1609546	1
NANOGNBP3	SRR1609547	1.005170859507078
NANOGNBP3	SRR1609548	2.035994514160894
NANOGNBP3	SRR1609549	1.0106959376016895
NANOGNBP3	SRR1609550	4
NANOGNBP3	SRR1609551	1.0113111021667518
NANOGNBP3	SRR1609552	2.008928896305199
NANOGNBP3	SRR1609553	4.010444543955012
NANOGNBP3	SRR1609554	1.0090402771254097
NANOGNBP3	SRR1609555	1.0034386715434078
NANOGNBP3	SRR1609556	2.0443372911143736
NANOGNBP3	SRR1609557	2.012608651642361
NANOGNBP3	SRR1609558	1.0042943593727842
NANOGNBP3	SRR1609559	1.0424968298454986
NANOGNBP3	SRR1609560	1.0071216685573643
NANOGNBP3	SRR1609561	1.0025394930935652
NANOGNBP3	SRR1609562	1.0009887185978241
NANOGNBP3	SRR1609563	1.0044644481525995
NANOGNBP3	SRR1609564	2.0018002572549074
NANOGNBP3	SRR1609565	4.099143423526533
NANOGNBP3	SRR1609566	2.006699729492319
NANOGNBP3	SRR1609567	1.2581113184722956
NANOGNBP3	SRR1609568	1
NANOGNBP3	SRR1609569	1
NANOGNBP3	SRR1609570	2.03553309064474
NANOGNBP3	SRR1609571	1.024176000194289
NANOGNBP3	SRR1609572	1.0132366280807228
NANOGNBP3	SRR1609573	2.039661763855641
NANOGNBP3	SRR1609574	1.0051093909426065
NANOGNBP3	SRR1609575	3.2197596649251476
NANOGNBP3	SRR1609576	1.0039837461421828
NANOGNBP3	SRR1609577	1.004201371301441
NANOGNBP3	SRR1609578	1.0017663401829568
NANOGNBP3	SRR1609579	1.006701382721769
NANOGNBP3	SRR1609580	1.007678742360192
NANOGNBP3	SRR1609581	1.0418042391137226
NANOGNBP3	SRR1609582	2.0165560487390617
NANOGNBP3	SRR1609583	1.0357598428330377
NANOGNBP3	SRR1609584	1.002011990714717
NANOGNBP3	SRR1609585	2.0017667182762118
NANOGNBP3	SRR1609586	1.077969249642432
NANOGNBP3	SRR1609587	1.0120049067559673
NANOGNBP3	SRR1609588	1.0134052600429255
NANOGNBP3	SRR1609589	2.0052558688529287
NANOGNBP3	SRR1609590	1.0002852463574239
NANOGNBP3	SRR1609591	1.0032708318049182
NANOGNBP3	SRR1609592	1.0068449730033533
NANOGNBP3	SRR1609593	1.005535917850999
NANOGNBP3	SRR1609594	1.0253331007022206
NANOGNBP3	SRR1609595	1.0243062096273918
NANOGNBP3	SRR1609596	1.0026279344264644
NANOGNBP3	SRR1609597	1.0042087153660115
NANOGNBP3	SRR1609598	1.0275370706123974
NANOGNBP3	SRR1609599	1.0212178151540763
NANOGNBP3	SRR1609600	1.0308747019327569
NANOGNBP3	SRR1609601	2.056327476771008
NANOGNBP3	SRR1609602	1.1632163838991925
NANOGNBP3	SRR1609603	1
NANOGNBP3	SRR1609604	1.0069981117179123
NANOGNBP3	SRR1609605	1.007566475195609
NANOGNBP3	SRR1609606	1.0160829820750323
NANOGNBP3	SRR1609607	1.0049720004236289
NANOGNBP3	SRR1609608	2.039955240194852
NANOGNBP3	SRR1609609	2.0648357265658634
NANOGNBP3	SRR1609610	2
NANOGNBP3	SRR1609611	1.0171349305854593
NANOGNBP3	SRR1609612	2.004684040032724
NANOGNBP3	SRR1609613	1.000825380374255
NANOGNBP3	SRR1609614	1.0113691465526504
NANOGNBP3	SRR1609615	1.0031693334479748
NANOGNBP3	SRR1609616	3
NANOGNBP3	SRR1609617	3
NANOGNBP3	SRR1609618	2.0064000158761304
NANOGNBP3	SRR1609619	1.0036360666403
NANOGNBP3	SRR1609620	1.0125434290578252
NANOGNBP3	SRR1609621	1.0085252077511602
NANOGNBP3	SRR1609622	1.0396027374078705
NANOGNBP3	SRR1609623	2.038002606009502
NANOGNBP3	SRR1609624	1.233166099790781
NANOGNBP3	SRR1609625	2.003092025572686
NANOGNBP3	SRR1609626	1.007678742360192
NANOGNBP3	SRR1609627	1.0053993370958376
NANOGNBP3	SRR1609628	1.0019065235500912
NANOGNBP3	SRR1609629	2.0321099467678017
NANOGNBP3	SRR1609630	2.0055831336663945
NANOGNBP3	SRR1609631	3
NANOGNBP3	SRR1609632	2
NANOGNBP3	SRR1609633	1.003584460981328
NANOGNBP3	SRR1609634	2.016617710142049
NANOGNBP3	SRR1609635	1.0249305070581083
NANOGNBP3	SRR1609636	1.033526030779779
NANOGNBP3	SRR1609637	1.0040554922457436
NANOGNBP3	SRR1609638	1.0243215512558148
NANOGNBP3	SRR1609639	1.005532675049881
NANOGNBP3	SRR1609640	2.000359921883904
NANOGNBP3	SRR1609641	1.000179960941952
NANOGNBP3	SRR1609642	4
NANOGNBP3	SRR1609643	1.0117732409494398
NANOGNBP3	SRR1609644	2.0020910984817903
NANOGNBP3	SRR1609645	1.0031693334479748
NANOGNBP3	SRR1609646	1.002342020016362
NANOGNBP3	SRR1609647	1.0206670235973925
NANOGNBP3	SRR1609648	3.0108958902739107
NANOGNBP3	SRR1609649	1.0081274315088424
NANOGNBP3	SRR1609650	1.007432382777943
NANOGNBP3	SRR1609651	1.003394628447702
NANOGNBP3	SRR1609652	3.0105912855987795
NANOGNBP3	SRR1609653	1.0508063334876938
NANOGNBP3	SRR1609654	1.034357970588471
NANOGNBP3	SRR1609655	2.0136616817658464
NANOGNBP3	SRR1609656	1.014313308243783
NANOGNBP3	SRR1609657	2.0257018589742537
NANOGNBP3	SRR1609658	2.040099256858702
NANOGNBP3	SRR1609659	1.0079661790509038
NANOGNBP3	SRR1609660	2.0078447003449766
NANOGNBP3	SRR1609661	1.0014712162978496
NANOGNBP3	SRR1609662	1.0046759321397467
NANOGNBP3	SRR1609663	2.0053171847237667
NANOGNBP3	SRR1609664	3.021654525815121
NANOGNBP3	SRR1609665	1
NANOGNBP3	SRR1609666	1.016634410174343
NANOGNBP3	SRR1609667	1.002883264649812
NANOGNBP3	SRR1609668	1.1259515593418852
NANOGNBP3	SRR1609669	1.0192408475989563
NANOGNBP3	SRR1746771	3.471944549258922
NANOGNBP3	SRR1746772	1.1710273211223958
NANOGNBP3	SRR1746773	2.272740983029363
NANOGNBP3	SRR1746774	1.0707448447191639
NANOGNBP3	SRR1746775	0.9375596554885121
NANOGNBP3	SRR1746776	1.6237931507598136
NANOGNBP3	SRR1746777	3.564904233052179
NANOGNBP3	SRR1746778	1.077029504475482
NANOGNBP3	SRR1746779	1.1869123525857035
NANOGNBP3	SRR1746780	1.056756547302828
NANOGNBP3	SRR1746781	2.201324998503196
NANOGNBP3	SRR1746782	1.0044644481525995
NANOGNBP3	SRR1746783	1
NANOGNBP3	SRR1746784	3.9873049152130506
NANOGNBP3	SRR1782685	1.0161405129641194
NANOGNBP3	SRR1782686	1.0241060513820852
NANOGNBP3	SRR1782687	1.0122161471354907
NANOGNBP3	SRR1782688	1.0167551838847384
NANOGNBP3	SRR1782689	2.0357524816901713
NANOGNBP3	SRR1782690	2.040522206966769
NANOGNBP3	SRR1782691	1.0017262519502124
NANOGNBP3	SRR1782692	2.016534678177334
NANOGNBP3	SRR1782693	1.0088465649237228
NANOGNBP3	SRR1782694	1.0160829820750323
NANOGNBP3	SRR1782695	2.001440076213531
NANOGNBP3	SRR1782696	1.0033707140904828
NANOGNBP3	SRR1782697	1.0088260831599443
NANOGNBP3	SRR1782698	2.004173655183634
NANOGNBP3	SRR1782699	1.0242077790328277
NANOGNBP3	SRR1782700	1.0075703770631752
NANOGNBP3	SRR1782701	1.006233967196753
NANOGNBP3	SRR1782702	1.0106664184752785
NANOGNBP3	SRR1782703	1.003891653595596
NANOGNBP3	SRR1782704	1.0158440725472526
NANOGNBP3	SRR1782705	1.0242058267974272
NANOGNBP3	SRR1782706	1.002553057138948
NANOGNBP3	SRR1782707	2.0076333638644592
NANOGNBP3	SRR1782708	1.0527335559349638
NANOGNBP3	SRR1782709	2.0987778693872223
NANOGNBP3	SRR1782710	3
NANOGNBP3	SRR1782711	1.0112110690582374
NANOGNBP3	SRR1782712	1.0118242846464562
NANOGNBP3	SRR1782713	2.0435260208840873
NANOGNBP3	SRR1782714	1.0870554088778994
NANOGNBP3	SRR1782715	3.007434556330034
NANOGNBP3	SRR1782716	3.044763930909071
NANOGNBP3	SRR1782717	1.000825380374255
NANOGNBP3	SRR1782718	1.0143344497021496
NANOGNBP3	SRR1782719	2.014536955582376
NANOGNBP3	SRR1782720	1.0173889776699079
NANOGNBP3	SRR1782721	1.1215287864396823
NANOGNBP3	SRR1782722	3.002650077414318
NANOGNBP3	SRR1782723	1.002192313736413
NANOGNBP3	SRR1782724	1.011129842073421
NANOGNBP3	SRR1782725	3.205724482287896
NANOGNBP3	SRR1782726	1.0074358213334167
NANOGNBP3	SRR1782727	4
NANOGNBP3	SRR1782728	1.0303050804635
NANOGNBP3	SRR1782729	2.8589537812739
NANOGNBP3	SRR1782730	3.0040974181579414
NANOGNBP3	SRR1782731	2.064203269436082
NANOGNBP3	SRR1782732	1.079233440701315
NANOGNBP3	SRR1782733	3.0289727426045197
NANOGNBP3	SRR1782734	1.0062386740697231
NANOGNBP3	SRR1782735	2.00915641922119
NANOGNBP3	SRR1782736	2.0365308195295873
NANOGNBP3	SRR1782737	2.003241629722264
NANOGNBP3	SRR1782738	1.049672343546831
NANOGNBP3	SRR1782739	1.0104534576807476
NANOGNBP3	SRR1782740	1.0115791944902102
NANOGNBP3	SRR1782741	1.0543086561909183
NANOGNBP3	SRR1782742	4
NANOGNBP3	SRR1782743	1.002011990714717
NANOGNBP3	SRR1782744	3.0150524687458278
NANOGNBP3	SRR1782745	1.0120275763195707
NANOGNBP3	SRR1782746	2.039793152046779
NANOGNBP3	SRR1782747	1.0072992776231908
NANOGNBP3	SRR1782748	1.014641893603255
NANOGNBP3	SRR1782749	1.0126805916371509
NANOGNBP3	SRR1782750	1.0013658060526471
NANOGNBP3	SRR1782751	1.015483444252062
NANOGNBP3	SRR1782752	3.0199490497731256
NANOGNBP3	SRR1782753	2.001916223443083
NANOGNBP3	SRR1782754	1.0083102826852068
NANOGNBP3	SRR1782755	2.0053720352279636
NANOGNBP3	SRR1782756	2.090524631071784
NANOGNBP3	SRR1782757	2.0028811893368133
NANOGNBP3	SRR1782758	1.0017262519502124
NANOGNBP3	SRR1782759	1.0044296285233594
NANOGNBP3	SRR1782760	1.0142062491689723
NANOGNBP3	SRR1782761	1.123350924195671
NANOGNBP3	SRR1782762	1.0642762539094746
NANOGNBP3	SRR1782763	3.0164012209238114
NANOGNBP3	SRR1782764	3.00345277732138
NANOGNBP3	SRR1782765	1.0032000079380652
NANOGNBP3	SRR1782766	2.021353706685001
NANOGNBP3	SRR1782767	1.0096583926938514
NANOGNBP3	SRR1782768	2.0129148762288875
NANOGNBP3	SRR1782769	1.0085350889190154
NANOGNBP3	SRR1782770	1.0046452125208463
NANOGNBP3	SRR1782771	1.0066334970935034
NANOGNBP3	SRR1782772	1.005368595357641
NANOGNBP3	SRR1782773	2.008717445707211
NANOGNBP3	SRR1782774	2.005106114277896
NANOGNBP3	SRR1782775	2.0400612350369793
NANOGNBP3	SRR1782776	1.0146067854880492
NANOGNBP3	SRR1782777	1.000179960941952
NANOGNBP3	SRR1782778	1.0018317001382826
NANOGNBP3	SRR1782779	2.0564157065776665
NANOGNBP3	SRR1782780	1.0128988705381583
NANOGNBP3	SRR1782781	1.0344998484090346
NANOGNBP3	SRR1782782	1.0205283876020228
NANOGNBP3	SRR1782783	1.0063318507933232
NANOGNBP3	SRR1782784	1.00334576270059
NANOGNBP3	SRR1782785	1.0010802515574013
NANOGNBP3	SRR1782786	1.0250860802347106
NANOGNBP3	SRR1782787	3
NANOGNBP3	SRR1782788	3.0111330744423683
NANOGNBP3	SRR1782789	1.0170195557347703
NANOGNBP3	SRR1782790	1.0055938748937177
NANOGNBP3	SRR1782791	1.0059251235048385
NANOGNBP3	SRR1782792	1.0068477100204776
NANOGNBP3	SRR1782793	1.0369712333325636
NANOGNBP3	SRR1782794	1.0068444629888977
NANOGNBP3	SRR1782795	1.0212178151540763
NANOGNBP3	SRR1782796	2.159205383226404
NANOGNBP3	SRR1782797	1.0253628024973167
NANOGNBP3	SRR1782798	1.0193000353281811
NANOGNBP3	SRR1782799	1.001620814861132
NANOGNBP3	SRR1782800	1.0017663401829568
NANOGNBP3	SRR1782801	2.011126843610475
NANOGNBP3	SRR1782802	1.007377758130775
NANOGNBP3	SRR1782803	4.014667021607847
NANOGNBP3	SRR1782804	1.0027028173063115
NANOGNBP3	SRR1782805	1.0018010674864533
NANOGNBP3	SRR1782806	1.0026585923618834
NANOGNBP3	SRR1782807	1.0351820922376846
NANOGNBP3	SRR1782808	1.0262987270047477
NANOGNBP3	SRR1782809	2.0268358827905035
NANOGNBP3	SRR1782810	3.0499340847621568
NANOGNBP3	SRR1782811	1.0030944157282213
NANOGNBP3	SRR1782812	2.025113450099487
NANOGNBP3	SRR1782813	2.01251339378703
NANOGNBP3	SRR1782814	1.0129566741382754
NANOGNBP3	SRR1782815	1.062121334894591
NANOGNBP3	SRR1782816	1.0005399799895063
NANOGNBP3	SRR1782817	2.0069322362652953
NANOGNBP3	SRR1782818	1.0133808698401505
NANOGNBP3	SRR1782819	1.027675196028744
NANOGNBP3	SRR1782820	1.0355877525178163
NANOGNBP3	SRR1782821	2.005405634612623
NANOGNBP3	SRR1782822	4.031437805381575
NANOGNBP3	SRR1782823	1.0037859885863174
NANOGNBP3	SRR1782824	3.0170486409269306
NANOGNBP3	SRR1782825	1.005809645020963
NANOGNBP3	SRR1782826	1.0068169239958968
NANOGNBP3	SRR1782827	1.0132807415847052
NANOGNBP3	SRR1782828	2
NANOGNBP3	SRR1782829	1
NANOGNBP3	SRR1782830	1.0393262126274254
NANOGNBP3	SRR1782831	3.2202009208741154
NANOGNBP3	SRR1782832	1.0325772296717781
NANOGNBP3	SRR1782833	2.046114292946954
NANOGNBP3	SRR1782834	2.000359921883904
NANOGNBP3	SRR1782835	1.1149797381951183
NANOGNBP3	SRR1782836	1.668811471319684
NANOGNBP3	SRR1782837	1.0276203307721452
NANOGNBP3	SRR1782838	2.025963857489937
NANOGNBP3	SRR1782839	1.013725326520963
NANOGNBP3	SRR1782840	1.0083257489722468
NANOGNBP3	SRR1782841	1.0148514356353688
NANOGNBP3	SRR1782842	1
NANOGNBP3	SRR1782843	1.0241487491844126
NANOGNBP3	SRR1782844	1.000179960941952
NANOGNBP3	SRR1782845	2.037592538037879
NANOGNBP3	SRR1782846	1.0054215004022353
NANOGNBP3	SRR1782847	1.2337368978097534
NANOGNBP3	SRR1782848	1.2335837199439401
NANOGNBP3	SRR1782849	1.2403822504664612
NANOGNBP3	SRR1782850	1.2517458229536382
NANOGNBP3	SRR1782851	1.2634697131512598
NANOGNBP3	SRR1782852	1.2639231424855961
NANOGNBP3	SRR1782853	1.2584335321033158
NANOGNBP3	SRR1782854	2.0065498670882853
NANOGNBP3	SRR1782855	2.0048066386784735
NANOGNBP3	SRR1782856	1.0052935133947416
NANOGNBP3	SRR1782857	2.0139732606458387
NANOGNBP3	SRR1782858	2.0020109797048735
NANOGNBP3	SRR1782859	2.003241629722264
NANOGNBP3	SRR1782860	2.004534328162457
NANOGNBP3	SRR1782861	2.0037182055455687
NANOGNBP3	SRR1782862	1.0046056873690874
NANOGNBP3	SRR1782863	1.002611135988753
NANOGNBP3	SRR1782864	2.0258091846072817
NANOGNBP3	SRR1782865	1.0042361830179003
NANOGNBP3	SRR1782866	1.0035136149744603
NANOGNBP3	SRR1782867	3.049618916564227
NANOGNBP3	SRR1782868	1.0036360666403
NANOGNBP3	SRR1782869	2.006849603089067
NANOGNBP3	SRR1782870	1.0024781854433447
NANOGNBP3	SRR1782871	3.0157475225572776
NANOGNBP3	SRR1782872	1.0027028173063115
NANOGNBP3	SRR1782873	1.004614493841249
NANOGNBP3	SRR1782874	1.006441613669879
NANOGNBP3	SRR1782875	2.0103057122629213
NANOGNBP3	SRR1782876	2.0078724540976154
NANOGNBP3	SRR1782877	1.0033853244066688
NANOGNBP3	SRR1782878	1.0078282441722788
NANOGNBP3	SRR1782879	1.0143624914943958
NANOGNBP3	SRR1782880	1.0042361830179003
NANOGNBP3	SRR1782881	1.0041611856247215
NANOGNBP3	SRR1782882	3.010588226630658
NANOGNBP3	SRR1782883	3.00540320245936
NANOGNBP3	SRR1782884	1.0007200381067656
NANOGNBP3	SRR1782885	1
NANOGNBP3	SRR1782886	1.0055495224370705
NANOGNBP3	SRR1782887	1.0009001286274537
NANOGNBP3	SRR1782888	2.0064885135261568
NANOGNBP3	SRR1782889	2.008628849748493
NANOGNBP3	SRR1782890	1.001546012786343
NANOGNBP3	SRR1782891	1.0007200381067656
NANOGNBP3	SRR1782892	1.0018317001382826
NANOGNBP3	SRR1782893	1.0038748339850176
NANOGNBP3	SRR1782894	1.011191678825168
NANOGNBP3	SRR1782895	2.0073335108039236
NANOGNBP3	SRR1782896	3.0064346382975065
NANOGNBP3	SRR1782897	4.011012238037894
NANOGNBP3	SRR1782898	1.0022671640812284
NANOGNBP3	SRR1782899	3.011287720064131
NANOGNBP3	SRR1782900	1.0010054898524368
NANOGNBP3	SRR1782901	1.0009828787718729
NANOGNBP3	SRR1782902	2
NANOGNBP3	SRR1782903	1.002553057138948
NANOGNBP3	SRR1782904	4
NANOGNBP3	SRR1782905	1.002086827591817
NANOGNBP3	SRR1782906	2.0126974231409074
NANOGNBP3	SRR1782907	1.0048842199437062
NANOGNBP3	SRR1782908	1.0030501735120572
NANOGNBP3	SRR1782909	2.006849603089067
NANOGNBP3	SRR1782910	1
NANOGNBP3	SRR1782911	1.0069060376635988
NANOGNBP3	SRR1782912	0.9538079228387495
NANOGNBP3	SRR1782913	3
NANOGNBP3	SRR1782914	1.0027028173063115
NANOGNBP3	SRR1782915	1
NANOGNBP3	SRR1782916	1.0105701140314456
NANOGNBP3	SRR1782917	1.0032306833661075
NANOGNBP3	SRR1782918	2.0021605031148026
NANOGNBP3	SRR1782919	1
NANOGNBP3	SRR1782920	2.0020109797048735
NANOGNBP3	SRR1782921	3.0062604827754513
NANOGNBP3	SRR1782922	1.1863691226303883
NANOGNBP3	SRR1782923	1.0055761585433334
NANOGNBP3	SRR1782924	1.0051265257078354
NANOGNBP3	SRR1782925	2.0069658617906376
NANOGNBP3	SRR1782926	1.0073409688920356
NANOGNBP3	SRR1782927	1.0028390317466211
NANOGNBP3	SRR1782928	1.0071660004775882
NANOGNBP3	SRR1782929	2.017248118334449
NANOGNBP3	SRR1782930	3.0085170952398634
NANOGNBP3	SRR1782931	2.005338436406242
NANOGNBP3	SRR1782932	1.003731881663257
NANOGNBP3	SRR1782933	1.0649351792796355
NANOGNBP3	SRR1782934	2.011702955880072
NANOGNBP3	SRR1782935	2.008990324488326
NANOGNBP3	SRR1782936	1.0252329438970447
NANOGNBP3	SRR1782937	1.0078568348794155
NANOGNBP3	SRR1782938	1.2574474178148516
NANOGNBP3	SRR1782939	1.0047411238848365
NANOGNBP3	SRR1782940	2.0053171847237667
NANOGNBP3	SRR1782941	1.0078123826132555
NANOGNBP3	SRR1782942	3.011795485457619
NANOGNBP3	SRR1782943	2.009228987682498
NANOGNBP3	SRR1782944	2.002582046044357
NANOGNBP3	SRR1782945	1.0052491741857592
NANOGNBP3	SRR1782946	2.004173655183634
NANOGNBP3	SRR1782947	1.002086827591817
NANOGNBP3	SRR1782948	1
NANOGNBP3	SRR1782949	1.002447533024164
NANOGNBP3	SRR1782950	1
NANOGNBP3	SRR1782951	2.006596547606632
NANOGNBP3	SRR1782952	0.4225136299867726
NANOGNBP3	SRR1782953	2.0038130471001825
NANOGNBP3	SRR1782954	1.126108257274077
NANOGNBP3	SRR1782955	1.033842034247493
NANOGNBP3	SRR1782956	1.0151667217080587
NANOGNBP3	SRR1782957	1.019311965849562
NANOGNBP3	SRR1782958	1.0054744269623506
NANOGNBP3	SRR1782959	1.0579165678317932
NANOGNBP3	SRR1782960	2
NANOGNBP3	SRR1782961	1.0036360666403
NANOGNBP3	SRR1782962	3.021885016959537
NANOGNBP3	SRR1782963	2.0137842394743344
NANOGNBP3	SRR1782964	1.0003599542698447
NANOGNBP3	SRR1782965	1.0030596435909767
NANOGNBP3	SRR1782966	1
NANOGNBP3	SRR1782967	1.0040206867929065
NANOGNBP3	SRR1782968	2.0020910984817903
NANOGNBP3	SRR1782969	1.0119783968398457
NANOGNBP3	SRR1782970	1.012507584036827
NANOGNBP3	SRR1782971	1.0167967514698188
NANOGNBP3	SRR1782972	1.0056022027105522
NANOGNBP3	SRR1782973	1.0512612155664167
NANOGNBP3	SRR1782974	2
NANOGNBP3	SRR1782975	1.0394713474480297
NANOGNBP3	SRR1782976	2.0195905123843594
NANOGNBP3	SRR1782977	2.0007199085396894
NANOGNBP3	SRR1782978	2.0334016010577347
NANOGNBP3	SRR1782979	1.0083829961716155
NANOGNBP3	SRR1782980	3.0051787558506367
NANOGNBP3	SRR1782981	1.012303856712658
NANOGNBP3	SRR1782982	1.0058055966749162
NANOGNBP3	SRR1782983	2.001916223443083
NANOGNBP3	SRR1782984	1.0003599542698447
NANOGNBP3	SRR1782985	1.0068308408829232
NANOGNBP3	SRR1782986	2.0059776692650537
NANOGNBP3	SRR1782987	4.0050416276097645
NANOGNBP3	SRR1782988	2
NANOGNBP3	SRR1782989	1.0430979490658228
NANOGNBP3	SRR1782990	2.0268237131486146
NANOGNBP3	SRR1782991	1.0041337200241454
NANOGNBP3	SRR1782992	1.002447533024164
NANOGNBP3	SRR1782993	1.0207811101132158
NANOGNBP3	SRR1782994	2
NANOGNBP3	SRR1782995	1.0083014810209638
NANOGNBP3	SRR1782996	3
NANOGNBP3	SRR1782997	1.004495162244163
NANOGNBP3	SRR1782998	1.0036360666403
NANOGNBP3	SRR1782999	1.0213121241102965
NANOGNBP3	SRR1783000	1.0038996732048098
NANOGNBP3	SRR1783001	2.0327075988848597
NANOGNBP3	SRR1783002	4.226609328623176
NANOGNBP3	SRR1783003	1
NANOGNBP3	SRR1783004	1.004591059283169
NANOGNBP3	SRR1783005	1.015882624326654
NANOGNBP3	SRR1783006	1.0237799351824244
NANOGNBP3	SRR1813867	1.0482498991450804
NANOGNBP3	SRR1813868	1.0188667378001919
NANOGNBP3	SRR1813869	2.0201797430371355
NANOGNBP3	SRR1813870	1.8755813793059868
NANOGNBP3	SRR1813871	1.686578760794745
NANOGNBP3	SRR1813872	0.8355787689137504
NANOGNBP3	SRR1813873	1.1265911962169073
NANOGNBP3	SRR1813874	1.010178402682137
NANOGNBP3	SRR1813875	1
NANOGNBP3	SRR1813876	1.0053337443862558
NANOGNBP3	SRR1813877	0.2713576332404173
NANOGNBP3	SRR1813878	1.0007200381067656
NANOGNBP3	SRR1813879	2
NANOGNBP3	SRR1813880	1
NANOGNBP3	SRR1813881	1.0197571530664682
NANOGNBP3	SRR1813882	1.2990054955828958
NANOGNBP3	SRR1813883	1.000825380374255
NANOGNBP3	SRR1813884	2.025536531320676
NANOGNBP3	SRR1813885	3
NANOGNBP3	SRR1813886	7.008822848317089
NANOGNBP3	SRR1813887	1.0105363153624978
NANOGNBP3	SRR1928188	1.0081784003065664
NANOGNBP3	SRR1928189	1.0073129060669679
NANOGNBP3	SRR1928190	2.0175903535524773
NANOGNBP3	SRR1928191	1.0113225234973442
NANOGNBP3	SRR1928192	2.0257977410763166
NANOGNBP3	SRR1928193	4.06145694565518
NANOGNBP3	SRR2046996	2.01717644904976
NANOGNBP3	SRR2046997	2.0222307515480247
NANOGNBP3	SRR2046998	3.060729567825641
NANOGNBP3	SRR2046999	1.007678742360192
NANOGNBP3	SRR2047000	2.021396550176389
NANOGNBP3	SRR2047001	1.0094399707348267
NANOGNBP3	SRR2047002	2.037685541997271
NANOGNBP3	SRR2047003	2.0475598703648488
NANOGNBP3	SRR2047004	1.0079492911740628
NANOGNBP3	SRR2047005	3.0244329671111085
NANOGNBP3	SRR2047006	2.030427664330975
NANOGNBP3	SRR2047007	1.0262840471791508
NANOGNBP3	SRR2047008	1.0125174400411554
NANOGNBP3	SRR2047009	1.0185103595038079
NANOGNBP3	SRR2313973	1.0126842466806711
NANOGNBP3	SRR2313974	1.0074072425695189
NANOGNBP3	SRR2313975	1.0102481457588257
NANOGNBP3	SRR2313976	2.0293311252435475
NANOGNBP3	SRR2313977	1.0086919531101515
NANOGNBP3	SRR2313978	1.026320422451999
NANOGNBP3	SRR2313979	1.0103515286766147
NANOGNBP3	SRR2313980	2.01167270355111
NANOGNBP3	SRR2313981	4.014337843925312
NANOGNBP3	SRR2313982	1.0131505784433956
NANOGNBP3	SRR2313983	1.0167862737972515
NANOGNBP3	SRR2313984	2.0109190144143136
NANOGNBP3	SRR2313985	1.0189547489838953
NANOGNBP3	SRR2313986	1.006188548591034
NANOGNBP3	SRR2313987	2.0066661084258652
NANOGNBP3	SRR2313988	2.0180762599312705
NANOGNBP3	SRR2313989	2.0211791128096643
NANOGNBP3	SRR2313990	2.0309231864580846
NANOGNBP3	SRR2313991	2.033020149601988
NANOGNBP3	SRR2313992	1.014686192824186
NANOGNBP3	SRR2313993	1.0103672884396626
NANOGNBP3	SRR2313994	1.0212939489113868
NANOGNBP3	SRR2313995	2.0082674400482907
NANOGNBP3	SRR2313996	3.013606083859029
NANOGNBP3	SRR2313997	1.0121911663041532
NANOGNBP3	SRR2313998	1.0240939627595231
NANOGNBP3	SRR2313999	2.018590185231462
NANOGNBP3	SRR2314000	1.0085380459332074
NANOGNBP3	SRR2314001	1.0137250295317557
NANOGNBP3	SRR2314002	1.0107561095059667
NANOGNBP3	SRR2314003	1.0216964429597561
NANOGNBP3	SRR2314004	3.0238060764818795
NANOGNBP3	SRR2314005	1.0095034664456817
NANOGNBP3	SRR2314006	1.0187871020034116
NANOGNBP3	SRR2314007	1.0060180422728575
NANOGNBP3	SRR2314008	2.002636821735583
NANOGNBP3	SRR2314009	1.0082228687169175
NANOGNBP3	SRR2314010	1.0065745056218443
NANOGNBP3	SRR2314011	1.0070596957891693
NANOGNBP3	SRR2314012	1.0072545548549394
NANOGNBP3	SRR2314013	1.0115556615875927
NANOGNBP3	SRR2314014	1.011441792883926
NANOGNBP3	SRR2314015	2.015534955416421
NANOGNBP3	SRR2314016	1.0032306833661075
NANOGNBP3	SRR2314017	1.0193139826231485
NANOGNBP3	SRR2314018	1.037183848807375
NANOGNBP3	SRR2314019	2.00676108951292
NANOGNBP3	SRR2314020	2.033127261152762
NANOGNBP3	SRR2314021	1.00503432833736
NANOGNBP3	SRR2314022	1.0122161471354907
NANOGNBP3	SRR2314023	1.0097198436416865
NANOGNBP3	SRR2314024	2.025893627716746
NANOGNBP3	SRR2314025	1.004856734566851
NANOGNBP3	SRR2314026	1.0219330614415651
NANOGNBP3	SRR2314027	3.0221520608880263
NANOGNBP3	SRR2314028	2.0057329238683876
NANOGNBP3	SRR2314029	1.002342020016362
NANOGNBP3	SRR2314030	2.009451248447894
NANOGNBP3	SRR2314031	1.0172769075048627
NANOGNBP3	SRR2314032	1.017287384279533
NANOGNBP3	SRR2314033	2.04813191913971
NANOGNBP3	SRR2314034	1.0293297863593514
NANOGNBP3	SRR2314035	2.093712355970748
NANOGNBP3	SRR2314036	1.017280352612803
NANOGNBP3	SRR2314037	1.0133200709899204
NANOGNBP3	SRR2314038	1.0057304820763078
NANOGNBP3	SRR2314039	2.0215518231349687
NANOGNBP3	SRR2314040	1.0391610375751816
NANOGNBP3	SRR2314041	1.00751106329803
NANOGNBP3	SRR2314042	2.00814462976639
NANOGNBP3	SRR2314043	1.0088969487682873
NANOGNBP3	SRR2314044	1.0042394216378854
NANOGNBP3	SRR2314045	3.022473687278334
NANOGNBP3	SRR3493774	1
NANOGNBP3	SRR3493775	2
NANOGNBP3	SRR3493776	0.91904809301052
NANOGNBP3	SRR3493777	1.0006453033029128
NANOGNBP3	SRR3493778	1
NANOGNBP3	SRR3493779	2.006699729492319
NANOGNBP3	SRR3493780	1.0498142493709828
NANOGNBP3	SRR3493781	2
NANOGNBP3	SRR3493782	1.0082658104193984
NANOGNBP3	SRR3493783	2.0051674255696015
NANOGNBP3	SRR3493784	1.0206706748019738
NANOGNBP3	SRR3493785	1.000825380374255
NANOGNBP3	SRR3493786	1.0406653004374282
NANOGNBP3	SRR3493787	1
NANOGNBP3	SRR3493788	1
NANOGNBP3	SRR3493789	2.0364297480194775
NANOGNBP3	SRR3493790	1
NANOGNBP3	SRR3493791	2.0028811893368133
NANOGNBP3	SRR3493792	1.0007200381067656
NANOGNBP3	SRR3493793	1.0095628196007407
NANOGNBP3	SRR3493794	1.0030944157282213
NANOGNBP3	SRR3493795	2.007210757633995
NANOGNBP3	SRR3493796	1.0081167478238944
NANOGNBP3	SRR3493797	1
NANOGNBP3	SRR3493798	1.010988724395538
NANOGNBP3	SRR3493799	3
NANOGNBP3	SRR3493800	1.0071349096622415
NANOGNBP3	SRR3493801	1.0089319232619702
NANOGNBP3	SRR3493802	2
NANOGNBP3	SRR3493803	2
NANOGNBP3	SRR3493804	1.0007200381067656
NANOGNBP3	SRR3493805	1.002342020016362
NANOGNBP3	SRR3493806	1
NANOGNBP3	SRR3493807	1
NANOGNBP3	SRR3493808	3.005811478279535
NANOGNBP3	SRR3493809	1.0032306833661075
NANOGNBP3	SRR3493810	1
NANOGNBP3	SRR3493811	2
NANOGNBP3	SRR3493812	2.001440076213531
NANOGNBP3	SRR3493813	2.0036021349729065
NANOGNBP3	SRR3493814	1
NANOGNBP3	SRR3493815	0.740058073222207
NANOGNBP3	SRR3493816	2
NANOGNBP3	SRR3493817	2.0056167365879425
NANOGNBP3	SRR3493818	1.0034513813688428
NANOGNBP3	SRR3493819	1
NANOGNBP3	SRR3493820	1.1218742596374018
NANOGNBP3	SRR3493821	1.0115011358570332
NANOGNBP3	SRR3493822	2
NANOGNBP3	SRR3493823	0.7868007166291554
NANOGNBP3	SRR3493824	1.5565048540152655
NANOGNBP3	SRR3493825	1.0012910230221785
NANOGNBP3	SRR3493826	1.0007200381067656
NANOGNBP3	SRR3493827	1
NANOGNBP3	SRR3493828	2
NANOGNBP3	SRR3493829	1.002342020016362
NANOGNBP3	SRR3493830	0.6210192465068755
NANOGNBP3	SRR3493831	1.0044169063073385
NANOGNBP3	SRR3493832	1.000179960941952
NANOGNBP3	SRR3493833	1.9268595754646793
NANOGNBP3	SRR3493834	1
NANOGNBP3	SRR3493835	1.0050511673749054
NANOGNBP3	SRR3493836	2
NANOGNBP3	SRR3493837	2.0012906066058256
NANOGNBP3	SRR3493838	1
NANOGNBP3	SRR3493839	3.024483640544693
NANOGNBP3	SRR3493840	1.0191397315498472
NANOGNBP3	SRR3493841	1.00216167005823
NANOGNBP3	SRR3493846	1.0227563759529175
NANOGNBP3	SRR3493847	1.0366265711095628
NANOGNBP3	SRR3493848	1.000179960941952
NANOGNBP3	SRR3493849	0.6191823778231276
NANOGNBP3	SRR3493850	1
NANOGNBP3	SRR3714631	2
NANOGNBP3	SRR3714632	6.033196050299286
NANOGNBP3	SRR3714633	2.0227429952367757
NANOGNBP3	SRR3714634	1.006256696893515
NANOGNBP3	SRR3714635	6
NANOGNBP3	SRR3714636	2
NANOGNBP3	SRR3714637	3
NANOGNBP3	SRR3714638	4
NANOGNBP3	SRR3714639	6.903992437297707
NANOGNBP3	SRR3714640	4.44663044638949
NANOGNBP3	SRR3714641	3.7876890244033956
NANOGNBP3	SRR3714642	5.268967413573903
NANOGNBP3	SRR3714643	1.9527715142071866
NANOGNBP3	SRR3714644	6.668284979090049
NANOGNBP3	SRR3714645	1.0062673608662638
NANOGNBP3	SRR3714646	3.0005398828258563
NANOGNBP3	SRR3714648	1.3617897182853724
NANOGNBP3	SRR3714649	0.950704107482473
NANOGNBP3	SRR3714650	1.0066624337546857
NANOGNBP3	SRR3714651	5.642917331408321
NANOGNBP3	SRR3714652	4.40033928889374
NANOGNBP3	SRR3714653	5
NANOGNBP3	SRR3714654	1
NANOGNBP3	SRR3714655	7.003779859926543
NANOGNBP3	SRR3714656	3.3946076936738137
NANOGNBP3	SRR3714657	7.2705868111972896
NANOGNBP3	SRR3714658	20.15170424609995
NANOGNBP3	SRR3714659	2.085331157797455
NANOGNBP3	SRR3714660	8
NANOGNBP3	SRR3714661	3
NANOGNBP3	SRR3714662	2.021573126896141
NANOGNBP3	SRR3714663	4.002159919958025
NANOGNBP3	SRR3714664	2.6659323218847475
NANOGNBP3	SRR3714665	6
NANOGNBP3	SRR3714666	4
NANOGNBP3	SRR3714667	2.3275395047294807
NANOGNBP3	SRR3714668	1
NANOGNBP3	SRR3714669	3.126233466361595
NANOGNBP3	SRR3714670	11.144968060880545
NANOGNBP3	SRR3714671	4.004021959409747
NANOGNBP3	SRR3714672	1.0025088387998022
NANOGNBP3	SRR3714673	9.20414763946348
NANOGNBP3	SRR3714674	2.6849783737290673
NANOGNBP3	SRR3714675	4.462071136989524
NANOGNBP3	SRR3714676	3
NANOGNBP3	SRR3714677	11.024115451100544
NANOGNBP3	SRR3714678	6.16984906131298
NANOGNBP3	SRR3714679	4.0054632242105885
NANOGNBP3	SRR3714680	3.0042714483716106
NANOGNBP3	SRR3714681	11.035839366929782
NANOGNBP3	SRR3714682	10.177084725114604
NANOGNBP3	SRR3714683	5.009559433240658
NANOGNBP3	SRR3714684	4.669910651609066
NANOGNBP3	SRR3714685	4.006344375224278
NANOGNBP3	SRR3714686	2.7301818127458293
NANOGNBP3	SRR3714688	6.04329112145411
NANOGNBP3	SRR3714689	3.0605638656982523
NANOGNBP3	SRR3714690	3.14385682693456
NANOGNBP3	SRR3714691	3
NANOGNBP3	SRR3714692	2.9103597314228558
NANOGNBP3	SRR3714693	4.036250283456161
NANOGNBP3	SRR3714694	6.646615697564374
NANOGNBP3	SRR3714695	7.28332065422495
NANOGNBP3	SRR3714696	6
NANOGNBP3	SRR3714697	3.026824346616432
NANOGNBP3	SRR3714698	1.0129099016527614
NANOGNBP3	SRR3714699	0.8209103150993131
NANOGNBP3	SRR3714700	1.6135755947621684
NANOGNBP3	SRR3714701	3.71813587746857
NANOGNBP3	SRR3714702	0.962619684560016
NANOGNBP3	SRR3714703	1.0009001286274537
NANOGNBP3	SRR3714704	4.335121125935749
NANOGNBP3	SRR3714705	4.475450346554681
NANOGNBP3	SRR3714706	4.139450064867475
NANOGNBP3	SRR3714707	5.002326293162896
NANOGNBP3	SRR3714708	2.0459723706999555
NANOGNBP3	SRR3714709	1.7731831578053763
NANOGNBP3	SRR3714710	6.330766542035179
NANOGNBP3	SRR3714711	1.340885762801054
NANOGNBP3	SRR3714712	8
NANOGNBP3	SRR3714713	8
NANOGNBP3	SRR3714714	5
NANOGNBP3	SRR3714715	2.0091953242398204
NANOGNBP3	SRR3714716	11
NANOGNBP3	SRR3714717	1
NANOGNBP3	SRR3714718	1
NANOGNBP3	SRR3714719	1.0587386101505427
NANOGNBP3	SRR3714720	0.8101910173611906
NANOGNBP3	SRR3714721	2.9574694634094265
NANOGNBP3	SRR3714723	7.296256205899407
NANOGNBP3	SRR3714724	2.0055472121450473
NANOGNBP3	SRR3714725	4.049155369093525
NANOGNBP3	SRR3714726	4.238174944727383
NANOGNBP3	SRR3714727	1.8758532965579864
NANOGNBP3	SRR3714728	11.088795125034917
NANOGNBP3	SRR3714729	1.0258093057558688
NANOGNBP3	SRR3714730	1.6052727932579625
NANOGNBP3	SRR3714731	1.000179960941952
NANOGNBP3	SRR3714732	1.6294997308362864
NANOGNBP3	SRR3714734	1.0711564534652296
NANOGNBP3	SRR3714735	0.6771775710840109
NANOGNBP3	SRR3714736	1.6706846047842436
NANOGNBP3	SRR3714737	2
NANOGNBP3	SRR3714738	0.9022710971454205
NANOGNBP3	SRR3714739	4.734619765187785
NANOGNBP3	SRR3714740	1.5451178715890683
NANOGNBP3	SRR3714741	13.012455452380042
NANOGNBP3	SRR3714744	2.82296863522108
NANOGNBP3	SRR3714745	2.0804902947081585
NANOGNBP3	SRR3714746	6.0501342630784025
NANOGNBP3	SRR3714747	1.6568898217083734
NANOGNBP3	SRR3714748	1.2677154481482265
NANOGNBP3	SRR3714749	1.0205775690941423
NANOGNBP3	SRR3714750	2.0793346105373147
NANOGNBP3	SRR3714751	2.00165076074851
NANOGNBP3	SRR3714752	3
NANOGNBP3	SRR3714753	1.0075653100732087
NANOGNBP3	SRR3714754	12
NANOGNBP3	SRR3714755	1.378354025791356
NANOGNBP3	SRR3714756	3.0642592369781836
NANOGNBP3	SRR3714757	3.628482506985998
NANOGNBP3	SRR3714758	6.587948091458433
NANOGNBP3	SRR3714759	6.80807891020388
NANOGNBP3	SRR3714760	4.002581213211651
NANOGNBP3	SRR3714761	1.000124712645935
NANOGNBP3	SRR3714762	7.4369629900194365
NANOGNBP3	SRR3714764	2
NANOGNBP3	SRR3714765	4.264958706417175
NANOGNBP3	SRR3714766	4
NANOGNBP3	SRR3714767	6.111009438632211
NANOGNBP3	SRR3714768	3
NANOGNBP3	SRR5176628	1.006808691572482
NANOGNBP3	SRR5176629	1.0056828803089768
NANOGNBP3	SRR5176630	2.00443945246922
NANOGNBP3	SRR5176631	2.0191108727601597
NANOGNBP3	SRR5176632	2.0056167365879425
NANOGNBP3	SRR5176633	1.0063933941186642
NANOGNBP3	SRR5176634	1.0395854398178583
NANOGNBP3	SRR5176635	1.006092499057644
NANOGNBP3	SRR5176636	1.0259454268844617
NANOGNBP3	SRR5176637	2.0590699833559802
NANOGNBP3	SRR5176638	1.122472464979261
NANOGNBP3	SRR5176639	2
NANOGNBP3	SRR5176640	1.0439825147124846
NANOGNBP3	SRR5176641	1.0145674663519957
NANOGNBP3	SRR5176642	1.0019065235500912
NANOGNBP3	SRR5176643	1.0017262519502124
NANOGNBP3	SRR5176644	1.000179960941952
NANOGNBP3	SRR5176645	1.038132905050157
NANOGNBP3	SRR5176646	1.018354954225084
NANOGNBP3	SRR5176647	2.0115774899947083
NANOGNBP3	SRR5176648	2.0056167365879425
NANOGNBP3	SRR5176649	1.0066452728062618
NANOGNBP3	SRR5176650	2.0476015013969175
NANOGNBP3	SRR5176651	1.0158653061982168
NANOGNBP3	SRR5176652	1.0055051719366213
NANOGNBP3	SRR5176653	3.008007654609363
NANOGNBP3	SRR5176654	1.0080755949097406
NANOGNBP3	SRR5176655	1.00118563174329
NANOGNBP3	SRR5176656	3.2090635524899165
NANOGNBP3	SRR5176657	1.0798186787512312
NANOGNBP3	SRR5176658	1.001620814861132
NANOGNBP3	SRR5176659	1.0021448794325023
NANOGNBP3	SRR5176660	1.001124914001854
NANOGNBP3	SRR5176661	2.010737190715282
NANOGNBP3	SRR5176662	2.902148251830975
NANOGNBP3	SRR5176663	1.0062735564114655
NANOGNBP3	SRR5176664	1
NANOGNBP3	SRR5176665	1.008705895915066
NANOGNBP3	SRR5176666	1.003794007351424
NANOGNBP3	SRR5176667	1.0784326276989211
NANOGNBP3	SRR5176668	1.004323906889319
NANOGNBP3	SRR5176669	1.0094259876059126
NANOGNBP3	SRR5176670	1.0063933941186642
NANOGNBP3	SRR5176671	3.0053528487072243
NANOGNBP3	SRR5176672	1.0054744269623506
NANOGNBP3	SRR5176673	1.0047509679775968
NANOGNBP3	SRR5176674	2.0045956219703265
NANOGNBP3	SRR5176675	1.0041780100330324
NANOGNBP3	SRR5176676	1.0182154548374127
NANOGNBP3	SRR5176677	3.00432178400522
NANOGNBP3	SRR5176678	1.0221313973041704
NANOGNBP3	SRR5176679	1.008843607004959
NANOGNBP3	SRR5176680	1.0028083682939712
NANOGNBP3	SRR5176681	1.0010802515574013
NANOGNBP3	SRR5176682	2.0194280637777706
NANOGNBP3	SRR5176683	1.004495162244163
NANOGNBP3	SRR5176684	1.0026279344264644
NANOGNBP3	SRR5176685	1.0029413626288513
NANOGNBP3	SRR5176686	1.0042610311786755
NANOGNBP3	SRR5176687	1.0044201455101487
NANOGNBP3	SRR5176688	1.0130567972055589
NANOGNBP3	SRR5176689	1.0073300783969779
NANOGNBP3	SRR5176690	1.0250785821196775
NANOGNBP3	SRR5176691	2.0018002572549074
NANOGNBP3	SRR5176692	1.0096679251628273
NANOGNBP3	SRR5176693	1.0072548499485035
NANOGNBP3	SRR5176694	4
NANOGNBP3	SRR5176695	1.0138275958896568
NANOGNBP3	SRR5176696	1.1276067886443841
NANOGNBP3	SRR5176697	1.0271093020097934
NANOGNBP3	SRR5176698	1.164477770967963
NANOGNBP3	SRR5176699	2.048491142174921
NANOGNBP3	SRR5176700	1.0887470529698755
NANOGNBP3	SRR5176701	1.0339279043721292
NANOGNBP3	SRR5176702	1
NANOGNBP3	SRR5176703	2.044477387972909
NANOGNBP3	SRR5176704	1.0043587228536055
NANOGNBP3	SRR5176705	1.0020393982806224
NANOGNBP3	SRR5176706	1.0268731231539296
NANOGNBP3	SRR5176707	1.0193297719483747
NANOGNBP3	SRR5176708	1.0095002108494255
NANOGNBP3	SRR5176709	2.0095019359551936
NANOGNBP3	SRR5176710	3
NANOGNBP3	SRR5176711	3.005707282216218
NANOGNBP3	SRR5176712	1.0124489319096075
NANOGNBP3	SRR5176713	1.0086581533197898
NANOGNBP3	SRR5176714	1.0597737530480678
NANOGNBP3	SRR5176715	1.0012604069024411
NANOGNBP3	SRR5176716	2.003929129891184
NANOGNBP3	SRR5176717	2.012855595068726
NANOGNBP3	SRR5176718	2.0171377691710624
NANOGNBP3	SRR5176719	1.0023284588262065
NANOGNBP3	SRR5176720	2
NANOGNBP3	SRR5176721	2
NANOGNBP3	SRR5176722	3.0581852253524104
NANOGNBP3	SRR5176723	1.0093325243947782
NANOGNBP3	SRR5176724	1.0053169006142997
NANOGNBP3	SRR5176725	1.0121298614748808
NANOGNBP3	SRR5176726	3
NANOGNBP3	SRR5176727	1.0005705740803321
NANOGNBP3	SRR5176728	2.0487498666922614
NANOGNBP3	SRR5176729	2.0037435851819483
NANOGNBP3	SRR5176730	3.0191384498346956
NANOGNBP3	SRR5176731	3.0136184045862837
NANOGNBP3	SRR5176732	2
NANOGNBP3	SRR5176733	2.00443945246922
NANOGNBP3	SRR5176734	1.0806477792257758
NANOGNBP3	SRR5176735	2.004656917652413
NANOGNBP3	SRR5176736	2.0038743188530233
NANOGNBP3	SRR5176737	1.0028971271632066
NANOGNBP3	SRR5176738	1.0106397277698875
NANOGNBP3	SRR5176739	1.0078091324706568
NANOGNBP3	SRR5176740	2.00814462976639
NANOGNBP3	SRR5176741	1.0408847329279391
NANOGNBP3	SRR5176742	1.010291833169212
NANOGNBP3	SRR5176743	3.034388623472823
NANOGNBP3	SRR5176744	1.0131637081071394
NANOGNBP3	SRR5176745	1.0088524506271404
NANOGNBP3	SRR5176746	1.00221972623461
NANOGNBP3	SRR5176747	3
NANOGNBP3	SRR5176748	2.0025208138048822
NANOGNBP3	SRR5176749	3.048503846913961
NANOGNBP3	SRR5176750	1.0159089388893974
NANOGNBP3	SRR5176751	1.0035611140644307
NANOGNBP3	SRR5176752	1.0044724723375944
NANOGNBP3	SRR5176753	1.002611135988753
NANOGNBP3	SRR5176754	1.0052184370390407
NANOGNBP3	SRR5176755	1.000465258632579
NANOGNBP3	SRR5176756	1.0283814664958064
NANOGNBP3	SRR5176757	1.0554499963578214
NANOGNBP3	SRR5176758	1.010940517584876
NANOGNBP3	SRR5176759	1.026903890048256
NANOGNBP3	SRR5176760	1.0056861235945007
NANOGNBP3	SRR5176761	1.0058055966749162
NANOGNBP3	SRR5176762	3.2220954590347866
NANOGNBP3	SRR5176763	1.007431702583026
NANOGNBP3	SRR5176764	1.0007200381067656
NANOGNBP3	SRR5176765	1.0016514420012725
NANOGNBP3	SRR5176766	2.0056167365879425
NANOGNBP3	SRR5176767	1.0010054898524368
NANOGNBP3	SRR5176768	2.0297328991507557
NANOGNBP3	SRR5176769	1.002883264649812
NANOGNBP3	SRR5176770	1.0022978109851632
NANOGNBP3	SRR5176771	1.002412783311024
NANOGNBP3	SRR5176772	3.0185952205954254
NANOGNBP3	SRR5176773	2.0148041272683828
NANOGNBP3	SRR5176774	1.0060997931780538
NANOGNBP3	SRR5176775	2.0185019253173775
NANOGNBP3	SRR5176776	3.0243502434716834
NANOGNBP3	SRR5176777	1.0097815941634372
NANOGNBP3	SRR5176778	1.005572915612441
NANOGNBP3	SRR5176779	3.0151127085939917
NANOGNBP3	SRR5176780	1.0029888346325269
NANOGNBP3	SRR5176781	2.012369586999972
NANOGNBP3	SRR5176782	1.0080091098205926
NANOGNBP3	SRR5176783	4.036262918856982
NANOGNBP3	SRR5176784	1.0040386698901456
NANOGNBP3	SRR5176785	1.0017262519502124
NANOGNBP3	SRR5176786	1
NANOGNBP3	SRR5176787	1.007497432173284
NANOGNBP3	SRR5176788	1.0264449971198473
NANOGNBP3	SRR5176789	1.013949547608129
NANOGNBP3	SRR5176790	1.0093226993929205
NANOGNBP3	SRR5176791	1.0086741821784493
NANOGNBP3	SRR5176792	1
NANOGNBP3	SRR5176793	1.0088841699686975
NANOGNBP3	SRR5176794	1.0044644481525995
NANOGNBP3	SRR5176795	1.0041337200241454
NANOGNBP3	SRR5176796	1.0222382848481906
NANOGNBP3	SRR5176797	1.0069060376635988
NANOGNBP3	SRR5176798	1.0052110855900878
NANOGNBP3	SRR5176799	3
NANOGNBP3	SRR5176800	3.023262893122918
NANOGNBP3	SRR5176801	1.0168619162072303
NANOGNBP3	SRR5176802	1.0138345149480519
NANOGNBP3	SRR5176803	1.00402802953607
NANOGNBP3	SRR5176804	2.04225288153522
NANOGNBP3	SRR5176805	1.0038166819322296
NANOGNBP3	SRR5176806	1.0293316032282849
NANOGNBP3	SRR5176807	1.0006453033029128
NANOGNBP3	SRR5176808	2.0007199085396894
NANOGNBP3	SRR5176809	2.0028811893368133
NANOGNBP3	SRR5176810	1
NANOGNBP3	SRR5176811	1
NANOGNBP3	SRR5176812	2.0021605031148026
NANOGNBP3	SRR5176813	1.0010802515574013
NANOGNBP3	SRR5176814	4
NANOGNBP3	SRR5176815	1.013767067239064
NANOGNBP3	SRR5176816	1.014024061573879
NANOGNBP3	SRR5176817	1.0051501237216312
NANOGNBP3	SRR5176818	2.004895066048328
NANOGNBP3	SRR5176819	1.052525107799273
NANOGNBP3	SRR5176820	2.0441245986706273
NANOGNBP3	SRR5176821	1.008962478364178
NANOGNBP3	SRR5176822	4.1153304637530645
NANOGNBP3	SRR5176823	1.0037302716009715
NANOGNBP3	SRR5176824	3.016740809122738
NANOGNBP3	SRR5176825	2.0021605031148026
NANOGNBP3	SRR5176826	1.0080601963585891
NANOGNBP3	SRR5176827	2.0074834317356487
NANOGNBP3	SRR5176828	3.0118086811464235
NANOGNBP3	SRR5176829	1.0026585923618834
NANOGNBP3	SRR5176830	2.0007199085396894
NANOGNBP3	SRR5176831	1.0050818994069226
NANOGNBP3	SRR5176832	1.0098220047641269
NANOGNBP3	SRR5176833	2.0113598633321512
NANOGNBP3	SRR5176834	2.0076035735510467
NANOGNBP3	SRR5176835	2.0069723341721946
NANOGNBP3	SRR5176836	1.000825380374255
NANOGNBP3	SRR5176837	1.0508653132871792
NANOGNBP3	SRR5176838	2.0493173059351193
NANOGNBP3	SRR5176839	2.080501556171914
NANOGNBP3	SRR5176840	1.000465258632579
NANOGNBP3	SRR5176841	1.0134982253253717
NANOGNBP3	SRR5176842	1.0061368754637303
NANOGNBP3	SRR5176843	2.0152321932487585
NANOGNBP3	SRR5176844	2.005766529299624
NANOGNBP3	SRR5176845	1.0144079175752987
NANOGNBP3	SRR5176846	1.0044337350001697
NANOGNBP3	SRR5176847	2.039624375839611
NANOGNBP3	SRR5176848	2.016836496565967
NANOGNBP3	SRR5176849	1.0192261891808638
NANOGNBP3	SRR5176850	1.0134815678813656
NANOGNBP3	SRR5176851	3.0031366477226857
NANOGNBP3	SRR5176852	1.0219393534398167
NANOGNBP3	SRR5176853	1.002447533024164
NANOGNBP3	SRR5176854	1.0464063323203885
NANOGNBP3	SRR5176855	3.006801492243685
NANOGNBP3	SRR5176856	1.015767846289757
NANOGNBP3	SRR5176857	1.0034661181326476
NANOGNBP3	SRR5176858	2.0136895159246357
NANOGNBP3	SRR5176859	1.0017568823143634
NANOGNBP3	SRR5176860	3
NANOGNBP3	SRR5176861	1.0019065235500912
NANOGNBP3	SRR5176862	1.005770730554937
NANOGNBP3	SRR5176863	3.007342599072492
NANOGNBP3	SRR5176864	1.0048033120397526
NANOGNBP3	SRR5176865	1.0019065235500912
NANOGNBP3	SRR5176866	3
NANOGNBP3	SRR5176867	3.0126164305351577
NANOGNBP3	SRR5176868	1.0345942081893522
NANOGNBP3	SRR5176869	2.004895066048328
NANOGNBP3	SRR5176870	1.004495162244163
NANOGNBP3	SRR5176871	1.0033885602826702
NANOGNBP3	SRR5176872	1.0190046497146266
NANOGNBP3	SRR5861974	1.0130433677592323
NANOGNBP3	SRR5861975	1.0090231573303534
NANOGNBP3	SRR5861976	1.0399586289520686
NANOGNBP3	SRR5861977	1
NANOGNBP3	SRR5861978	1.0048260094196193
NANOGNBP3	SRR5861979	2.018624006082113
NANOGNBP3	SRR5861980	2
NANOGNBP3	SRR5861981	2.039563184278383
NANOGNBP3	SRR5861982	1.2333293129099616
NANOGNBP3	SRR5861983	2.003241629722264
NANOGNBP3	SRR5861984	1.0080145694811098
NANOGNBP3	SRR5861985	1.016870477919848
NANOGNBP3	SRR5861986	1.0019813525502068
NANOGNBP3	SRR5861987	1.0125418094627725
NANOGNBP3	SRR5861988	2.034128828215953
NANOGNBP3	SRR5861989	1.0123248275356085
NANOGNBP3	SRR5861990	2.00596946812595
NANOGNBP3	SRR5861991	3
NANOGNBP3	SRR5861992	2
NANOGNBP3	SRR5861993	1.003694208229873
NANOGNBP3	SRR5861994	2
NANOGNBP3	SRR5861995	2.0173400427991455
NANOGNBP3	SRR5861996	1.0041304817450423
NANOGNBP3	SRR5861997	1.025339219737338
NANOGNBP3	SRR5861998	1.005699730212809
NANOGNBP3	SRR5861999	1.026742644639398
NANOGNBP3	SRR5862000	1.0003599542698447
NANOGNBP3	SRR5862001	4
NANOGNBP3	SRR5862002	2.0021605031148026
NANOGNBP3	SRR5862003	1.002412783311024
NANOGNBP3	SRR5862004	1.005509961707591
NANOGNBP3	SRR5862005	3.0157475225572776
NANOGNBP3	SRR5862006	3.0112251476034726
NANOGNBP3	SRR5862007	1.008386543590015
NANOGNBP3	SRR5862008	3.0119512384265485
NANOGNBP3	SRR5862009	1.0035304285329265
NANOGNBP3	SRR5862010	1.0512612155664167
NANOGNBP3	SRR5862011	1.0355123965079929
NANOGNBP3	SRR5862012	2.013963070147916
NANOGNBP3	SRR5862013	2.041301406146421
NANOGNBP3	SRR5862014	1.0048549166779728
NANOGNBP3	SRR5862015	3
NANOGNBP3	SRR5862016	1.0041644240028431
NANOGNBP3	SRR5862017	1.0081920406445979
NANOGNBP3	SRR5862018	2.007961016693476
NANOGNBP3	SRR5862019	2.0157753054039076
NANOGNBP3	SRR5862020	1.003363733709208
NANOGNBP3	SRR5862021	1.0059502686096389
NANOGNBP3	SRR5862022	1.004809174154462
NANOGNBP3	SRR5862023	3.0224496189993975
NANOGNBP3	SRR5862024	2.0053720352279636
NANOGNBP3	SRR5862025	1
NANOGNBP3	SRR5862026	1.0076713729183253
NANOGNBP3	SRR5862027	1.0005399799895063
NANOGNBP3	SRR5862028	1.1262536898298274
NANOGNBP3	SRR5862029	1.02024518939608
NANOGNBP3	SRR5862030	1.0027334775314678
NANOGNBP3	SRR5862031	1.0069060376635988
NANOGNBP3	SRR5862032	3.219948503728492
NANOGNBP3	SRR5862033	1.0014986090722051
NANOGNBP3	SRR5862034	1.2455161624992859
NANOGNBP3	SRR5862035	1.0065785570627332
NANOGNBP3	SRR5862036	3.0520306176797263
NANOGNBP3	SRR5862037	1.0542964573472537
NANOGNBP3	SRR5862038	1.0790945062876685
NANOGNBP3	SRR5862039	2.0034525039004247
NANOGNBP3	SRR5862040	3.0192627645811516
NANOGNBP3	SRR5862041	3.0160135636782712
NANOGNBP3	SRR5862042	1.0088120788256298
NANOGNBP3	SRR5862043	2
NANOGNBP3	SRR5862044	1.0013658060526471
NANOGNBP3	SRR5862045	1.0041611856247215
NANOGNBP3	SRR5862046	1.0077848171459254
NANOGNBP3	SRR5862047	1.0087045754820203
NANOGNBP3	SRR5862048	1.2470733792685733
NANOGNBP3	SRR5862049	3.046295760304691
NANOGNBP3	SRR5862050	2.0065498670882853
NANOGNBP3	SRR5862051	2.009345384224076
NANOGNBP3	SRR5862052	2.0069109676924404
NANOGNBP3	SRR5862053	1.0026279344264644
NANOGNBP3	SRR5862054	4.104063998027025
NANOGNBP3	SRR5862055	1.022637922005436
NANOGNBP3	SRR5862056	1.0326488670033724
NANOGNBP3	SRR5862057	2.0153119610834875
NANOGNBP3	SRR5862058	2.004534328162457
NANOGNBP3	SRR5862059	1.0276203307721452
NANOGNBP3	SRR5862060	1.0090831474448634
NANOGNBP3	SRR5862061	1.0035611140644307
NANOGNBP3	SRR5862062	1.0005399799895063
NANOGNBP3	SRR5862063	1.0119474539360775
NANOGNBP3	SRR5862064	1.0019371594265116
NANOGNBP3	SRR5862065	1.0025183037678282
NANOGNBP3	SRR5862066	1.0090241825684263
NANOGNBP3	SRR5862067	1.2340297724805442
NANOGNBP3	SRR5862068	2.0094404921287046
NANOGNBP3	SRR5862069	1.0021269302544924
NANOGNBP3	SRR5862070	1.0132753777637182
NANOGNBP3	SRR5862071	1.2517458229536382
NANOGNBP3	SRR5862072	1.2634612941586179
NANOGNBP3	SRR5862073	2.0037182055455687
NANOGNBP3	SRR5862074	1.0050281404219858
NANOGNBP3	SRR5862075	1.0067831870350152
NANOGNBP3	SRR5862076	1.240670619317905
NANOGNBP3	SRR5862077	1.003924078944055
NANOGNBP3	SRR5862078	1.0774391300279966
NANOGNBP3	SRR5862079	3.0303079967696975
NANOGNBP3	SRR5862080	2.0366524423420675
NANOGNBP3	SRR5862081	1.0017262519502124
NANOGNBP3	SRR5862082	2.0075047063752867
NANOGNBP3	SRR5862083	1
NANOGNBP3	SRR5862084	3.0204507719876905
NANOGNBP3	SRR5862085	2
NANOGNBP3	SRR5862086	1.0247352824726355
NANOGNBP3	SRR5862087	1.0117536254353572
NANOGNBP3	SRR5862088	1.121721315480128
NANOGNBP3	SRR5862089	1.0122530679623452
NANOGNBP3	SRR5862090	3.0051284058589713
NANOGNBP3	SRR5862091	1.013801038227387
NANOGNBP3	SRR5862092	2.0410484306492735
NANOGNBP3	SRR5862093	2.000359921883904
NANOGNBP3	SRR5862094	1.004945674737599
NANOGNBP3	SRR5862095	1.0873315399586785
NANOGNBP3	SRR5862096	1.00216167005823
NANOGNBP3	SRR5862097	1.0052491741857592
NANOGNBP3	SRR5862098	0.9538079228387495
NANOGNBP3	SRR5862099	2.0447551246445546
NANOGNBP3	SRR5862100	1.0026279344264644
NANOGNBP3	SRR5862101	1.0581490093852495
NANOGNBP3	SRR5862102	3.017346402996241
NANOGNBP3	SRR5862103	2.046607125572933
NANOGNBP3	SRR5862104	1.0041337200241454
NANOGNBP3	SRR5862105	1.0110064761067548
NANOGNBP3	SRR5862106	1.0042530086827692
NANOGNBP3	SRR5862107	1
NANOGNBP3	SRR5862108	1.0068477100204776
NANOGNBP3	SRR5862109	1.0018010674864533
NANOGNBP3	SRR5862110	1.0079096360319266
NANOGNBP3	SRR5862111	1.0145480117591426
NANOGNBP3	SRR5862112	1.0037110248141228
NANOGNBP3	SRR5862113	2.0173483643568986
NANOGNBP3	SRR5862114	3.0139268007611015
NANOGNBP3	SRR5862115	1.006604989330596
NANOGNBP3	SRR5862116	1.0254857038474403
NANOGNBP3	SRR5862117	1.0032581242663439
NANOGNBP3	SRR5862118	4.033057531472728
NANOGNBP3	SRR5862119	3.012216944649585
NANOGNBP3	SRR5862120	1.0009001286274537
NANOGNBP3	SRR5862121	1.0014405946684066
NANOGNBP3	SRR5862122	1.0020393982806224
NANOGNBP3	SRR5862123	3.006801492243685
NANOGNBP3	SRR5862124	1.0031693334479748
NANOGNBP3	SRR5862125	4
NANOGNBP3	SRR5862126	2.0018002572549074
NANOGNBP3	SRR5862127	1.0037110248141228
NANOGNBP3	SRR5862128	1.003694208229873
NANOGNBP3	SRR5862129	1.0783123695394767
NANOGNBP3	SRR5862130	1.0061676406940727
NANOGNBP3	SRR5862131	1.0022671640812284
NANOGNBP3	SRR5862132	1.0009001286274537
NANOGNBP3	SRR5862133	2.0018002572549074
NANOGNBP3	SRR5862134	2.000359921883904
NANOGNBP3	SRR5862135	1.0124958537165647
NANOGNBP3	SRR5862136	1.0003599542698447
NANOGNBP3	SRR5862137	3.00648501017469
NANOGNBP3	SRR5862138	1.0017663401829568
NANOGNBP3	SRR5862139	2.0026432801561653
NANOGNBP3	SRR5862140	1.0032442567630784
NANOGNBP3	SRR5862141	1.0042837163090255
NANOGNBP3	SRR5862142	2.0053720352279636
NANOGNBP3	SRR5862143	1.0003599542698447
NANOGNBP3	SRR5862144	1.0055802697075793
NANOGNBP3	SRR5862145	1.0032749335441427
NANOGNBP3	SRR5862146	1.0133733985581923
NANOGNBP3	SRR5862147	1.0071624573529558
NANOGNBP3	SRR5862148	2
NANOGNBP3	SRR5862149	1.0056861235945007
NANOGNBP3	SRR5862150	1.0024033193392368
NANOGNBP3	SRR5862151	1.012046576634804
NANOGNBP3	SRR5862152	1.0238846982116432
NANOGNBP3	SRR5862153	1.0203447653969262
NANOGNBP3	SRR5862154	2
NANOGNBP3	SRR5862155	1.0062123152026168
NANOGNBP3	SRR5862156	1.0252722652958044
NANOGNBP3	SRR5862157	1.025782636703574
NANOGNBP3	SRR5862158	1.0005399799895063
NANOGNBP3	SRR5862159	2.01167270355111
NANOGNBP3	SRR5862160	1.0378044312625647
NANOGNBP3	SRR5862161	1.0027199110450864
NANOGNBP3	SRR5862162	2.0065162485326877
NANOGNBP3	SRR5862163	2.00676108951292
NANOGNBP3	SRR5862164	1.0500323204142936
NANOGNBP3	SRR5862165	1.0042943593727842
NANOGNBP3	SRR5862166	1.0042530086827692
NANOGNBP3	SRR5862167	2.004173655183634
NANOGNBP3	SRR5862168	1.0016514420012725
NANOGNBP3	SRR5862169	3.0108958902739107
NANOGNBP3	SRR5862170	1.0108445605752712
NANOGNBP3	SRR5862171	1.0016820700779165
NANOGNBP3	SRR5862172	3.0051787558506367
NANOGNBP3	SRR5862173	1.024784508800748
NANOGNBP3	SRR5862174	1.0281268623068158
NANOGNBP3	SRR5862175	1.0048260094196193
NANOGNBP3	SRR5862176	1.0171349305854593
NANOGNBP3	SRR5862177	1.0318682832320207
NANOGNBP3	SRR5862178	2.0570702848294458
NANOGNBP3	SRR5862179	1.0056022027105522
NANOGNBP3	SRR5862180	1.163410651901285
NANOGNBP3	SRR5862181	1.0208867172468703
NANOGNBP3	SRR5862182	1.0091326280382285
NANOGNBP3	SRR5862183	1.0048842199437062
NANOGNBP3	SRR5862184	1.0267236692152724
NANOGNBP3	SRR5862185	1
NANOGNBP3	SRR5862186	1.0072483532698095
NANOGNBP3	SRR5862187	1.0074072425695189
NANOGNBP3	SRR5862188	2.077726517777755
NANOGNBP3	SRR5862189	1.0080998574243627
NANOGNBP3	SRR5862190	3.0039649202342478
NANOGNBP3	SRR5862191	1.0115110461819634
NANOGNBP3	SRR5862192	1.0447528439170217
NANOGNBP3	SRR5862193	2.0071222281288614
NANOGNBP3	SRR5862194	1.0051877008321608
NANOGNBP3	SRR5862195	1.0062679805579082
NANOGNBP3	SRR5862196	3
NANOGNBP3	SRR5862197	1
NANOGNBP3	SRR5862198	1.1006263597390016
NANOGNBP3	SRR5862199	1.002447533024164
NANOGNBP3	SRR5862200	2.004234937962998
NANOGNBP3	SRR5862201	0.42208503584533147
NANOGNBP3	SRR5862202	2.0423671598713296
NANOGNBP3	SRR5862203	2.066964378375724
NANOGNBP3	SRR5862204	2
NANOGNBP3	SRR5862205	1
NANOGNBP3	SRR5862206	1.0177742386248947
NANOGNBP3	SRR5862207	1.0052627748922789
NANOGNBP3	SRR5862208	2.0378547422718807
NANOGNBP3	SRR5862209	1.0111265812321877
NANOGNBP3	SRR5862210	4
NANOGNBP3	SRR5862211	1.0321768293944853
NANOGNBP3	SRR5862212	1.0087809371964969
NANOGNBP3	SRR5862213	2.009149939796073
NANOGNBP3	SRR5862214	4.010794871624395
NANOGNBP3	SRR5862215	2.00474533841842
NANOGNBP3	SRR5862216	1.0035611140644307
NANOGNBP3	SRR5862217	2.012875567593067
NANOGNBP3	SRR5862218	1.0009001286274537
NANOGNBP3	SRR5862219	2.045891163415182
NANOGNBP3	SRR5862220	1.0044644481525995
NANOGNBP3	SRR5862221	3
NANOGNBP3	SRR5862222	1.0032306833661075
NANOGNBP3	SRR5862223	1.0429841423303001
NANOGNBP3	SRR5862224	1.007644976521039
NANOGNBP3	SRR5862225	1.0026238353323988
NANOGNBP3	SRR5862226	1.0010802515574013
NANOGNBP3	SRR5862227	3
NANOGNBP3	SRR5862228	1.0088969487682873
NANOGNBP3	SRR5862229	2.01167270355111
NANOGNBP3	SRR5862230	1.0052323318307268
NANOGNBP3	SRR5862231	2.0040787965612448
NANOGNBP3	SRR5862232	1.014834368071843
NANOGNBP3	SRR5862233	1.0027334775314678
NANOGNBP3	SRR5862234	3.017324527543994
NANOGNBP3	SRR5862235	3.002700385882361
NANOGNBP3	SRR5862236	2.004234937962998
NANOGNBP3	SRR5862237	1.030696233812855
NANOGNBP3	SRR5862238	1.000825380374255
NANOGNBP3	SRR5862239	1.007643811307862
NANOGNBP3	SRR5862240	2.005405634612623
NANOGNBP3	SRR5862241	2.0122933389079476
NANOGNBP3	SRR5862242	2.0136681757411443
NANOGNBP3	SRR5862243	1.0055084743211022
NANOGNBP3	SRR5862244	1.014062871686957
NANOGNBP3	SRR5862245	1.0179113233903831
NANOGNBP3	SRR5862246	1.0018838921166466
NANOGNBP3	SRR5862247	2.010948853924701
NANOGNBP3	SRR5862248	2.001440076213531
NANOGNBP3	SRR5862249	1.014824489514172
NANOGNBP3	SRR5862250	1.0105296734932572
NANOGNBP3	SRR5862251	1.0100832966107522
NANOGNBP3	SRR5862252	2.0050448048608844
NANOGNBP3	SRR5862253	2.0152444309306112
NANOGNBP3	SRR5862254	1.0069504499529853
NANOGNBP3	SRR5862255	1.0077540024677532
NANOGNBP3	SRR5862256	1.0154304835599302
NANOGNBP3	SRR5862257	1.0133332028501592
NANOGNBP3	SRR5862258	3.007659171416844
NANOGNBP3	SRR5862259	2.0268290258529236
NANOGNBP3	SRR5862260	1.0641135195805316
NANOGNBP3	SRR5862261	1.0162121900968593
NANOGNBP3	SRR5862262	2.019366750036445
NANOGNBP3	SRR5862263	2.090045437912916
NANOGNBP3	SRR5862264	1.0056553730873352
NANOGNBP3	SRR5862265	3.0035568952298695
NANOGNBP3	SRR5862266	2.0108536746284926
NANOGNBP3	SRR5862267	1.0548744221196733
NANOGNBP3	SRR5862268	1.0048260094196193
NANOGNBP3	SRR5862269	1.0038780714396673
NANOGNBP3	SRR5862270	1.00221972623461
NANOGNBP3	SRR5862271	1.0058638639474222
NANOGNBP3	SRR5862272	2.022092125566674
NANOGNBP3	SRR5862273	1.0033150837538076
NANOGNBP3	SRR5862274	2.0090789363908557
NANOGNBP3	SRR5862275	1.0127963981370376
NANOGNBP3	SRR5862276	1.0171325747477717
NANOGNBP3	SRR5862277	1.012407898752116
NANOGNBP3	SRR5949109	1.1543930374941627
NANOGNBP3	SRR5949110	1.1528629477900991
NANOGNBP3	SRR5949111	1.1543861423812125
NANOGNBP3	SRR5949112	1.1544080735423528
NANOGNBP3	SRR5949113	1.1538715423531325
NANOGNBP3	SRR5949114	1.1544080735423528
NANOGNBP3	SRR5949115	1.1543930374941627
NANOGNBP3	SRR5949116	1.154328975937927
NANOGNBP3	SRR5949117	1.1544080735423528
NANOGNBP3	SRR5949118	1.1542881659876676
NANOGNBP3	SRR5949119	1.1544066367558048
NANOGNBP3	SRR5949120	1.1542612816136126
NANOGNBP3	SRR5949121	1.1542612816136126
NANOGNBP3	SRR5949122	1.1542193125787963
NANOGNBP3	SRR5949123	1.154119770897195
NANOGNBP3	SRR5949124	1.1536303593625774
NANOGNBP3	SRR5949125	1.1538715423531325
NANOGNBP3	SRR5949126	1.1542193125787963
NANOGNBP3	SRR5949127	1.1542612816136126
NANOGNBP3	SRR5949128	1.1542612816136126
NANOGNBP3	SRR5949129	1.1544066367558048
NANOGNBP3	SRR5949130	1.1543861423812125
NANOGNBP3	SRR5949131	1.1541454974839138
NANOGNBP3	SRR5949132	1.1543930374941627
NANOGNBP3	SRR5949133	1.154243037085462
NANOGNBP3	SRR5949134	1.1544080735423528
NANOGNBP3	SRR5949135	1.1543244711383844
NANOGNBP3	SRR5949136	1.1544018504729736
NANOGNBP3	SRR5949137	1.1537285180296166
NANOGNBP3	SRR5949138	1.154127700715507
NANOGNBP3	SRR5949139	1.1542342444976637
NANOGNBP3	SRR5949140	1.1543861423812125
NANOGNBP3	SRR5949141	1.1544066367558048
NANOGNBP3	SRR5949142	1.1543861423812125
NANOGNBP3	SRR5949143	1.1544080735423528
NANOGNBP3	SRR5949144	1.154243037085462
NANOGNBP3	SRR5949145	1.1542881659876676
NANOGNBP3	SRR5949146	1.1542763738511965
NANOGNBP3	SRR5949147	1.1542763738511965
NANOGNBP3	SRR5949148	1.1535426695350546
NANOGNBP3	SRR5949149	1.1542881659876676
NANOGNBP3	SRR5949150	1.1544066367558048
NANOGNBP3	SRR5949151	1.1540843659274789
NANOGNBP3	SRR5949152	1.1521642390280358
NANOGNBP3	SRR5949153	1.1542129775631536
NANOGNBP3	SRR5949154	1.1532523441137337
NANOGNBP3	SRR5949155	1.1542881659876676
NANOGNBP3	SRR5949156	1.1544066367558048
NANOGNBP3	SRR5949157	1.1543930374941627
NANOGNBP3	SRR5949158	1.1544080735423528
NANOGNBP3	SRR5949159	1.1533709738650642
NANOGNBP3	SRR5949160	1.1543930374941627
NANOGNBP3	SRR5949161	1.1543861423812125
NANOGNBP3	SRR5949162	1.1543930374941627
NANOGNBP3	SRR5949163	1.1544066367558048
NANOGNBP3	SRR5949164	1.1544080735423528
NANOGNBP3	SRR5949165	1.154328975937927
NANOGNBP3	SRR5949166	1.1544066367558048
NANOGNBP3	SRR5949167	1.1542881659876676
NANOGNBP3	SRR5949168	1.1543244711383844
NANOGNBP3	SRR5949169	1.1496389762158161
NANOGNBP3	SRR5949170	1.1544080735423528
NANOGNBP3	SRR5949171	1.1541360045743105
NANOGNBP3	SRR5949172	1.1541312616794417
NANOGNBP3	SRR5949173	1.1543930374941627
NANOGNBP3	SRR5949174	1.1543244711383844
NANOGNBP3	SRR5949175	1.1544080735423528
NANOGNBP3	SRR5949176	1.1542612816136126
NANOGNBP3	SRR5949177	1.153448318699057
NANOGNBP3	SRR5949178	1.1542129775631536
NANOGNBP3	SRR5949179	1.1543861423812125
NANOGNBP3	SRR5949180	1.1544080735423528
NANOGNBP3	SRR5949181	1.1544018504729736
NANOGNBP3	SRR5949182	1.154243037085462
NANOGNBP3	SRR5949183	1.1544066367558048
NANOGNBP3	SRR5949184	1.154328975937927
NANOGNBP3	SRR5949185	1.1541312616794417
NANOGNBP3	SRR5949186	1.1537962707798937
NANOGNBP3	SRR5949187	1.1543861423812125
NANOGNBP3	SRR5949188	1.1543244711383844
NANOGNBP3	SRR5949189	1.1542612816136126
NANOGNBP3	SRR5949190	1.1542881659876676
NANOGNBP3	SRR5949191	1.1541360045743105
NANOGNBP3	SRR5949192	1.1544018504729736
NANOGNBP3	SRR5949193	1.1544066367558048
NANOGNBP3	SRR5949194	1.1543930374941627
NANOGNBP3	SRR5949195	1.154328975937927
NANOGNBP3	SRR5949196	1.1541454974839138
NANOGNBP3	SRR5949197	1.153987572083333
NANOGNBP3	SRR5949198	1.153664101949279
NANOGNBP3	SRR5949199	1.1542193125787963
NANOGNBP3	SRR5949200	1.1544066367558048
NANOGNBP3	SRR5949201	1.1543244711383844
NANOGNBP3	SRR5949202	1.1543861423812125
NANOGNBP3	SRR5949203	1.1543930374941627
NANOGNBP3	SRR5949204	1.1544080735423528
NANOGNBP3	SRR5949205	1.1544080735423528
NANOGNBP3	SRR5949206	1.154328975937927
NANOGNBP3	SRR5949207	1.1543930374941627
NANOGNBP3	SRR5949208	1.1542881659876676
NANOGNBP3	SRR5949209	1.1543930374941627
NANOGNBP3	SRR5949210	1.1543244711383844
NANOGNBP3	SRR5949211	1.153987572083333
NANOGNBP3	SRR5949212	1.1543244711383844
NANOGNBP3	SRR5949213	1.1542193125787963
NANOGNBP3	SRR5949214	1.1540843659274789
NANOGNBP3	SRR5949215	1.1542612816136126
NANOGNBP3	SRR5949216	1.1543861423812125
NANOGNBP3	SRR5949217	1.1543861423812125
NANOGNBP3	SRR5949218	1.154243037085462
NANOGNBP3	SRR5949219	1.1542612816136126
NANOGNBP3	SRR5949220	1.1541312616794417
NANOGNBP3	SRR5949221	1.1540843659274789
NANOGNBP3	SRR5949222	1.1542612816136126
NANOGNBP3	SRR5949223	1.153448318699057
NANOGNBP3	SRR5949224	1.1542881659876676
NANOGNBP3	SRR5949225	1.1544018504729736
NANOGNBP3	SRR5949226	1.1541312616794417
NANOGNBP3	SRR5949227	1.1544018504729736
NANOGNBP3	SRR5949228	1.1541312616794417
NANOGNBP3	SRR5949229	1.154127700715507
NANOGNBP3	SRR5949230	1.1544018504729736
NANOGNBP3	SRR5949231	1.1540286696356532
NANOGNBP3	SRR5949232	1.1531855179973023
NANOGNBP3	SRR5949233	1.1534681238443258
NANOGNBP3	SRR5949234	1.1542763738511965
NANOGNBP3	SRR5949235	1.1541312616794417
NANOGNBP3	SRR5949236	1.1524349692227331
NANOGNBP3	SRR5949237	1.1540286696356532
NANOGNBP3	SRR5949238	1.1537962707798937
NANOGNBP3	SRR5949239	1.152631812552955
NANOGNBP3	SRR5949240	1.1544066367558048
NANOGNBP3	SRR5949241	1.1542881659876676
NANOGNBP3	SRR5949242	1.1543244711383844
NANOGNBP3	SRR5949243	1.1542129775631536
NANOGNBP3	SRR5949244	1.1542193125787963
NANOGNBP3	SRR5949245	1.1542342444976637
NANOGNBP3	SRR5949246	1.1543244711383844
NANOGNBP3	SRR5949247	1.1542763738511965
NANOGNBP3	SRR5949248	1.154328975937927
NANOGNBP3	SRR5949249	1.1543244711383844
NANOGNBP3	SRR5949250	1.1544080735423528
NANOGNBP3	SRR5949251	1.1541312616794417
NANOGNBP3	SRR5949252	1.1543930374941627
NANOGNBP3	SRR5949253	1.1539534513664238
NANOGNBP3	SRR5949254	1.154099487946561
NANOGNBP3	SRR5949255	1.1543244711383844
NANOGNBP3	SRR5949256	1.1542342444976637
NANOGNBP3	SRR5949257	1.1544066367558048
NANOGNBP3	SRR5949258	1.1544066367558048
NANOGNBP3	SRR5949259	1.154243037085462
NANOGNBP3	SRR5949260	1.1544080735423528
NANOGNBP3	SRR5949261	1.1544080735423528
NANOGNBP3	SRR5949262	1.1542193125787963
NANOGNBP3	SRR5949263	1.154328975937927
NANOGNBP3	SRR5949264	1.1542612816136126
NANOGNBP3	SRR5949265	1.1543930374941627
NANOGNBP3	SRR5949266	1.1537626724135772
NANOGNBP3	SRR5949267	1.1537779842987672
NANOGNBP3	SRR5949268	1.1544018504729736
NANOGNBP3	SRR5949269	1.1542612816136126
NANOGNBP3	SRR5949270	1.1543244711383844
NANOGNBP3	SRR5949271	1.154119770897195
NANOGNBP3	SRR5949272	1.1544080735423528
NANOGNBP3	SRR5949273	1.1544080735423528
NANOGNBP3	SRR5949274	1.154328975937927
NANOGNBP3	SRR5949275	1.154099487946561
NANOGNBP3	SRR5949276	1.154328975937927
NANOGNBP3	SRR5949277	1.1537779842987672
NANOGNBP3	SRR5949278	1.1543861423812125
NANOGNBP3	SRR5949279	1.1543861423812125
NANOGNBP3	SRR5949280	1.1539394876265088
NANOGNBP3	SRR5949281	1.1543244711383844
NANOGNBP3	SRR5949282	1.1544080735423528
NANOGNBP3	SRR5949283	1.154043329391819
NANOGNBP3	SRR5949284	1.1544080735423528
NANOGNBP3	SRR5949285	1.15317802952035
NANOGNBP3	SRR5949286	1.1537626724135772
NANOGNBP3	SRR5949287	1.1544080735423528
NANOGNBP3	SRR5949288	1.1543861423812125
NANOGNBP3	SRR5949289	1.1542342444976637
NANOGNBP3	SRR5949290	1.1544080735423528
NANOGNBP3	SRR5949291	1.1543244711383844
NANOGNBP3	SRR5949292	1.1542763738511965
NANOGNBP3	SRR5949293	1.1544080735423528
NANOGNBP3	SRR5949294	1.1544066367558048
NANOGNBP3	SRR5949295	1.1543861423812125
NANOGNBP3	SRR5949296	1.154328975937927
NANOGNBP3	SRR5949297	1.1543930374941627
NANOGNBP3	SRR5949298	1.1541360045743105
NANOGNBP3	SRR5949299	1.1542763738511965
NANOGNBP3	SRR5949300	1.1544066367558048
NANOGNBP3	SRR5949301	1.1544066367558048
NANOGNBP3	SRR5949302	1.1542342444976637
NANOGNBP3	SRR5949303	1.1541454974839138
NANOGNBP3	SRR5949304	1.1543930374941627
NANOGNBP3	SRR5949305	1.1537652995205527
NANOGNBP3	SRR5949306	1.1543930374941627
NANOGNBP3	SRR5949307	1.1542763738511965
NANOGNBP3	SRR5949308	1.154328975937927
NANOGNBP3	SRR5949309	1.154119770897195
NANOGNBP3	SRR5949310	1.154119770897195
NANOGNBP3	SRR5949311	1.1542763738511965
NANOGNBP3	SRR5949312	1.1540148338403267
NANOGNBP3	SRR5949313	1.1543244711383844
NANOGNBP3	SRR5949314	1.1544066367558048
NANOGNBP3	SRR5949315	1.1543244711383844
NANOGNBP3	SRR5949316	1.1543861423812125
NANOGNBP3	SRR5949317	1.1538444146289202
NANOGNBP3	SRR5949318	1.1537833054890896
NANOGNBP3	SRR5949319	1.1543930374941627
NANOGNBP3	SRR5949320	1.1544080735423528
NANOGNBP3	SRR5949321	1.154328975937927
NANOGNBP3	SRR5949322	1.1541312616794417
NANOGNBP3	SRR5949323	1.1543244711383844
NANOGNBP3	SRR5949324	1.1544080735423528
NANOGNBP3	SRR5949325	1.1543861423812125
NANOGNBP3	SRR5949326	1.1542881659876676
NANOGNBP3	SRR5949327	1.1537250692562184
NANOGNBP3	SRR5949328	1.1543930374941627
NANOGNBP3	SRR5949329	1.1544018504729736
NANOGNBP3	SRR5949330	1.1543861423812125
NANOGNBP3	SRR5949331	1.1544018504729736
NANOGNBP3	SRR5949332	1.1544080735423528
NANOGNBP3	SRR5949333	1.154243037085462
NANOGNBP3	SRR5949334	1.1540148338403267
NANOGNBP3	SRR5949335	1.1544066367558048
NANOGNBP3	SRR5949336	1.154328975937927
NANOGNBP3	SRR5949337	1.1544018504729736
NANOGNBP3	SRR5949338	1.1543861423812125
NANOGNBP3	SRR5949339	1.1543861423812125
NANOGNBP3	SRR5949340	1.1541454974839138
NANOGNBP3	SRR5949341	1.154243037085462
NANOGNBP3	SRR5949342	1.1543930374941627
NANOGNBP3	SRR5949343	1.1542612816136126
NANOGNBP3	SRR5949344	1.1543930374941627
NANOGNBP3	SRR5949345	1.1544018504729736
NANOGNBP3	SRR5949346	1.1537070312898285
NANOGNBP3	SRR5949347	1.1539830975965506
NANOGNBP3	SRR5949348	1.1532222126984653
NANOGNBP3	SRR5949349	1.1543861423812125
NANOGNBP3	SRR5949350	1.1543244711383844
NANOGNBP3	SRR5949351	1.1543244711383844
NANOGNBP3	SRR5949352	1.154328975937927
NANOGNBP3	SRR5949353	1.1543861423812125
NANOGNBP3	SRR5949354	1.154118135098547
NANOGNBP3	SRR5949355	1.1542763738511965
NANOGNBP3	SRR5949356	1.1513016641508953
NANOGNBP3	SRR5949357	1.1542763738511965
NANOGNBP3	SRR5949358	1.1542881659876676
NANOGNBP3	SRR5949359	1.1543861423812125
NANOGNBP3	SRR5949360	1.154243037085462
NANOGNBP3	SRR5949361	1.1542342444976637
NANOGNBP3	SRR5949362	1.1524373005233322
NANOGNBP3	SRR5949363	1.1544018504729736
NANOGNBP3	SRR5949364	1.1541344162995835
NANOGNBP3	SRR5949365	1.1539534513664238
NANOGNBP3	SRR5949366	1.151926209413139
NANOGNBP3	SRR5949367	1.1544080735423528
NANOGNBP3	SRR5949368	1.1532936707463863
NANOGNBP3	SRR5949369	1.1544066367558048
NANOGNBP3	SRR5949370	1.1543930374941627
NANOGNBP3	SRR5949371	1.154127700715507
NANOGNBP3	SRR5949372	1.1543244711383844
NANOGNBP3	SRR5949373	1.1544066367558048
NANOGNBP3	SRR5949374	1.1541360045743105
NANOGNBP3	SRR5949375	1.1544066367558048
NANOGNBP3	SRR5949376	1.1544080735423528
NANOGNBP3	SRR5949377	1.1543861423812125
NANOGNBP3	SRR5949378	1.1544080735423528
NANOGNBP3	SRR5949379	1.1543861423812125
NANOGNBP3	SRR5949380	1.1535503567545762
NANOGNBP3	SRR5949381	1.154099487946561
NANOGNBP3	SRR5949382	1.1543861423812125
NANOGNBP3	SRR5949383	1.1542193125787963
NANOGNBP3	SRR5949384	1.1544066367558048
NANOGNBP3	SRR5949385	1.1542129775631536
NANOGNBP3	SRR5949386	1.1544080735423528
NANOGNBP3	SRR5949387	1.1525536382806347
NANOGNBP3	SRR5949388	1.1540976154898277
NANOGNBP3	SRR5949389	1.1544080735423528
NANOGNBP3	SRR5949390	1.1543244711383844
NANOGNBP3	SRR5949391	1.154127700715507
NANOGNBP3	SRR5949392	1.1544080735423528
NANOGNBP3	SRR5949393	1.154127700715507
NANOGNBP3	SRR5949394	1.154043329391819
NANOGNBP3	SRR5949395	1.1543244711383844
NANOGNBP3	SRR5949396	1.153448318699057
NANOGNBP3	SRR5949397	1.1544066367558048
NANOGNBP3	SRR5949398	1.1544018504729736
NANOGNBP3	SRR5949399	1.1542881659876676
NANOGNBP3	SRR5949400	1.148920661344423
NANOGNBP3	SRR5949401	1.1544080735423528
NANOGNBP3	SRR5949402	1.154328975937927
NANOGNBP3	SRR5949403	1.1542612816136126
NANOGNBP3	SRR5949404	1.154127700715507
NANOGNBP3	SRR5949405	1.1543861423812125
NANOGNBP3	SRR5949406	1.1544066367558048
NANOGNBP3	SRR5949407	1.1543861423812125
NANOGNBP3	SRR5949408	1.1543861423812125
NANOGNBP3	SRR5949409	1.154328975937927
NANOGNBP3	SRR5949410	1.1543244711383844
NANOGNBP3	SRR5949411	1.1544080735423528
NANOGNBP3	SRR5949412	1.1542193125787963
NANOGNBP3	SRR5949413	1.154328975937927
NANOGNBP3	SRR5949414	1.1543861423812125
NANOGNBP3	SRR5949415	1.1543930374941627
NANOGNBP3	SRR5949416	1.1542763738511965
NANOGNBP3	SRR5949417	1.154243037085462
NANOGNBP3	SRR5949418	1.1543861423812125
NANOGNBP3	SRR5949419	1.1543930374941627
NANOGNBP3	SRR5949420	1.1542612816136126
NANOGNBP3	SRR5949421	1.154243037085462
NANOGNBP3	SRR5949422	1.1542763738511965
NANOGNBP3	SRR5949423	1.1542763738511965
NANOGNBP3	SRR5949424	1.1544080735423528
NANOGNBP3	SRR5949425	1.1542763738511965
NANOGNBP3	SRR5949426	1.1544018504729736
NANOGNBP3	SRR5949427	1.1542763738511965
NANOGNBP3	SRR5949428	1.1544080735423528
NANOGNBP3	SRR5949429	1.1540148338403267
NANOGNBP3	SRR5949430	1.1543244711383844
NANOGNBP3	SRR5949431	1.1543244711383844
NANOGNBP3	SRR5949432	1.1543244711383844
NANOGNBP3	SRR5949433	1.1542881659876676
NANOGNBP3	SRR5949434	1.1542881659876676
NANOGNBP3	SRR5949435	1.154099487946561
NANOGNBP3	SRR5949436	1.1543930374941627
NANOGNBP3	SRR5949437	1.1540843659274789
NANOGNBP3	SRR5949438	1.1539394876265088
NANOGNBP3	SRR5949439	1.1544066367558048
NANOGNBP3	SRR5949440	1.1544018504729736
NANOGNBP3	SRR5949441	1.1544018504729736
NANOGNBP3	SRR5949442	1.1541454974839138
NANOGNBP3	SRR5949443	1.1541312616794417
NANOGNBP3	SRR5949444	1.1540976154898277
NANOGNBP3	SRR5949445	1.1544080735423528
NANOGNBP3	SRR5949446	1.1543930374941627
NANOGNBP3	SRR5949447	1.1542763738511965
NANOGNBP3	SRR5949448	1.1544080735423528
NANOGNBP3	SRR5949449	1.1544080735423528
NANOGNBP3	SRR5949450	1.1543244711383844
NANOGNBP3	SRR5949451	1.154243037085462
NANOGNBP3	SRR5949452	1.1543244711383844
NANOGNBP3	SRR5949453	1.1542881659876676
NANOGNBP3	SRR5949454	1.1543861423812125
NANOGNBP3	SRR5949455	1.1542763738511965
NANOGNBP3	SRR5949456	1.1544066367558048
NANOGNBP3	SRR5949457	1.1544018504729736
NANOGNBP3	SRR5949458	1.1544066367558048
NANOGNBP3	SRR5949459	1.154328975937927
NANOGNBP3	SRR5949460	1.154127700715507
NANOGNBP3	SRR5949461	1.1537652995205527
NANOGNBP3	SRR5949462	1.1543930374941627
NANOGNBP3	SRR5949463	1.154119770897195
NANOGNBP3	SRR5949464	1.154043329391819
NANOGNBP3	SRR5949465	1.1535426695350546
NANOGNBP3	SRR5949466	1.1543244711383844
NANOGNBP3	SRR5949467	1.1536303593625774
NANOGNBP3	SRR5949468	1.1543930374941627
NANOGNBP3	SRR5949469	1.1544018504729736
NANOGNBP3	SRR5949470	1.1543861423812125
NANOGNBP3	SRR5949471	1.1542612816136126
NANOGNBP3	SRR5949472	1.154328975937927
NANOGNBP3	SRR5949473	1.154328975937927
NANOGNBP3	SRR5949474	1.1542881659876676
NANOGNBP3	SRR5949475	1.1544080735423528
NANOGNBP3	SRR5949476	1.1543861423812125
NANOGNBP3	SRR5949477	1.1544018504729736
NANOGNBP3	SRR5949478	1.154328975937927
NANOGNBP3	SRR5949479	1.1538444146289202
NANOGNBP3	SRR5949480	1.1542612816136126
NANOGNBP3	SRR5949481	1.1544018504729736
NANOGNBP3	SRR5949482	1.1542129775631536
NANOGNBP3	SRR5949483	1.1538715423531325
NANOGNBP3	SRR5949484	1.1543930374941627
NANOGNBP3	SRR5949485	1.154099487946561
NANOGNBP3	SRR5949486	1.1542881659876676
NANOGNBP3	SRR5949487	1.1542612816136126
NANOGNBP3	SRR5949488	1.153987572083333
NANOGNBP3	SRR5949489	1.1541344162995835
NANOGNBP3	SRR5949490	1.1541360045743105
NANOGNBP3	SRR5949491	1.1542881659876676
NANOGNBP3	SRR5949492	1.1541360045743105
NANOGNBP3	SRR5949493	1.154243037085462
NANOGNBP3	SRR5949494	1.1544080735423528
NANOGNBP3	SRR5949495	1.154043329391819
NANOGNBP3	SRR5949496	1.154243037085462
NANOGNBP3	SRR5949497	1.1542612816136126
NANOGNBP3	SRR5949498	1.1543244711383844
NANOGNBP3	SRR5949499	1.1543930374941627
NANOGNBP3	SRR5949500	1.1539304288892793
NANOGNBP3	SRR5949501	1.1541014455850918
NANOGNBP3	SRR5949502	1.1538715423531325
NANOGNBP3	SRR5949503	1.1541360045743105
NANOGNBP3	SRR5949504	1.1543861423812125
NANOGNBP3	SRR5949505	1.1543861423812125
NANOGNBP3	SRR5949506	1.1543861423812125
NANOGNBP3	SRR5949507	1.1544018504729736
NANOGNBP3	SRR5949508	1.154243037085462
NANOGNBP3	SRR5949509	1.1543930374941627
NANOGNBP3	SRR5949510	1.1543861423812125
NANOGNBP3	SRR5949511	1.1536505416463956
NANOGNBP3	SRR5949512	1.154328975937927
NANOGNBP3	SRR5949513	1.1544080735423528
NANOGNBP3	SRR5949514	1.1542193125787963
NANOGNBP3	SRR5949515	1.1543930374941627
NANOGNBP3	SRR5949516	1.1543244711383844
NANOGNBP3	SRR5949517	1.1543861423812125
NANOGNBP3	SRR5949518	1.1538715423531325
NANOGNBP3	SRR5949519	1.154127700715507
NANOGNBP3	SRR5949520	1.1544018504729736
NANOGNBP3	SRR5949521	1.1537652995205527
NANOGNBP3	SRR5949522	1.154328975937927
NANOGNBP3	SRR5949523	1.1544018504729736
NANOGNBP3	SRR5949524	1.1542881659876676
NANOGNBP3	SRR5949525	1.1542129775631536
NANOGNBP3	SRR5949526	1.1537070312898285
NANOGNBP3	SRR5949527	1.1541360045743105
NANOGNBP3	SRR5949528	1.1530313538581225
NANOGNBP3	SRR5949529	1.1541014455850918
NANOGNBP3	SRR5949530	1.1542612816136126
NANOGNBP3	SRR5949531	1.1542342444976637
NANOGNBP3	SRR5949532	1.1544018504729736
NANOGNBP3	SRR5949533	1.1544080735423528
NANOGNBP3	SRR5949534	1.1541454974839138
NANOGNBP3	SRR5949535	1.1543861423812125
NANOGNBP3	SRR5949536	1.1543244711383844
NANOGNBP3	SRR5949537	1.1543930374941627
NANOGNBP3	SRR5949538	1.1544080735423528
NANOGNBP3	SRR5949539	1.154243037085462
NANOGNBP3	SRR5949540	1.154118135098547
NANOGNBP3	SRR5949541	1.1542612816136126
NANOGNBP3	SRR5949542	1.154118135098547
NANOGNBP3	SRR5949543	1.1542881659876676
NANOGNBP3	SRR5949544	1.154127700715507
NANOGNBP3	SRR5949545	1.1539394876265088
NANOGNBP3	SRR5949546	1.1541360045743105
NANOGNBP3	SRR5949547	1.1544080735423528
NANOGNBP3	SRR5949548	1.1542881659876676
NANOGNBP3	SRR5949549	1.1539534513664238
NANOGNBP3	SRR5949550	1.1535522984622077
NANOGNBP3	SRR5949551	1.154328975937927
NANOGNBP3	SRR5949552	1.154043329391819
NANOGNBP3	SRR5949553	1.1544066367558048
NANOGNBP3	SRR5949554	1.1543861423812125
NANOGNBP3	SRR5949555	1.1452054817287791
NANOGNBP3	SRR5949556	1.154099487946561
NANOGNBP3	SRR5949557	1.1542881659876676
NANOGNBP3	SRR5949558	1.154043329391819
NANOGNBP3	SRR5949559	1.1543930374941627
NANOGNBP3	SRR5949560	1.1544018504729736
NANOGNBP3	SRR5949561	1.1537430923754213
NANOGNBP3	SRR5949562	1.154043329391819
NANOGNBP3	SRR5949563	1.1542763738511965
NANOGNBP3	SRR5949564	1.1543244711383844
NANOGNBP3	SRR5949565	1.1544066367558048
NANOGNBP3	SRR5949566	1.1543861423812125
NANOGNBP3	SRR5949567	1.1525839843466772
NANOGNBP3	SRR5949568	1.154118135098547
NANOGNBP3	SRR5949569	1.1541344162995835
NANOGNBP3	SRR5949570	1.1542612816136126
NANOGNBP3	SRR5949571	1.1539394876265088
NANOGNBP3	SRR5949572	1.154243037085462
NANOGNBP3	SRR5949573	1.154127700715507
NANOGNBP3	SRR5949574	1.1542881659876676
NANOGNBP3	SRR5949575	1.154243037085462
NANOGNBP3	SRR5949576	1.1542129775631536
NANOGNBP3	SRR5949577	1.1544066367558048
NANOGNBP3	SRR5949578	1.1543244711383844
NANOGNBP3	SRR5949579	1.1543861423812125
NANOGNBP3	SRR5949580	1.1543930374941627
NANOGNBP3	SRR5949581	1.1544080735423528
NANOGNBP3	SRR5949582	1.1541312616794417
NANOGNBP3	SRR5949583	1.1544066367558048
NANOGNBP3	SRR5949584	1.1536496989510014
NANOGNBP3	SRR5949585	1.154328975937927
NANOGNBP3	SRR5949586	1.1543861423812125
NANOGNBP3	SRR5949587	1.1542881659876676
NANOGNBP3	SRR5949588	1.153006792126308
NANOGNBP3	SRR5949589	1.1544080735423528
NANOGNBP3	SRR5949590	1.1541360045743105
NANOGNBP3	SRR5949591	1.1543930374941627
NANOGNBP3	SRR5949592	1.154243037085462
NANOGNBP3	SRR5949593	1.1544080735423528
NANOGNBP3	SRR5949594	1.154243037085462
NANOGNBP3	SRR5949595	1.154328975937927
NANOGNBP3	SRR5949596	1.1542763738511965
NANOGNBP3	SRR5949597	1.1538444146289202
NANOGNBP3	SRR5949598	1.154243037085462
NANOGNBP3	SRR5949599	1.1541344162995835
NANOGNBP3	SRR5949600	1.1543244711383844
NANOGNBP3	SRR5949601	1.154243037085462
NANOGNBP3	SRR5949602	1.1544080735423528
NANOGNBP3	SRR5949603	1.1543244711383844
NANOGNBP3	SRR5949604	1.1543861423812125
NANOGNBP3	SRR5949605	1.154243037085462
NANOGNBP3	SRR5949606	1.1540286696356532
NANOGNBP3	SRR5949607	1.1544018504729736
NANOGNBP3	SRR5949608	1.1537626724135772
NANOGNBP3	SRR5950246	1.1537070312898285
NANOGNBP3	SRR5950247	1.154043329391819
NANOGNBP3	SRR5950248	1.1543244711383844
NANOGNBP3	SRR5950249	1.1544080735423528
NANOGNBP3	SRR5950250	1.154127700715507
NANOGNBP3	SRR5950251	1.1543244711383844
NANOGNBP3	SRR5950252	1.1544066367558048
NANOGNBP3	SRR5950253	1.154328975937927
NANOGNBP3	SRR5950254	1.1540286696356532
NANOGNBP3	SRR5950255	1.1537779842987672
NANOGNBP3	SRR5950256	1.1532906572572703
NANOGNBP3	SRR5950257	1.1532936707463863
NANOGNBP3	SRR5950258	1.1543244711383844
NANOGNBP3	SRR5950259	1.1544018504729736
NANOGNBP3	SRR5950260	1.1543244711383844
NANOGNBP3	SRR5950261	1.154328975937927
NANOGNBP3	SRR5950262	1.1542193125787963
NANOGNBP3	SRR5950263	1.1538444146289202
NANOGNBP3	SRR5950264	1.1544018504729736
NANOGNBP3	SRR5950265	1.154119770897195
NANOGNBP3	SRR5950266	1.153620340573047
NANOGNBP3	SRR5950267	1.1543244711383844
NANOGNBP3	SRR5950268	1.154243037085462
NANOGNBP3	SRR5950269	1.154243037085462
NANOGNBP3	SRR5950270	1.1539830975965506
NANOGNBP3	SRR5950271	1.1544080735423528
NANOGNBP3	SRR5950272	1.1544080735423528
NANOGNBP3	SRR5950273	1.1543244711383844
NANOGNBP3	SRR5950274	1.1541454974839138
NANOGNBP3	SRR5950275	1.154243037085462
NANOGNBP3	SRR5950276	1.154328975937927
NANOGNBP3	SRR5950277	1.1541014455850918
NANOGNBP3	SRR5950278	1.1537962707798937
NANOGNBP3	SRR5950279	1.1542763738511965
NANOGNBP3	SRR5950280	1.1543861423812125
NANOGNBP3	SRR5950281	1.154243037085462
NANOGNBP3	SRR5950282	1.1538447615632836
NANOGNBP3	SRR5950283	1.154328975937927
NANOGNBP3	SRR5950284	1.1511338942169325
NANOGNBP3	SRR5950285	1.1540843659274789
NANOGNBP3	SRR5950286	1.1542881659876676
NANOGNBP3	SRR5950287	1.1537833054890896
NANOGNBP3	SRR5950288	1.154118135098547
NANOGNBP3	SRR5950289	1.1537285180296166
NANOGNBP3	SRR5950290	1.1543930374941627
NANOGNBP3	SRR5950291	1.154328975937927
NANOGNBP3	SRR5950292	1.1542193125787963
NANOGNBP3	SRR5950293	1.1539534513664238
NANOGNBP3	SRR5950294	1.1544080735423528
NANOGNBP3	SRR5950295	1.1544018504729736
NANOGNBP3	SRR5950296	1.1542881659876676
NANOGNBP3	SRR5950297	1.1540286696356532
NANOGNBP3	SRR5950298	1.1543930374941627
NANOGNBP3	SRR5950299	1.1541312616794417
NANOGNBP3	SRR5950300	1.1542881659876676
NANOGNBP3	SRR5950301	1.154328975937927
NANOGNBP3	SRR5950302	1.1542612816136126
NANOGNBP3	SRR5950303	1.1541454974839138
NANOGNBP3	SRR5950304	1.1540148338403267
NANOGNBP3	SRR5950305	1.1542612816136126
NANOGNBP3	SRR5950306	1.1542763738511965
NANOGNBP3	SRR5950307	1.1541344162995835
NANOGNBP3	SRR5950308	1.1542342444976637
NANOGNBP3	SRR5950309	1.154243037085462
NANOGNBP3	SRR5950310	1.1542881659876676
NANOGNBP3	SRR5950311	1.1543930374941627
NANOGNBP3	SRR5950312	1.1543244711383844
NANOGNBP3	SRR5950313	1.1542193125787963
NANOGNBP3	SRR5950314	1.1543930374941627
NANOGNBP3	SRR5950315	1.154328975937927
NANOGNBP3	SRR5950316	1.1544018504729736
NANOGNBP3	SRR5950317	1.1541312616794417
NANOGNBP3	SRR5950318	1.153987572083333
NANOGNBP3	SRR5950319	1.1541360045743105
NANOGNBP3	SRR5950320	1.154119770897195
NANOGNBP3	SRR5950321	1.1533709738650642
NANOGNBP3	SRR5950322	1.1541014455850918
NANOGNBP3	SRR5950323	1.1542129775631536
NANOGNBP3	SRR5950324	1.1543930374941627
NANOGNBP3	SRR5950325	1.1542342444976637
NANOGNBP3	SRR5950326	1.154099487946561
NANOGNBP3	SRR5950327	1.154328975937927
NANOGNBP3	SRR5950328	1.154328975937927
NANOGNBP3	SRR5950329	1.1542881659876676
NANOGNBP3	SRR5950330	1.1541360045743105
NANOGNBP3	SRR5950331	1.1539534513664238
NANOGNBP3	SRR5950332	1.1540843659274789
NANOGNBP3	SRR5950333	1.1543930374941627
NANOGNBP3	SRR5950334	1.1543861423812125
NANOGNBP3	SRR5950335	1.1543861423812125
NANOGNBP3	SRR5950336	1.1524373005233322
NANOGNBP3	SRR5950337	1.1537962707798937
NANOGNBP3	SRR5950338	1.1531742805487435
NANOGNBP3	SRR5950339	1.1544080735423528
NANOGNBP3	SRR5950340	1.154127700715507
NANOGNBP3	SRR5950341	1.1542129775631536
NANOGNBP3	SRR5950342	1.1544018504729736
NANOGNBP3	SRR5950343	1.1542342444976637
NANOGNBP3	SRR5950344	1.154119770897195
NANOGNBP3	SRR5950345	1.1542129775631536
NANOGNBP3	SRR5950346	1.1543244711383844
NANOGNBP3	SRR5950347	1.1542612816136126
NANOGNBP3	SRR5950348	1.1541344162995835
NANOGNBP3	SRR5950349	1.1544066367558048
NANOGNBP3	SRR5950350	1.1543244711383844
NANOGNBP3	SRR5950351	1.1538444146289202
NANOGNBP3	SRR5950352	1.1544018504729736
NANOGNBP3	SRR5950353	1.1542763738511965
NANOGNBP3	SRR5950354	1.1544018504729736
NANOGNBP3	SRR5950355	1.1544066367558048
NANOGNBP3	SRR5950356	1.1537250692562184
NANOGNBP3	SRR5950357	1.1544018504729736
NANOGNBP3	SRR5950358	1.1541344162995835
NANOGNBP3	SRR5950359	1.1542342444976637
NANOGNBP3	SRR5950360	1.1544018504729736
NANOGNBP3	SRR5950361	1.1544018504729736
NANOGNBP3	SRR5950362	1.1541014455850918
NANOGNBP3	SRR5950363	1.153987572083333
NANOGNBP3	SRR5950364	1.1541360045743105
NANOGNBP3	SRR5950365	1.154328975937927
NANOGNBP3	SRR5950366	1.1543930374941627
NANOGNBP3	SRR5950367	1.153400485650712
NANOGNBP3	SRR5950368	1.1542763738511965
NANOGNBP3	SRR5950369	1.1544080735423528
NANOGNBP3	SRR5950370	1.1544080735423528
NANOGNBP3	SRR5950371	1.154328975937927
NANOGNBP3	SRR5950372	1.1543861423812125
NANOGNBP3	SRR5950373	1.1542881659876676
NANOGNBP3	SRR5950374	1.1542763738511965
NANOGNBP3	SRR5950375	1.1543930374941627
NANOGNBP3	SRR5950376	1.1544066367558048
NANOGNBP3	SRR5950377	1.1539830975965506
NANOGNBP3	SRR5950378	1.1542881659876676
NANOGNBP3	SRR5950379	1.1542763738511965
NANOGNBP3	SRR5950380	1.1542129775631536
NANOGNBP3	SRR5950381	1.1542129775631536
NANOGNBP3	SRR5950382	1.1537779842987672
NANOGNBP3	SRR5950383	1.1544066367558048
NANOGNBP3	SRR5950384	1.1543930374941627
NANOGNBP3	SRR5950385	1.1537833054890896
NANOGNBP3	SRR5950386	1.1543861423812125
NANOGNBP3	SRR5950387	1.1544066367558048
NANOGNBP3	SRR5950388	1.154127700715507
NANOGNBP3	SRR5950389	1.1532222126984653
NANOGNBP3	SRR5950390	1.1542129775631536
NANOGNBP3	SRR5950391	1.1544080735423528
NANOGNBP3	SRR5950392	1.1537652995205527
NANOGNBP3	SRR5950393	1.1541312616794417
NANOGNBP3	SRR5950394	1.154243037085462
NANOGNBP3	SRR5950395	1.1542763738511965
NANOGNBP3	SRR5950396	1.1544080735423528
NANOGNBP3	SRR5950397	1.1544066367558048
NANOGNBP3	SRR5950398	1.1544066367558048
NANOGNBP3	SRR5950399	1.1542193125787963
NANOGNBP3	SRR5950400	1.1542342444976637
NANOGNBP3	SRR5950401	1.1543930374941627
NANOGNBP3	SRR5950402	1.1543930374941627
NANOGNBP3	SRR5950403	1.154328975937927
NANOGNBP3	SRR5950404	1.1543861423812125
NANOGNBP3	SRR5950405	1.153006792126308
NANOGNBP3	SRR5950406	1.1539304288892793
NANOGNBP3	SRR5950407	1.154328975937927
NANOGNBP3	SRR5950408	1.154043329391819
NANOGNBP3	SRR5950409	1.154127700715507
NANOGNBP3	SRR5950410	1.1544080735423528
NANOGNBP3	SRR5950411	1.1544018504729736
NANOGNBP3	SRR5950412	1.1543861423812125
NANOGNBP3	SRR5950413	1.1539394876265088
NANOGNBP3	SRR5950414	1.1543861423812125
NANOGNBP3	SRR5950415	1.1542193125787963
NANOGNBP3	SRR5950416	1.154243037085462
NANOGNBP3	SRR5950417	1.1542342444976637
NANOGNBP3	SRR5950418	1.154119770897195
NANOGNBP3	SRR5950419	1.1544018504729736
NANOGNBP3	SRR5950420	1.1542612816136126
NANOGNBP3	SRR5950421	1.1541312616794417
NANOGNBP3	SRR5950422	1.1540976154898277
NANOGNBP3	SRR5950423	1.1542881659876676
NANOGNBP3	SRR5950424	1.1543930374941627
NANOGNBP3	SRR5950425	1.1544018504729736
NANOGNBP3	SRR5950426	1.1541344162995835
NANOGNBP3	SRR5950427	1.1543861423812125
NANOGNBP3	SRR5950428	1.1542881659876676
NANOGNBP3	SRR5950429	1.1544018504729736
NANOGNBP3	SRR5950430	1.154243037085462
NANOGNBP3	SRR5950431	1.1542612816136126
NANOGNBP3	SRR5950432	1.1543861423812125
NANOGNBP3	SRR5950433	1.154328975937927
NANOGNBP3	SRR5950434	1.1541344162995835
NANOGNBP3	SRR5950435	1.1542881659876676
NANOGNBP3	SRR5950436	1.1544018504729736
NANOGNBP3	SRR5950437	1.1542612816136126
NANOGNBP3	SRR5950438	1.1543930374941627
NANOGNBP3	SRR5950439	1.1544066367558048
NANOGNBP3	SRR5950440	1.150186403730464
NANOGNBP3	SRR5950441	1.1540843659274789
NANOGNBP3	SRR5950442	1.1543244711383844
NANOGNBP3	SRR5950443	1.1541454974839138
NANOGNBP3	SRR5950444	1.154328975937927
NANOGNBP3	SRR5950445	1.1543861423812125
NANOGNBP3	SRR5950446	1.1542129775631536
NANOGNBP3	SRR5950447	1.1539830975965506
NANOGNBP3	SRR5950448	1.1543244711383844
NANOGNBP3	SRR5950449	1.1543861423812125
NANOGNBP3	SRR5950450	1.1544018504729736
NANOGNBP3	SRR5950451	1.1544080735423528
NANOGNBP3	SRR5950452	1.154099487946561
NANOGNBP3	SRR5950453	1.1543930374941627
NANOGNBP3	SRR5950454	1.1540976154898277
NANOGNBP3	SRR5950455	1.1543930374941627
NANOGNBP3	SRR5950456	1.1542881659876676
NANOGNBP3	SRR5950457	1.1542129775631536
NANOGNBP3	SRR5950458	1.1544080735423528
NANOGNBP3	SRR5950459	1.1542612816136126
NANOGNBP3	SRR5950460	1.1542612816136126
NANOGNBP3	SRR5950461	1.1543244711383844
NANOGNBP3	SRR5950462	1.1538715423531325
NANOGNBP3	SRR5950463	1.1541454974839138
NANOGNBP3	SRR5950464	1.1541014455850918
NANOGNBP3	SRR5950465	1.1495981461456477
NANOGNBP3	SRR5950466	1.1543861423812125
NANOGNBP3	SRR5950467	1.1542763738511965
NANOGNBP3	SRR5950468	1.1543244711383844
NANOGNBP3	SRR5950469	1.1542129775631536
NANOGNBP3	SRR5950470	1.1544018504729736
NANOGNBP3	SRR5963912	1.1544080735423528
NANOGNBP3	SRR5963913	1.154118135098547
NANOGNBP3	SRR5963914	1.1544080735423528
NANOGNBP3	SRR5963915	1.154119770897195
NANOGNBP3	SRR5963916	1.1538752034369077
NANOGNBP3	SRR5963917	1.154243037085462
NANOGNBP3	SRR5963918	1.1542612816136126
NANOGNBP3	SRR5963919	1.1543861423812125
NANOGNBP3	SRR5963920	1.1542763738511965
NANOGNBP3	SRR5963921	1.1543930374941627
NANOGNBP3	SRR5963922	1.1542342444976637
NANOGNBP3	SRR5963923	1.1542612816136126
NANOGNBP3	SRR5963924	1.1543861423812125
NANOGNBP3	SRR5963925	1.154118135098547
NANOGNBP3	SRR5963926	1.154118135098547
NANOGNBP3	SRR5963927	1.1544018504729736
NANOGNBP3	SRR5963928	1.1540843659274789
NANOGNBP3	SRR5963929	1.154328975937927
NANOGNBP3	SRR5963930	1.1539394876265088
NANOGNBP3	SRR5963931	1.1544066367558048
NANOGNBP3	SRR5963932	1.1542881659876676
NANOGNBP3	SRR5963933	1.1542193125787963
NANOGNBP3	SRR5963934	1.153987572083333
NANOGNBP3	SRR5963935	1.1544080735423528
NANOGNBP3	SRR5963936	1.1541014455850918
NANOGNBP3	SRR5963937	1.1537833054890896
NANOGNBP3	SRR5963938	1.1543244711383844
NANOGNBP3	SRR5963939	1.1543861423812125
NANOGNBP3	SRR5963940	1.1543861423812125
NANOGNBP3	SRR5963941	1.1544080735423528
NANOGNBP3	SRR5963942	1.1544080735423528
NANOGNBP3	SRR5963943	1.1543930374941627
NANOGNBP3	SRR5963944	1.1544080735423528
NANOGNBP3	SRR5963945	1.1544066367558048
NANOGNBP3	SRR5963946	1.154328975937927
NANOGNBP3	SRR5963947	1.154328975937927
NANOGNBP3	SRR5963948	1.154328975937927
NANOGNBP3	SRR6467548	1.0098009573572508
NANOGNBP3	SRR6467549	1.0166962857042838
NANOGNBP3	SRR6467550	6.056902495323281
NANOGNBP3	SRR6467551	1.0165120289381493
NANOGNBP3	SRR6467552	3.0497816916862863
NANOGNBP3	SRR6467553	2.0638644430325024
NANOGNBP3	SRR6467554	1.022575385288971
NANOGNBP3	SRR6467555	2.0288533691279773
NANOGNBP3	SRR6467556	1.011851581781421
NANOGNBP3	SRR6467557	1.011441792883926
NANOGNBP3	SRR6467558	1.0202923005984328
NANOGNBP3	SRR6467559	2.004384627472826
NANOGNBP3	SRR6467560	1.0102367475941127
NANOGNBP3	SRR6467561	4.029882222164404
NANOGNBP3	SRR6467562	2.0075997271555144
NANOGNBP3	SRR6467563	2.012397403298576
NANOGNBP3	SRR6467564	3.021948463827771
NANOGNBP3	SRR6467565	2.0194280637777706
NANOGNBP3	SRR6467566	1.0276080890484358
NANOGNBP3	SRR6467567	3.0332976640063576
NANOGNBP3	SRR6467568	2.0082060339685444
NANOGNBP3	SRR6467569	1.0146718773316246
NANOGNBP3	SRR6467570	0.9247916000402479
NANOGNBP3	SRR6467571	3.002160114320297
NANOGNBP3	SRR6467572	3.018544645818833
NANOGNBP3	SRR6467573	1.006829697727058
NANOGNBP3	SRR6467574	1
NANOGNBP3	SRR6467575	1.7150292761272157
NANOGNBP3	SRR6467576	2.0094384503987506
NANOGNBP3	SRR6467577	2.0028811893368133
NANOGNBP3	SRR6467578	4.039450587111648
NANOGNBP3	SRR6467579	4.0427621099352775
NANOGNBP3	SRR6467580	5.714161098458854
NANOGNBP3	SRR6467581	3.439793168140674
NANOGNBP3	SRR6467582	3.765801875338468
NANOGNBP3	SRR6467583	3
NANOGNBP3	SRR6467584	2.0073335108039236
NANOGNBP3	SRR6467585	4.359724182673972
NANOGNBP3	SRR6467586	2.1017337277775345
NANOGNBP3	SRR6467587	4.740716244527222
NANOGNBP3	SRR6467588	6.1250502143695895
NANOGNBP3	SRR6467589	3
NANOGNBP3	SRR6467590	3.0084251048819137
NANOGNBP3	SRR6467591	1.010567215117064
NANOGNBP3	SRR6467592	3.023354451437776
NANOGNBP3	SRR6467593	2.0091403691618455
NANOGNBP3	SRR6467594	2.205064731163952
NANOGNBP3	SRR6467595	2.004384627472826
NANOGNBP3	SRR6467596	4
NANOGNBP3	SRR6467597	1.698582127821943
NANOGNBP3	SRR6467598	5.3658769086697955
NANOGNBP3	SRR6467599	2.0075608530332008
NANOGNBP3	SRR6467600	3.014469189867141
NANOGNBP3	SRR6467601	3.0167310802902865
NANOGNBP3	SRR6467602	2.544419424120213
NANOGNBP3	SRR6467603	3
NANOGNBP3	SRR6467604	3.012770776223815
NANOGNBP3	SRR6467605	1.0036053788169974
NANOGNBP3	SRR6467606	2
NANOGNBP3	SRR6467607	6
NANOGNBP3	SRR6467608	1.0026279344264644
NANOGNBP3	SRR6467609	1.000179960941952
NANOGNBP3	SRR6467610	2.0200965644097244
NANOGNBP3	SRR6467611	0.822746489489523
NANOGNBP3	SRR6467612	1.0058055966749162
NANOGNBP3	SRR6467613	4
NANOGNBP3	SRR6467614	1
NANOGNBP3	SRR6467615	4.051216647537158
NANOGNBP3	SRR6467616	1.0098959578192344
NANOGNBP3	SRR6467617	1.0067109510861363
NANOGNBP3	SRR6467618	1
NANOGNBP3	SRR6467619	3.8785601138617865
NANOGNBP3	SRR6467620	2.0052558688529287
NANOGNBP3	SRR6467621	3.015369852680957
NANOGNBP3	SRR6467622	1.0150684403228711
NANOGNBP3	SRR6467623	5.7443695108157184
NANOGNBP3	SRR6467624	1.000179960941952
NANOGNBP3	SRR6467625	2
NANOGNBP3	SRR6467626	4
NANOGNBP3	SRR6467627	2.020105415132075
NANOGNBP3	SRR6467628	2
NANOGNBP3	SRR6467629	1.749482750340651
NANOGNBP3	SRR6467630	4.002880152427062
NANOGNBP3	SRR6467631	1.0009001286274537
NANOGNBP3	SRR6467632	1.0071932539431103
NANOGNBP3	SRR6467633	1
NANOGNBP3	SRR6467634	2.0080495831956267
NANOGNBP3	SRR6467635	1.7682355004848354
NANOGNBP3	SRR6467636	3.0303238899644236
NANOGNBP3	SRR6467637	1
NANOGNBP3	SRR6467638	2
NANOGNBP3	SRR6467639	2.0064000158761304
NANOGNBP3	SRR6467640	1.02092395433485
NANOGNBP3	SRR6467641	2.018618518649985
NANOGNBP3	SRR6467642	2.558711067040938
NANOGNBP3	SRR6467643	1.0125162691935943
NANOGNBP3	SRR6467644	2
NANOGNBP3	SRR6467645	1.8593903034524697
NANOGNBP3	SRR6467646	1
NANOGNBP3	SRR6467647	1.5213097683338999
NANOGNBP3	SRR6467648	1.0058055966749162
NANOGNBP3	SRR6467649	2.0105917626859338
NANOGNBP3	SRR6467650	1.0054744269623506
NANOGNBP3	SRR6467651	4.011765450515405
NANOGNBP3	SRR6467652	2.000359921883904
NANOGNBP3	SRR6467653	1.0099534202493201
NANOGNBP3	SRR6467654	4.014988355157808
NANOGNBP3	SRR6467655	2
NANOGNBP3	SRR6467656	3.8079583709489864
NANOGNBP3	SRR6467657	4
NANOGNBP3	SRR6467658	2
NANOGNBP3	SRR6467659	2.375830623690481
NANOGNBP3	SRR6467660	3.0205431300614323
NANOGNBP3	SRR6467661	1.403835928005101
NANOGNBP3	SRR6467662	2.6846261714958883
NANOGNBP3	SRR6467663	2.0056167365879425
NANOGNBP3	SRR6467664	1.9309791799491214
NANOGNBP3	SRR6467665	1
NANOGNBP3	SRR6467666	2
NANOGNBP3	SRR6467667	3.0322224252006813
NANOGNBP3	SRR6467668	2.170168494659644
NANOGNBP3	SRR6467669	2
NANOGNBP3	SRR6467670	1
NANOGNBP3	SRR6467671	0.9374023324575674
NANOGNBP3	SRR6467672	2.0177227618432125
NANOGNBP3	SRR6467673	1.0095966497061606
NANOGNBP3	SRR6467674	2.0126276532469354
NANOGNBP3	SRR6467675	4.034619601798497
NANOGNBP3	SRR6467676	2.9034424176277494
NANOGNBP3	SRR6467677	2
NANOGNBP3	SRR6467678	1
NANOGNBP3	SRR6467679	2
NANOGNBP3	SRR6467680	3.032188186997292
NANOGNBP3	SRR6467681	2
NANOGNBP3	SRR6467682	1.0060111690650306
NANOGNBP3	SRR6467683	5.05599567010998
NANOGNBP3	SRR6467684	4.010444543955012
NANOGNBP3	SRR6467685	1.0141034233036246
NANOGNBP3	SRR6467686	3.004413648893549
NANOGNBP3	SRR6467687	2.6627862994648535
NANOGNBP3	SRR6467688	2.995756072727076
NANOGNBP3	SRR6467689	2.0199017578461462
NANOGNBP3	SRR6467690	2.0109678398586577
NANOGNBP3	SRR6467691	2.011126843610475
NANOGNBP3	SRR6467692	3.003240754672204
NANOGNBP3	SRR6467693	3.9652224959401683
NANOGNBP3	SRR6467694	5.037980594908122
NANOGNBP3	SRR6467695	1.0045701845809227
NANOGNBP3	SRR6467696	0.6749114485651377
NANOGNBP3	SRR6467697	1
NANOGNBP3	SRR6467698	3.0140881946662965
NANOGNBP3	SRR6467699	3
NANOGNBP3	SRR6467700	1.453584770548585
NANOGNBP3	SRR6467701	1
NANOGNBP3	SRR6467702	3.0430155971299433
NANOGNBP3	SRR6467703	1.0123945241480405
NANOGNBP3	SRR6467704	1.0028083682939712
NANOGNBP3	SRR6467705	2.0130645034732972
NANOGNBP3	SRR6467706	1.0184483735704168
NANOGNBP3	SRR6467707	2
NANOGNBP3	SRR6467708	1.0017262519502124
NANOGNBP3	SRR6467709	1
NANOGNBP3	SRR6467710	1.0009001286274537
NANOGNBP3	SRR6467711	3.0040974181579414
NANOGNBP3	SRR6467712	2.0225897240427924
NANOGNBP3	SRR6467713	2.893221526913081
NANOGNBP3	SRR6467714	3.017959807192543
NANOGNBP3	SRR6467715	2
NANOGNBP3	SRR6467716	2
NANOGNBP3	SRR6467717	1.012284376852264
NANOGNBP3	SRR6467718	1.0154230574273704
NANOGNBP3	SRR6467719	2.007313843863646
NANOGNBP3	SRR6467720	4
NANOGNBP3	SRR6467721	3.0048624445833965
NANOGNBP3	SRR6467722	2
NANOGNBP3	SRR6467723	3
NANOGNBP3	SRR6467724	8
NANOGNBP3	SRR6467725	4
NANOGNBP3	SRR6467726	3.1909395216990593
NANOGNBP3	SRR6467727	2.004684040032724
NANOGNBP3	SRR6467728	5
NANOGNBP3	SRR6467729	1.0069368264130596
NANOGNBP3	SRR6467730	2.0042897588650046
NANOGNBP3	SRR6467731	2.0197906717867338
NANOGNBP3	SRR6467732	0.7064213964404553
NANOGNBP3	SRR6467733	2.0034525039004247
NANOGNBP3	SRR6467734	4.954967011313688
NANOGNBP3	SRR6467735	1.0082981694634305
NANOGNBP3	SRR6467736	1.0062109131444412
NANOGNBP3	SRR6467737	1.0062291739769658
NANOGNBP3	SRR6467738	2.0007199085396894
NANOGNBP3	SRR6467739	1
NANOGNBP3	SRR6467740	2.0107986741916752
NANOGNBP3	SRR6467741	1.002011990714717
NANOGNBP3	SRR6467742	2
NANOGNBP3	SRR6467743	3
NANOGNBP3	SRR6467744	3
NANOGNBP3	SRR6467745	4.001861034530316
NANOGNBP3	SRR6467746	2.015960223647382
NANOGNBP3	SRR6467747	2.110280678700714
NANOGNBP3	SRR6467748	1.9013629545066255
NANOGNBP3	SRR6467749	5
NANOGNBP3	SRR6467750	2.00474533841842
NANOGNBP3	SRR6467751	2.030233881613232
NANOGNBP3	SRR6467752	3.0247798960266734
NANOGNBP3	SRR6467753	1.9957322401591024
NANOGNBP3	SRR6467754	3.3392317993446667
NANOGNBP3	SRR6467755	2.6838435352942556
NANOGNBP3	SRR6467756	3.0037812207073236
NANOGNBP3	SRR6467757	2
NANOGNBP3	SRR6467758	1
NANOGNBP3	SRR6467759	2.0113657606179536
NANOGNBP3	SRR6467760	2.015465278103681
NANOGNBP3	SRR6467761	2.0073948902040235
NANOGNBP3	SRR6467762	12.060209874983311
NANOGNBP3	SRR6467763	2.87630967328477
NANOGNBP3	SRR6467764	2.260956202576112
NANOGNBP3	SRR6467765	3.0037812207073236
NANOGNBP3	SRR6467766	1.0148654635807097
NANOGNBP3	SRR6467767	2.0136338479917937
NANOGNBP3	SRR6467768	3.037471860214299
NANOGNBP3	SRR6467769	2.035970390615302
NANOGNBP3	SRR6467770	2
NANOGNBP3	SRR6467771	1.254168994939202
NANOGNBP3	SRR6467772	4.028649829411823
NANOGNBP3	SRR6467773	2.0079060953760157
NANOGNBP3	SRR6868540	1.0146754396324102
NANOGNBP3	SRR6868541	2.0549269407130564
NANOGNBP3	SRR6868542	1.0476955519171316
NANOGNBP3	SRR6868543	1.0150863239093106
NANOGNBP3	SRR6868544	4.031356314642631
NANOGNBP3	SRR6868545	1.0247076064653797
NANOGNBP3	SRR6868546	1.0156717592642122
NANOGNBP3	SRR6868557	1.0591086838663382
NANOGNBP3	SRR6868558	1.0490872194289762
NANOGNBP3	SRR6868559	1.0325281504175436
NANOGNBP3	SRR6868560	1.0099740186645438
NANOGNBP3	SRR6868569	1.0617761523220262
NANOGNBP3	SRR6868570	1.0214163604819042
NANOGNBP3	SRR6868571	1.0443666123323176
NANOGNBP3	SRR6868572	2.0235027811831183
NANOGNBP3	SRR6868573	1.0409966836392885
NANOGNBP3	SRR6868574	1.0122229259475997
NANOGNBP3	SRR6868575	1.025805444460916
NANOGNBP3	SRR6868576	1.0158996451240243
NANOGNBP3	SRR6868577	1.0321919880224188
NANOGNBP3	SRR6868578	1.0155200621012757
NANOGNBP3	SRR6868579	1.0437286829000922
NANOGNBP3	SRR6868580	2.0215054650733006
NANOGNBP3	SRR6868581	1.0339413032942724
NANOGNBP3	SRR6868582	1.0328155381530846
NANOGNBP3	SRR6868585	1.0220689021157627
NANOGNBP3	SRR6868586	1.059503875848675
NANOGNBP3	SRR6868587	1.059951714856934
NANOGNBP3	SRR6868588	1.0071852335562725
NANOGNBP3	SRR6868589	1.0110174866119757
NANOGNBP3	SRR6868590	1.032033906477247
NANOGNBP3	SRR6868591	1.0130236388532423
NANOGNBP3	SRR6868604	1.075755471099352
NANOGNBP3	SRR6868605	2.0636261418897517
NANOGNBP3	SRR6868606	1.0405938775744006
NANOGNBP3	SRR6868607	1.0342544525714972
NANOGNBP3	SRR6868608	1.024176000194289
NANOGNBP3	SRR6868609	1.0438891054924728
NANOGNBP3	SRR6868610	1.038926954961391
NANOGNBP3	SRR6868620	1.011281179703731
NANOGNBP3	SRR6868621	1.0218254974768362
NANOGNBP3	SRR6868622	2.0479548907673593
NANOGNBP3	SRR6868623	1.0547630248890674
NANOGNBP3	SRR6868636	1.0437200357863465
NANOGNBP3	SRR6868637	1.0258536501967699
NANOGNBP3	SRR6868638	1.0461253585775165
NANOGNBP3	SRR6868639	1.0107500209553522
NANOGNBP3	SRR6868650	1.039600004636465
NANOGNBP3	SRR6868651	1.0289509945514346
NANOGNBP3	SRR6868652	1.0304077851358955
NANOGNBP3	SRR6868653	1.0187981972446098
NANOGNBP3	SRR6868654	2.0300615916470077
NANOGNBP3	SRR6868655	1.0348903243422032
NANOGNBP3	SRR6868665	2.0288467057789843
NANOGNBP3	SRR6868666	1.0102367475941127
NANOGNBP3	SRR6868667	1.0114938025774427
NANOGNBP3	SRR6868668	1.0074530555463053
NANOGNBP3	SRR6868669	1.0076269288321016
NANOGNBP3	SRR6868670	2.0354842172192087
NANOGNBP3	SRR6868671	1.0144459931453216
NANOGNBP3	SRR6868683	3.038060480005022
NANOGNBP3	SRR6868684	1.0156791364509994
NANOGNBP3	SRR6868685	1.0213121445813669
NANOGNBP3	SRR6868686	1.010279036701863
NANOGNBP3	SRR6868687	2.0557745067144295
NANOGNBP3	SRR6868688	1.0267982277074879
NANOGNBP3	SRR6868689	1.0146059094716162
NANOGNBP3	SRR6868698	1.0182196176757388
NANOGNBP3	SRR6868699	1.0070555785765116
NANOGNBP3	SRR6868700	2.0321099467678017
NANOGNBP3	SRR6868701	1.0104876136718064
NANOGNBP3	SRR6868702	2.015357484720384
NANOGNBP3	SRR6868713	1.0104534576807476
NANOGNBP3	SRR6868714	1.0184145111104586
NANOGNBP3	SRR6868715	1.0082988502433663
NANOGNBP3	SRR6868716	1.0066973307865115
NANOGNBP3	SRR6868717	1.010251403767141
NANOGNBP3	SRR6868718	1.0039014257302832
NANOGNBP3	SRR6868719	1.001620814861132
NANOGNBP3	SRR6868720	1.0050609507965924
NANOGNBP3	SRR6868721	2.022482194431232
NANOGNBP3	SRR6868722	1.0167639054768582
NANOGNBP3	SRR6868723	1.0194863017371107
NANOGNBP3	SRR6868724	2.0193785312073342
NANOGNBP3	SRR6868725	1.0041780100330324
NANOGNBP3	SRR6868726	1.002412783311024
NANOGNBP3	SRR6868741	1.0144414580063614
NANOGNBP3	SRR7632756	1.0082812760242865
NANOGNBP3	SRR7632757	1.0277880420258994
NANOGNBP3	SRR7632758	3.031979760149748
NANOGNBP3	SRR7632759	2.059712678160558
NANOGNBP3	SRR7632760	1.0203110449499115
NANOGNBP3	SRR7632761	1.0071216685573643
NANOGNBP3	SRR7632762	2.0974053044134235
NANOGNBP3	SRR7632763	1.0164129755589333
NANOGNBP3	SRR7632764	3.1110978522222306
NANOGNBP3	SRR7632765	1.0026279344264644
NANOGNBP3	SRR7632766	1.0312070028815916
NANOGNBP3	SRR7632767	3.0071180076276307
NANOGNBP3	SRR7632768	1.016230093834007
NANOGNBP3	SRR7632769	2.0229895637014517
NANOGNBP3	SRR7632770	1.0082739021759193
NANOGNBP3	SRR7632771	1.0260355560571814
NANOGNBP3	SRR7632772	1.0193139826231485
NANOGNBP3	SRR7632773	1.0054132343880438
NANOGNBP3	SRR7632774	4.025378389058194
NANOGNBP3	SRR7632775	2.0450757064247433
NANOGNBP3	SRR7632776	2.075918964821439
NANOGNBP3	SRR7632777	1.0241484491414745
NANOGNBP3	SRR7632778	3.012493272008529
NANOGNBP3	SRR7632779	1.0262203067866917
NANOGNBP3	SRR7632780	1.0037110248141228
NANOGNBP3	SRR7632781	1.0615459002112622
NANOGNBP3	SRR7632782	2.027380371729161
NANOGNBP3	SRR7632783	1.0073564665451527
NANOGNBP3	SRR7632784	1.008719543389948
NANOGNBP3	SRR7632785	2.014396103510675
NANOGNBP3	SRR7632786	2.083254562558609
NANOGNBP3	SRR7632787	2.0077863219616616
NANOGNBP3	SRR7632788	1.0022671640812284
NANOGNBP3	SRR7632789	1.0182058416695656
NANOGNBP3	SRR7632790	2.0196801835385005
NANOGNBP3	SRR7632791	1.0448790382400983
NANOGNBP3	SRR7632792	1.0073564665451527
NANOGNBP3	SRR7632793	1.0121408038615827
NANOGNBP3	SRR7632794	3.020851349858956
NANOGNBP3	SRR7632795	2.006454895998502
NANOGNBP3	SRR7632796	1.0172279399958117
NANOGNBP3	SRR7632797	1.150699232136202
NANOGNBP3	SRR7632798	1.0057304820763078
NANOGNBP3	SRR7632799	3.092378019717478
NANOGNBP3	SRR7632800	1.0150544095718905
NANOGNBP3	SRR7632801	3.0157883246768367
NANOGNBP3	SRR7632802	3.1050935028409423
NANOGNBP3	SRR7632803	1.024031967628665
NANOGNBP3	SRR7632804	1.0405209189801317
NANOGNBP3	SRR7632805	1.0030944157282213
NANOGNBP3	SRR7632806	2.009228987682498
NANOGNBP3	SRR7632807	1.008693162636712
NANOGNBP3	SRR7632808	2.016440043324333
NANOGNBP3	SRR7632809	1.048829496254109
NANOGNBP3	SRR7632810	2.008356020066065
NANOGNBP3	SRR7632811	1.006800055374144
NANOGNBP3	SRR7632812	2.014358664093282
NANOGNBP3	SRR7632813	2.0123968137302835
NANOGNBP3	SRR7632814	1.0035384452564864
NANOGNBP3	SRR7632815	4.031385797316054
NANOGNBP3	SRR7632816	2.150814980786723
NANOGNBP3	SRR7632817	2.08334970306885
NANOGNBP3	SRR7632818	1.0054268373142463
NANOGNBP3	SRR7632819	3.007342599072492
NANOGNBP3	SRR7632820	2.013761989887811
NANOGNBP3	SRR7632821	1.0017262519502124
NANOGNBP3	SRR7632822	1.0125326368597183
NANOGNBP3	SRR7632823	2.007361257490564
NANOGNBP3	SRR7632824	1.0045701845809227
NANOGNBP3	SRR7632825	1.0028083682939712
NANOGNBP3	SRR7632826	1.0006453033029128
NANOGNBP3	SRR7632827	1.055040096796364
NANOGNBP3	SRR7632828	1.0261404595811736
NANOGNBP3	SRR7632829	2.028929055874851
NANOGNBP3	SRR7632830	2.0972043054506444
NANOGNBP3	SRR7632831	1.009267486593636
NANOGNBP3	SRR7632832	2.0292391449143286
NANOGNBP3	SRR7632833	1.0516979198200802
NANOGNBP3	SRR7632834	1.029304711338354
NANOGNBP3	SRR7632835	1.110030669431967
NANOGNBP3	SRR7632836	1.014927231447063
NANOGNBP3	SRR7632837	3.019283392603089
NANOGNBP3	SRR7632838	2.050418083929222
NANOGNBP3	SRR7632839	2.0229876051548854
NANOGNBP3	SRR7632840	1.0307338553525334
NANOGNBP3	SRR7632841	1.1191732546509214
NANOGNBP3	SRR7632842	2.0037794743983843
NANOGNBP3	SRR7632843	1.037517112746005
NANOGNBP3	SRR7632844	1.0397421924636505
NANOGNBP3	SRR7632845	1.0050068388547722
NANOGNBP3	SRR7632846	2.099348019680138
NANOGNBP3	SRR7632847	1.0235807528043444
NANOGNBP3	SRR7632848	2.0183225114978987
NANOGNBP3	SRR7632849	1.0113703922046702
NANOGNBP3	SRR7632850	1.0129099016527614
NANOGNBP3	SRR7632851	1.0101546064236944
NANOGNBP3	SRR7632852	1.0012604069024411
NANOGNBP3	SRR7632853	1.0050683011475585
NANOGNBP3	SRR7632854	1.006604989330596
NANOGNBP3	SRR7632855	7
NANOGNBP3	SRR7632856	1.006471863776459
NANOGNBP3	SRR7632857	2.1475608896878002
NANOGNBP3	SRR7632858	1.0371716501108719
NANOGNBP3	SRR7632859	2.07940498294464
NANOGNBP3	SRR7632860	2.1510069018512064
NANOGNBP3	SRR7632861	1.0544086906801657
NANOGNBP3	SRR7632862	2.0705722153656776
NANOGNBP3	SRR7632863	2.2553546913518168
NANOGNBP3	SRR7632864	1.121531795981538
NANOGNBP3	SRR7632865	1.0014405946684066
NANOGNBP3	SRR7632866	2.0113598633321512
NANOGNBP3	SRR7632867	1.0103238937591081
NANOGNBP3	SRR7632868	2.05130983010868
NANOGNBP3	SRR7632869	1.0244411256785808
NANOGNBP3	SRR7632870	2.0076865442741987
NANOGNBP3	SRR7632871	1.0509978397928912
NANOGNBP3	SRR7632872	1.032283347644643
NANOGNBP3	SRR7632873	3.012534030099097
NANOGNBP3	SRR7632874	3.0079757770856506
NANOGNBP3	SRR7632875	4.00660576800509
NANOGNBP3	SRR7632876	1.014147795755148
NANOGNBP3	SRR7632877	1.041135031463042
NANOGNBP3	SRR7632878	1.022117629031292
NANOGNBP3	SRR7632879	1.0022671640812284
NANOGNBP3	SRR7632880	2.0351140279634365
NANOGNBP3	SRR7632881	2.0276778690892807
NANOGNBP3	SRR7632882	4.09592860395296
NANOGNBP3	SRR7632883	2.045174596970012
NANOGNBP3	SRR7632884	1.0338348047099086
NANOGNBP3	SRR7632885	1.0050174895819426
NANOGNBP3	SRR7632886	1.0323339725546605
NANOGNBP3	SRR7632887	2.0202628051966514
NANOGNBP3	SRR7632888	2.0762439384408053
NANOGNBP3	SRR7632889	1.034226163866362
NANOGNBP3	SRR7632890	1.1021455850880635
NANOGNBP3	SRR7632891	2.0944499413435196
NANOGNBP3	SRR7632892	1.0058289958076159
NANOGNBP3	SRR7632893	2.0764660918819327
NANOGNBP3	SRR7632894	1.04730409167774
NANOGNBP3	SRR7632895	2.023262422498203
NANOGNBP3	SRR7632896	1.022792885942668
NANOGNBP3	SRR7632897	2.008178863937403
NANOGNBP3	SRR7632898	2.007494177578904
NANOGNBP3	SRR7632899	1.0069401334995287
NANOGNBP3	SRR7632900	1.006694084239897
NANOGNBP3	SRR7632901	2.0127284995253127
NANOGNBP3	SRR7632902	1.0438489006745157
NANOGNBP3	SRR7632903	1.0044307900197387
NANOGNBP3	SRR7632904	1.052639407087551
NANOGNBP3	SRR7632905	2.186357649027693
NANOGNBP3	SRR7632906	2.032953652471032
NANOGNBP3	SRR7632907	2.0555004772947885
NANOGNBP3	SRR7632908	3.01211252654161
NANOGNBP3	SRR7632909	3.0103664515386606
NANOGNBP3	SRR7632910	2.0762884911034547
NANOGNBP3	SRR7632911	1.0129819287449684
NANOGNBP3	SRR7632912	1.015658017729299
NANOGNBP3	SRR7632913	1.0588628832226115
NANOGNBP3	SRR7632914	1.0312943611504022
NANOGNBP3	SRR7632915	3.134898347543786
NANOGNBP3	SRR7632916	1.0199638203063526
NANOGNBP3	SRR7632917	2.105095442769457
NANOGNBP3	SRR7632918	1.0259071739140957
NANOGNBP3	SRR7632919	1.0087162263813345
NANOGNBP3	SRR7632920	1.011609827571363
NANOGNBP3	SRR7632921	1.0121840603993095
NANOGNBP3	SRR7632922	3.0261094615399355
NANOGNBP3	SRR7632923	1.0104479848105985
NANOGNBP3	SRR7632924	1.029554096116037
NANOGNBP3	SRR7632925	1.0351205406829784
NANOGNBP3	SRR7632926	3.0555176912609334
NANOGNBP3	SRR7632927	1.0206217073187331
NANOGNBP3	SRR7632928	1.0033264596879763
NANOGNBP3	SRR7632929	2.0817704062886806
NANOGNBP3	SRR7632930	1.0009001286274537
NANOGNBP3	SRR7632931	1.0007200381067656
NANOGNBP3	SRR7632932	1.0257541376073018
NANOGNBP3	SRR7632933	1.0212809727621546
NANOGNBP3	SRR7632934	3.0132555928118645
NANOGNBP3	SRR7632935	1.0101127750180565
NANOGNBP3	SRR7632936	2.04225202420872
NANOGNBP3	SRR7632937	1.0144478283854719
NANOGNBP3	SRR7632938	1.0267598473930304
NANOGNBP3	SRR7632939	1.0281771467044196
NANOGNBP3	SRR7632940	1.0065268639064227
NANOGNBP3	SRR7632941	2.0431477818073476
NANOGNBP3	SRR7632942	2.0717532539305616
NANOGNBP3	SRR7632943	1
NANOGNBP3	SRR7632944	1.0184271463668109
NANOGNBP3	SRR7632945	1
NANOGNBP3	SRR8928966	1.0088471102473964
NANOGNBP3	SRR8928967	1.0170282299624092
NANOGNBP3	SRR8928968	1.0083121068252079
NANOGNBP3	SRR8928969	3.0249066835260887
NANOGNBP3	SRR8928970	1.0095999056134282
NANOGNBP3	SRR8928971	2.0153788428066086
NANOGNBP3	SRR8928972	1.0535590264470536
NANOGNBP3	SRR8928973	1.0059656349307404
NANOGNBP3	SRR8928974	1.084964542884935
NANOGNBP3	SRR8928975	1.0422268823538081
NANOGNBP3	SRR8928976	1.0418215850993868
NANOGNBP3	SRR8928977	1.0194654138015173
NANOGNBP3	SRR8928978	1.018615945849788
NANOGNBP3	SRR8928979	1.019328713740916
NANOGNBP3	SRR8928980	1.0157058979511975
NANOGNBP3	SRR8928981	1.011720751030811
NANOGNBP3	SRR8928982	1.0114260163607005
NANOGNBP3	SRR8928983	1.0019065235500912
NANOGNBP3	SRR8928984	1.005572915612441
NANOGNBP3	SRR8928985	1.0167967514698188
NANOGNBP3	SRR8928986	1.0090130342187602
NANOGNBP3	SRR8928987	8
NANOGNBP3	SRR8928988	3
NANOGNBP3	SRR8928989	1.0173441049815872
NANOGNBP3	SRR8928990	1.010567215117064
NANOGNBP3	SRR8928991	1.0177418771007531
NANOGNBP3	SRR9835604	1.0142586981600068
NANOGNBP3	SRR9835605	1.0055285640802187
NANOGNBP3	SRR9835606	2.004253860508985
NANOGNBP3	SRR9835607	1.0089702127219256
NANOGNBP3	SRR9835608	1.0145480117591426
NANOGNBP3	SRR9835609	3
NANOGNBP3	SRR9835610	1.0046056873690874
NANOGNBP3	SRR9835611	1.0010802515574013
NANOGNBP3	SRR9835612	1.0026585923618834
NANOGNBP3	SRR9835613	3.017722085288658
NANOGNBP3	SRR9835614	1.0098834104700367
NANOGNBP3	SRR9835615	1.0391223290810894
NANOGNBP3	SRR9835616	2.0147827752727374
NANOGNBP3	SRR9835617	2.045975404149909
NANOGNBP3	SRR9835618	1.0053242528371136
NANOGNBP3	SRR9835619	3
NANOGNBP3	SRR9835620	1.0046895250904808
NANOGNBP3	SRR9835621	1.0065161971835763
NANOGNBP3	SRR9835622	2.0054669550629356
NANOGNBP3	SRR9835623	1.000179960941952
NANOGNBP3	SRR9835624	1.0219149183661382
NANOGNBP3	SRR9835625	1.0030776094748917
NANOGNBP3	SRR9835626	1.007514607649033
NANOGNBP3	SRR9835627	1.002042629816068
NANOGNBP3	SRR9835628	1.0071447133676017
NANOGNBP3	SRR9835629	3.0600613028727564
NANOGNBP3	SRR9835630	1.0553618917185172
NANOGNBP3	SRR9835631	1.0803218233387206
NANOGNBP3	SRR9835632	2.004550341426348
NANOGNBP3	SRR9835633	3.0221555556263113
NANOGNBP3	SRR9835634	3.0185952205954254
NANOGNBP3	SRR9835635	1.0097721205463759
NANOGNBP3	SRR9835636	1.0019813525502068
NANOGNBP3	SRR9835637	1.0044296285233594
NANOGNBP3	SRR9835638	1.0095554363800798
NANOGNBP3	SRR9835639	1.0102931107040372
NANOGNBP3	SRR9835640	3.0496730084850467
NANOGNBP3	SRR9835641	2.0075997271555144
NANOGNBP3	SRR9835642	2.011488767891636
NANOGNBP3	SRR9835643	2.0076333638644592
NANOGNBP3	SRR9835644	1.003227447999251
NANOGNBP3	SRR9835645	4.116562453834926
NANOGNBP3	SRR9835646	2.018377717730723
NANOGNBP3	SRR9835647	2.0048066386784735
NANOGNBP3	SRR9835648	1.0297706722545683
NANOGNBP3	SRR9835649	1.011356708865119
NANOGNBP3	SRR9835650	1.003794007351424
NANOGNBP3	SRR9835651	1.0007200381067656
NANOGNBP3	SRR9835652	1.0155197645862681
NANOGNBP3	SRR9835653	1.0027641386941393
NANOGNBP3	SRR9835654	1.0100460688753663
NANOGNBP3	SRR9835655	2.01019806740697
NANOGNBP3	SRR9835656	1.0026450268886613
NANOGNBP3	SRR9835657	1.014825837108375
NANOGNBP3	SRR9835658	2.004023981429434
NANOGNBP3	SRR9835659	1.0058777676606245
NANOGNBP3	SRR9835660	1.007436116480086
NANOGNBP3	SRR9835661	1.0040112076405936
NANOGNBP3	SRR9835662	3.035749535935319
NANOGNBP3	SRR9835663	2.0397967842735047
NANOGNBP3	SRR9835664	1.0017262519502124
NANOGNBP3	SRR9835665	2.00814462976639
NANOGNBP3	SRR9835666	1
NANOGNBP3	SRR9835667	3.024649983509871
NANOGNBP3	SRR9835668	2
NANOGNBP3	SRR9835669	1.0264232618093723
NANOGNBP3	SRR9835670	1.0135813928307178
NANOGNBP3	SRR9835671	1.0133167044062266
NANOGNBP3	SRR9835672	3.0051787558506367
NANOGNBP3	SRR9835673	2.0451002291013594
NANOGNBP3	SRR9835674	2.000930517265158
NANOGNBP3	SRR9835675	1.0053242528371136
NANOGNBP3	SRR9835676	1.0888102986472097
NANOGNBP3	SRR9835677	1.0026279344264644
NANOGNBP3	SRR9835678	1.0058946208297335
NANOGNBP3	SRR9835679	0.9644577902512602
NANOGNBP3	SRR9835680	2.048310831296194
NANOGNBP3	SRR9835681	1.003004620275643
NANOGNBP3	SRR9835682	1.0602022500176214
NANOGNBP3	SRR9835683	3.018687521930897
NANOGNBP3	SRR9835684	2.0499351447984098
NANOGNBP3	SRR9835685	1.0050068388547722
NANOGNBP3	SRR9835686	1.0132366280807228
NANOGNBP3	SRR9835687	1.0046316201696393
NANOGNBP3	SRR9835688	1
NANOGNBP3	SRR9835689	1.0072516016039186
NANOGNBP3	SRR9835690	1.0020009198402668
NANOGNBP3	SRR9835691	1.0088088254590628
NANOGNBP3	SRR9835692	1.0178751091142868
NANOGNBP3	SRR9835693	1.0039837461421828
NANOGNBP3	SRR9835694	2.0203180645014234
NANOGNBP3	SRR9835695	3.0152697855733184
NANOGNBP3	SRR9835696	4.038566145529233
NANOGNBP3	SRR9835697	3.0150524687458278
NANOGNBP3	SRR9835698	1.0009307337307534
NANOGNBP3	SRR9835699	1.0015766376392168
NANOGNBP3	SRR9835700	1.002192313736413
NANOGNBP3	SRR9835701	3.0083747004995915
NANOGNBP3	SRR9835702	4
NANOGNBP3	SRR9835703	2.0021269581004013
NANOGNBP3	SRR9835704	1.0045533536019593
NANOGNBP3	SRR9835705	1.0039498099915638
NANOGNBP3	SRR9835706	1.0786425861503106
NANOGNBP3	SRR9835707	1.0010802515574013
NANOGNBP3	SRR9835708	2.0020109797048735
NANOGNBP3	SRR9835709	2.0007199085396894
NANOGNBP3	SRR9835710	1.0142530726569354
NANOGNBP3	SRR9835711	1.0003599542698447
NANOGNBP3	SRR9835712	3.0075168172825704
NANOGNBP3	SRR9835713	1.0019065235500912
NANOGNBP3	SRR9835714	2.003092025572686
NANOGNBP3	SRR9835715	1.0049761091178548
NANOGNBP3	SRR9835716	2.0058827252577025
NANOGNBP3	SRR9835717	1.0034248015445335
NANOGNBP3	SRR9835718	1.0154090217747063
NANOGNBP3	SRR9835719	1.0085412984265218
NANOGNBP3	SRR9835720	1.0062218151362057
NANOGNBP3	SRR9835721	1.0147479497795637
NANOGNBP3	SRR9835722	1.0227754713008923
NANOGNBP3	SRR9835723	2
NANOGNBP3	SRR9835724	1.0069060376635988
NANOGNBP3	SRR9835725	1.0273956002434441
NANOGNBP3	SRR9835726	1.0007200381067656
NANOGNBP3	SRR9835727	2.0135368031143956
NANOGNBP3	SRR9835728	1.0405909251580585
NANOGNBP3	SRR9835729	1.0032306833661075
NANOGNBP3	SRR9835730	2.007661114695866
NANOGNBP3	SRR9835731	1.0510108441028403
NANOGNBP3	SRR9835732	1.0047034125711976
NANOGNBP3	SRR9835733	1.0044644481525995
NANOGNBP3	SRR9835734	2.005106114277896
NANOGNBP3	SRR9835735	1.0018010674864533
NANOGNBP3	SRR9835736	1.0119742595178156
NANOGNBP3	SRR9835737	1.002086827591817
NANOGNBP3	SRR9835738	3.0053528487072243
NANOGNBP3	SRR9835739	1.0270643545377112
NANOGNBP3	SRR9835740	1.0299228329417829
NANOGNBP3	SRR9835741	1.005276670296832
NANOGNBP3	SRR9835742	1.0186862015904543
NANOGNBP3	SRR9835743	1.0342119740740032
NANOGNBP3	SRR9835744	1.0058153874404083
NANOGNBP3	SRR9835745	1.022326615823064
NANOGNBP3	SRR9835746	1.0107941715568822
NANOGNBP3	SRR9835747	1.0052459323093745
NANOGNBP3	SRR9835748	1.0304274782164793
NANOGNBP3	SRR9835749	1
NANOGNBP3	SRR9835750	1.0082981694634305
NANOGNBP3	SRR9835751	1.0080480222430843
NANOGNBP3	SRR9835752	2.080909024508928
NANOGNBP3	SRR9835753	1.0104884861324797
NANOGNBP3	SRR9835754	3.0040974181579414
NANOGNBP3	SRR9835755	1.014416942522608
NANOGNBP3	SRR9835756	1.0464063323203885
NANOGNBP3	SRR9835757	2.0079946594557145
NANOGNBP3	SRR9835758	1.0057304820763078
NANOGNBP3	SRR9835759	1.0065088362437338
NANOGNBP3	SRR9835760	3
NANOGNBP3	SRR9835761	1.000179960941952
NANOGNBP3	SRR9835762	1.1023719914822634
NANOGNBP3	SRR9835763	1.0028985763366107
NANOGNBP3	SRR9835764	2.0051863569194666
NANOGNBP3	SRR9835765	0.4293207381193816
NANOGNBP3	SRR9835766	2.051571188455591
NANOGNBP3	SRR9835767	2.0739336015855754
NANOGNBP3	SRR9835768	2
NANOGNBP3	SRR9835769	1
NANOGNBP3	SRR9835770	1.0198972127540598
NANOGNBP3	SRR9835771	1.0054132343880438
NANOGNBP3	SRR9835772	1.012507584036827
NANOGNBP3	SRR9835773	4
NANOGNBP3	SRR9835774	1.0351205406829784
NANOGNBP3	SRR9835775	2.0100669211716657
NANOGNBP3	SRR9835776	4.012677333791899
NANOGNBP3	SRR9835777	2.004895066048328
NANOGNBP3	SRR9835778	1.0041473056389194
NANOGNBP3	SRR9835779	2.0139962234358246
NANOGNBP3	SRR9835780	1.001546012786343
NANOGNBP3	SRR9835781	2.0504472672568923
NANOGNBP3	SRR9835782	1.0049592713378661
NANOGNBP3	SRR9835783	3
NANOGNBP3	SRR9835784	1.0040386698901456
NANOGNBP3	SRR9835785	1.0438963484044135
NANOGNBP3	SRR9835786	1.0096255681663386
NANOGNBP3	SRR9835787	1.0028083682939712
NANOGNBP3	SRR9835788	1.0016514420012725
NANOGNBP3	SRR9835789	3
NANOGNBP3	SRR9835790	1.0070872414225938
NANOGNBP3	SRR9835791	1.0271261374648186
NANOGNBP3	SRR9835792	2.9784300685084153
NANOGNBP3	SRR9835793	2.0039627051004136
NANOGNBP3	SRR9835794	1.000179960941952
NANOGNBP3	SRR9835795	1.0567801380566075
NANOGNBP3	SRR9835796	2.0113575374504458
NANOGNBP3	SRR9835797	3
NANOGNBP3	SRR9835798	1.001546012786343
NANOGNBP3	SRR9835799	1.001964564945592
NANOGNBP3	SRR9835800	1.0011382450861817
NANOGNBP3	SRR9835801	1.0050027300349125
NANOGNBP3	SRR9835802	1.0039666308583417
NANOGNBP3	SRR9867812	1
NANOGNBP3	SRR9867813	0.7090742339585023
NANOGNBP3	SRR9867814	2.936535966350352
NANOGNBP3	SRR9867815	3
NANOGNBP3	SRR9867816	6.003239879937037
NANOGNBP3	SRR9867817	1.0163129057733336
NANOGNBP3	SRR9867818	1.0002852463574239
NANOGNBP3	SRR9867819	1.0422191398357938
NANOGNBP3	SRR9867820	4.009368080065448
NANOGNBP3	SRR9867821	6
NANOGNBP3	SRR9867822	2.0262664935292065
NANOGNBP3	SRR9867823	2.000359921883904
NANOGNBP3	SRR9867824	9.423369188404143
NANOGNBP3	SRR9867825	0.7014131272050581
NANOGNBP3	SRR9867826	0.5553764032249933
NANOGNBP3	SRR9867827	1
NANOGNBP3	SRR9867828	1.0149613015451313
NANOGNBP3	SRR9867829	3.7954890686168072
NANOGNBP3	SRR9867830	1.002011990714717
NANOGNBP3	SRR9867831	0.68856605143346306
NANOGNBP3	SRR9879292	2.6773462112029467
NANOGNBP3	SRR9879293	4.061152442075916
NANOGNBP3	SRR9879294	2.040995185209163
NANOGNBP3	SRR9879295	2.0403608722076743
NANOGNBP3	SRR9879296	2.0250325383871886
NANOGNBP3	SRR9879297	1.0160326211514135
NANOGNBP3	SRR9879298	4.045890881303213
NANOGNBP3	SRR9879299	4.018690768448152
NANOGNBP3	SRR9879300	4.06171661729661
NANOGNBP3	SRR9879301	1.002412783311024
NANOGNBP3	SRR9879302	1.0113873374009947
NANOGNBP3	SRR9879303	1.0055495224370705
NANOGNBP3	SRR9879304	1.0171630497984254
NANOGNBP3	SRR9879305	2.022243148769279
NANOGNBP3	SRR9879306	3
NANOGNBP3	SRR9879307	3.125790685466882
NANOGNBP3	SRR9879308	2.02425738215101
NANOGNBP3	SRR9879309	2.0229477799332627
NANOGNBP3	T50_307	4.024932393637808
NANOGNBP3	T50_313	1.0171338971063077
NANOGNBP3	T50_317	1.017912202260729
NANOGNBP3	T50_324	2.0242930457382435
NANOGNBP3	T50_427	1.0173634427914857
NANOGNBP3	T50_428	1.007839948834571
NANOGNBP3	T50_431	2.012369586999972
NANOGNBP3	T50_436	1.0087154193912522
NANOGNBP3	T50_476	1.008350698322557
NANOGNBP3	UN_307	1.0133098244040084
NANOGNBP3	UN_313	1.0145310136075893
NANOGNBP3	UN_317	2.016713753098932
NANOGNBP3	UN_324	1.0221880902289606
NANOGNBP3	UN_427	1.0090657297142456
NANOGNBP3	UN_428	1.0107927868178097
NANOGNBP3	UN_431	1.010700365800461
NANOGNBP3	UN_436	3.0257707849556676
NANOGNBP3	UN_476	1.0102367475941127
