Gene	sample	counts
RP11-368L12.1	CM317	1.0496947053399786
RP11-368L12.1	CMCD140	1.0092852040017053
RP11-368L12.1	CMCD147	1.0387377232738804
RP11-368L12.1	CMCD152	2
RP11-368L12.1	CMCD154	1.0097029263832331
RP11-368L12.1	CMCD159	1.0826308846263835
RP11-368L12.1	CMCD161	1.0030637444667863
RP11-368L12.1	CMCD174	1.0883603953024104
RP11-368L12.1	CMCD196	2.0177469565283457
RP11-368L12.1	CMCD198	1.027928565649914
RP11-368L12.1	CMCD203	5.0158954927570765
RP11-368L12.1	CMCD211	2.404669895623273
RP11-368L12.1	CMCD227	0.8192952006583658
RP11-368L12.1	CMCD240	6.479696288949354
RP11-368L12.1	CMCD259	2
RP11-368L12.1	CMCD270	1.005170859507078
RP11-368L12.1	CMCD275	1.0084289351631328
RP11-368L12.1	CMCD282	1.0127082910163139
RP11-368L12.1	CMCD286	2.8080778569966993
RP11-368L12.1	CMCD287	1
RP11-368L12.1	CMCD294	1.061130699852429
RP11-368L12.1	CMCD327	1.0050818994069226
RP11-368L12.1	CMCD335	1.0046546976589779
RP11-368L12.1	CMCD337	3.0199073066241824
RP11-368L12.1	CMCD357	1.0203676217787498
RP11-368L12.1	CMCD398	3.017416790024748
RP11-368L12.1	CMCD403	1.007131956762018
RP11-368L12.1	CMCD422	1.002086827591817
RP11-368L12.1	CMCD426	1.109996027604914
RP11-368L12.1	CMCD71	5.031628274446039
RP11-368L12.1	CMCD72	1.1440405671509037
RP11-368L12.1	CMCD76	5.011335820406142
RP11-368L12.1	CMCD88	2.000359921883904
RP11-368L12.1	CMSA256	2
RP11-368L12.1	CMSA316	1.0080145694811098
RP11-368L12.1	CMUC110	2
RP11-368L12.1	CMUC192	1.0131538458119358
RP11-368L12.1	CMUC199	1.0266064941522361
RP11-368L12.1	CMUC200	1.0023284588262065
RP11-368L12.1	CMUC208	3.007330304002928
RP11-368L12.1	CMUC231	1
RP11-368L12.1	CMUC234	1
RP11-368L12.1	CMUC285	1.0109066424484112
RP11-368L12.1	CMUC291	1.0065605922780039
RP11-368L12.1	CMUC295	2.0018002572549074
RP11-368L12.1	CMUC299	1.0029139303926111
RP11-368L12.1	CMUC301	2.0010799599790126
RP11-368L12.1	CMUC307	1.0027530595094736
RP11-368L12.1	CMUC313	1.0406199795536664
RP11-368L12.1	CMUC314	1.0531743294773983
RP11-368L12.1	CMUC323	1.0232441215691963
RP11-368L12.1	CMUC324	1.0009001286274537
RP11-368L12.1	CMUC331	1.008979678815539
RP11-368L12.1	CMUC333	1.0226855040011238
RP11-368L12.1	CMUC334	2.0295275562385857
RP11-368L12.1	CMUC346	1.0107140402598958
RP11-368L12.1	CMUC352	1.0059528932594937
RP11-368L12.1	CMUC360	3.0037812207073236
RP11-368L12.1	CMUC363	1.0255367303100333
RP11-368L12.1	CMUC365	1.0065437279509373
RP11-368L12.1	CMUC366	1.0032749335441427
RP11-368L12.1	CMUC368	2
RP11-368L12.1	CMUC377	1.0040587302830086
RP11-368L12.1	CMUC379	1.0664515526402574
RP11-368L12.1	CMUC380	1.0176874450837656
RP11-368L12.1	CMUC383	1.0137840525909332
RP11-368L12.1	CMUC394	1.007265338334756
RP11-368L12.1	CMUC419	1.024221051989512
RP11-368L12.1	CMUC427	1
RP11-368L12.1	CMUC428	1.0062427879425755
RP11-368L12.1	CMUC431	1.0018317001382826
RP11-368L12.1	CMUC435	1.0048874606535836
RP11-368L12.1	CMUC439	1.0063179408035714
RP11-368L12.1	CMUC89	2
RP11-368L12.1	CS219	2.004895066048328
RP11-368L12.1	CS256	3.006801492243685
RP11-368L12.1	CS257	1.089979985878173
RP11-368L12.1	CS259	1.0015292324755884
RP11-368L12.1	CS261	1.0227433496373879
RP11-368L12.1	CS266	1.0344406863242126
RP11-368L12.1	CS270	1.0125793616529746
RP11-368L12.1	CS277	26.41856264936828
RP11-368L12.1	CS288	1.0089179773327999
RP11-368L12.1	CS290	1.007935358827293
RP11-368L12.1	CS292	1.0136016438843358
RP11-368L12.1	CS293	1.0159883878434666
RP11-368L12.1	CS301	1.0255014806521223
RP11-368L12.1	CS306	1.0369877958728642
RP11-368L12.1	CS308	1.0254014198472583
RP11-368L12.1	CS315	1.0265836055430344
RP11-368L12.1	CS317	8.55281801484334
RP11-368L12.1	CS322	1.0131677901654654
RP11-368L12.1	CS327	3.0140562527037322
RP11-368L12.1	CS328	1.0532227797951625
RP11-368L12.1	CS330	1.0732794536999326
RP11-368L12.1	CS331	1.0183441621534113
RP11-368L12.1	CS335	4.540792715406335
RP11-368L12.1	CS338	1.0294503626489493
RP11-368L12.1	CS339	1.1642104248974183
RP11-368L12.1	CS343	2.0158626490990965
RP11-368L12.1	CS344	1.0136851471582224
RP11-368L12.1	CS350	1.021809713154857
RP11-368L12.1	CS351	1.0082169227776983
RP11-368L12.1	CS361	1.0231543575157043
RP11-368L12.1	CS388	1.0331387058791355
RP11-368L12.1	CS396	1.010589221555441
RP11-368L12.1	CS405	1.023931692107002
RP11-368L12.1	CS415	1.0725849893611923
RP11-368L12.1	CS424	1.0352517578472156
RP11-368L12.1	IM293	4.021106681187328
RP11-368L12.1	IM296	1.064463289332191
RP11-368L12.1	IM297	1.0944885764691814
RP11-368L12.1	IM300	1
RP11-368L12.1	IM305	1.0098834104700367
RP11-368L12.1	IM309	1.0649644397817766
RP11-368L12.1	IM310	1.0133773385295795
RP11-368L12.1	IM311	1.0123286697107707
RP11-368L12.1	IM316	9.045308955036239
RP11-368L12.1	IM320	1.0454213547260982
RP11-368L12.1	IM330	1.01011866810866
RP11-368L12.1	IM332	1.0290904121726339
RP11-368L12.1	IM340	1.0535879064802887
RP11-368L12.1	IM348	2.069706396242656
RP11-368L12.1	IM354	4.028527827048072
RP11-368L12.1	IM356	1.007966474352951
RP11-368L12.1	IM364	1.016813207554994
RP11-368L12.1	IM372	13.706017472427884
RP11-368L12.1	IM374	1.0474599361127908
RP11-368L12.1	IM376	1.014079534585469
RP11-368L12.1	IM381	1.0123114121679178
RP11-368L12.1	IM382	1.0307681061453446
RP11-368L12.1	IM385	3
RP11-368L12.1	IM390	1.0273630104120455
RP11-368L12.1	IM397	1.0111260044482688
RP11-368L12.1	IM404	1.0028664619341938
RP11-368L12.1	IM409	1.0056553730873352
RP11-368L12.1	IM412	5
RP11-368L12.1	IM421	1.0155577247460867
RP11-368L12.1	IM425	1.0520033799095727
RP11-368L12.1	IM432	1.0393271099875068
RP11-368L12.1	IM438	1
RP11-368L12.1	IM442	1.0408884293487235
RP11-368L12.1	IM445	1.0112874661338156
RP11-368L12.1	IM448	1.021809713154857
RP11-368L12.1	IM449	1.0083227925805054
RP11-368L12.1	IM451	1.005112632378651
RP11-368L12.1	IMSA256	3.012166476737231
RP11-368L12.1	IMSA276	3
RP11-368L12.1	IMSA286	5
RP11-368L12.1	IMSA343	10.123997266953234
RP11-368L12.1	IS_238	16
RP11-368L12.1	IS238	5.627506463005634
RP11-368L12.1	IS243	12
RP11-368L12.1	IS253	4
RP11-368L12.1	IS283	3
RP11-368L12.1	IS322	1.0103131867970327
RP11-368L12.1	IS399	1.0069400737425076
RP11-368L12.1	IS418	5.4541335956807755
RP11-368L12.1	IS430	8.654975429479093
RP11-368L12.1	IS437	1.0791582738983603
RP11-368L12.1	IS444	3.1100443209799673
RP11-368L12.1	R276CMSA	1.061719097392973
RP11-368L12.1	R286CMSA	3
RP11-368L12.1	R292CMSA	1.0041473056389194
RP11-368L12.1	R292IMSA	1.073657155188672
RP11-368L12.1	R308CMSA	1.06717128675431
RP11-368L12.1	R316IMSA	1.0192539459593348
RP11-368L12.1	R347CMSA	1.063497692354949
RP11-368L12.1	R347IMSA	1.0621981468028772
RP11-368L12.1	R371CMSA	1.003980508346738
RP11-368L12.1	SRR10104064	1.1094515272513297
RP11-368L12.1	SRR10104065	1.0058572527884204
RP11-368L12.1	SRR10104066	1.0187395055126454
RP11-368L12.1	SRR10104067	3.0691714394204315
RP11-368L12.1	SRR10104068	4.018623437662486
RP11-368L12.1	SRR10104069	1.0114572698828992
RP11-368L12.1	SRR10104070	1.0293904998541934
RP11-368L12.1	SRR10104071	2.321210581704469
RP11-368L12.1	SRR10104072	3.2096624537871463
RP11-368L12.1	SRR10104073	2.089308078249726
RP11-368L12.1	SRR10104074	1.095822342836796
RP11-368L12.1	SRR10104075	2.302020139074495
RP11-368L12.1	SRR10104076	2.0553095166466093
RP11-368L12.1	SRR10104077	1.100777777658168
RP11-368L12.1	SRR10104078	2.0828544723219533
RP11-368L12.1	SRR10104079	1.0895071357309336
RP11-368L12.1	SRR10104080	2.243036324071732
RP11-368L12.1	SRR10104081	4.0633762901890105
RP11-368L12.1	SRR10104082	2.1645028808327123
RP11-368L12.1	SRR10104083	2.126397678067313
RP11-368L12.1	SRR10104084	1.067846735357961
RP11-368L12.1	SRR10104085	1.0222173271187234
RP11-368L12.1	SRR10104086	1.024784508800748
RP11-368L12.1	SRR10104087	3.009600023814196
RP11-368L12.1	SRR10104088	2.0182269832024917
RP11-368L12.1	SRR10104089	1.1347456128596176
RP11-368L12.1	SRR10104090	2.0526070554697817
RP11-368L12.1	SRR10104091	1.0420863331254986
RP11-368L12.1	SRR10104092	5.063669427759062
RP11-368L12.1	SRR10104093	1.034297644620457
RP11-368L12.1	SRR10104094	1.0340224493748036
RP11-368L12.1	SRR10104095	1.0540616053506102
RP11-368L12.1	SRR10104096	1.145718575159829
RP11-368L12.1	SRR10104097	2.1262418554781894
RP11-368L12.1	SRR10104098	1.0297617779816932
RP11-368L12.1	SRR10104099	1.0474771062612767
RP11-368L12.1	SRR10104100	2.0581282055604424
RP11-368L12.1	SRR10104101	2.0111523170866668
RP11-368L12.1	SRR10104102	3.0459507920769684
RP11-368L12.1	SRR10104103	1.05208117298879
RP11-368L12.1	SRR10104104	4.061990430833845
RP11-368L12.1	SRR10104105	1.0808351888270706
RP11-368L12.1	SRR10104106	1.1304558697538387
RP11-368L12.1	SRR10104107	1.00957560699629
RP11-368L12.1	SRR10104108	2.0137144319060156
RP11-368L12.1	SRR10104109	1.1183964997691782
RP11-368L12.1	SRR10104110	1.1898566945611233
RP11-368L12.1	SRR10104111	2.0654204409439845
RP11-368L12.1	SRR10104112	4.746484573564964
RP11-368L12.1	SRR10104113	1.0358394085966935
RP11-368L12.1	SRR10104114	1.1728061185225533
RP11-368L12.1	SRR10104115	1.14422200397898
RP11-368L12.1	SRR10104116	1.0467296948207412
RP11-368L12.1	SRR10104117	2.077697269649828
RP11-368L12.1	SRR10104118	1.143352850751477
RP11-368L12.1	SRR10104119	1.1898188257203337
RP11-368L12.1	SRR10104120	1.0270705483762537
RP11-368L12.1	SRR10104121	4.327098866024051
RP11-368L12.1	SRR10104122	1.0894989096112995
RP11-368L12.1	SRR10104123	1.082048079369872
RP11-368L12.1	SRR10104124	1.1164136874736872
RP11-368L12.1	SRR10104125	1.0998082352268765
RP11-368L12.1	SRR10104126	4.157818870757531
RP11-368L12.1	SRR10104127	1.1858382433832468
RP11-368L12.1	SRR10104128	2.0575533966863597
RP11-368L12.1	SRR10104129	1.026295765603751
RP11-368L12.1	SRR10104130	1.041146918346077
RP11-368L12.1	SRR10104131	1.0113290464541402
RP11-368L12.1	SRR10104132	3.0216403114105836
RP11-368L12.1	SRR10104133	3.4913052822663455
RP11-368L12.1	SRR10104134	1.0301069188305016
RP11-368L12.1	SRR10104135	1.100806080320317
RP11-368L12.1	SRR10104136	3.0450487404784172
RP11-368L12.1	SRR10104137	1.107740379806039
RP11-368L12.1	SRR10104138	1.195501466366171
RP11-368L12.1	SRR10104139	2.022713417730238
RP11-368L12.1	SRR10104140	1.1423063013482577
RP11-368L12.1	SRR10104141	2.11903300632775
RP11-368L12.1	SRR10104142	1.0513197704930992
RP11-368L12.1	SRR10104143	5.040892001532832
RP11-368L12.1	SRR10104144	2.118930342882775
RP11-368L12.1	SRR10104145	1.0623428698869635
RP11-368L12.1	SRR10104146	7.067351413519629
RP11-368L12.1	SRR10104147	3.0051284058589713
RP11-368L12.1	SRR10104148	1.0516475471177122
RP11-368L12.1	SRR10104149	1.0467449900052073
RP11-368L12.1	SRR10104150	2.0232541506929755
RP11-368L12.1	SRR10104151	4.030623922166975
RP11-368L12.1	SRR10104152	1.0056216750483238
RP11-368L12.1	SRR10104153	2.2038594990344182
RP11-368L12.1	SRR10104154	1.0305255485236042
RP11-368L12.1	SRR10104155	1.0878745919585404
RP11-368L12.1	SRR10104156	2.0081174605660173
RP11-368L12.1	SRR10104157	1.048915508528946
RP11-368L12.1	SRR10104158	2.041031088498552
RP11-368L12.1	SRR10104159	1.0126004669704767
RP11-368L12.1	SRR10104160	1.1246452493735022
RP11-368L12.1	SRR10104161	5.008631259751061
RP11-368L12.1	SRR10104162	1.0203379943833408
RP11-368L12.1	SRR10104163	2.060197623223317
RP11-368L12.1	SRR10104164	1.0196346259197715
RP11-368L12.1	SRR10104165	2.0765457851948943
RP11-368L12.1	SRR10104166	4.162985050304661
RP11-368L12.1	SRR10104167	1.0225819466033605
RP11-368L12.1	SRR10104168	3.085857465317388
RP11-368L12.1	SRR10104169	9.22218844597103
RP11-368L12.1	SRR10104170	1.0300621533967607
RP11-368L12.1	SRR10104171	3.071932336151039
RP11-368L12.1	SRR10104172	1.0338434316089917
RP11-368L12.1	SRR10104173	6.362332050657822
RP11-368L12.1	SRR10104174	1.0338308135451142
RP11-368L12.1	SRR10104175	1.0224777066753272
RP11-368L12.1	SRR10104176	1.02249117212648
RP11-368L12.1	SRR10104177	1.0253301392642815
RP11-368L12.1	SRR10104178	2.076829473305533
RP11-368L12.1	SRR10104179	3.1039350821692926
RP11-368L12.1	SRR10104180	1.0219501836121274
RP11-368L12.1	SRR10104181	1.0267665308530658
RP11-368L12.1	SRR10104182	1.035134385886849
RP11-368L12.1	SRR10104183	1.0476481310619528
RP11-368L12.1	SRR10104184	1.0212735079721074
RP11-368L12.1	SRR10104185	1.063606994083587
RP11-368L12.1	SRR10104186	1.0329452604392448
RP11-368L12.1	SRR10104187	1.0769831789043174
RP11-368L12.1	SRR10104188	3.161596628656177
RP11-368L12.1	SRR10104189	1.0595562598302013
RP11-368L12.1	SRR10104190	2.2913884813950838
RP11-368L12.1	SRR10104191	2.2750831705840824
RP11-368L12.1	SRR10104192	2.052105932214452
RP11-368L12.1	SRR10104193	1.039842399081235
RP11-368L12.1	SRR10104194	1.0428799048858834
RP11-368L12.1	SRR10104195	1.041874169755153
RP11-368L12.1	SRR10104196	6.2438906961777585
RP11-368L12.1	SRR10104197	1.016827778198725
RP11-368L12.1	SRR10104198	1.025845924075245
RP11-368L12.1	SRR10104199	2.1645624947352817
RP11-368L12.1	SRR10104200	2.070683323785673
RP11-368L12.1	SRR10104201	1.0262034008940275
RP11-368L12.1	SRR10104202	1.0661565199682426
RP11-368L12.1	SRR10104203	2.045273478909651
RP11-368L12.1	SRR10104204	1.0313459546081654
RP11-368L12.1	SRR10104205	1.0268650017331544
RP11-368L12.1	SRR10104206	1.0287660812770658
RP11-368L12.1	SRR10104207	1.0327220098173928
RP11-368L12.1	SRR10104208	1.0176351169212208
RP11-368L12.1	SRR10104209	3.069488555158733
RP11-368L12.1	SRR10104210	1.0263049337229564
RP11-368L12.1	SRR10104211	1.0187630485926629
RP11-368L12.1	SRR10104212	4.075017250526509
RP11-368L12.1	SRR10104213	1.058921503370994
RP11-368L12.1	SRR10104214	1.0299744390521086
RP11-368L12.1	SRR10104215	1.0107140402598958
RP11-368L12.1	SRR10104216	1.060640170595656
RP11-368L12.1	SRR10104217	1.02491390827642
RP11-368L12.1	SRR10104218	3.1909081100026118
RP11-368L12.1	SRR10104219	1.0633498186525099
RP11-368L12.1	SRR10104220	1.03511691930575
RP11-368L12.1	SRR10104221	1.0872363603035893
RP11-368L12.1	SRR10104222	1.0381384685659298
RP11-368L12.1	SRR10104223	2.3532654514939266
RP11-368L12.1	SRR10104224	3.0761553202003284
RP11-368L12.1	SRR10104225	1.0314165053623716
RP11-368L12.1	SRR10104226	1.0388893560726131
RP11-368L12.1	SRR10104227	1.074938615735897
RP11-368L12.1	SRR10104228	1.1189120562490085
RP11-368L12.1	SRR10104229	1.0371677751979662
RP11-368L12.1	SRR10104230	1.101165214661461
RP11-368L12.1	SRR10104231	1.0760855121352966
RP11-368L12.1	SRR10104232	1.0597726421651714
RP11-368L12.1	SRR10104233	1.0718133708527031
RP11-368L12.1	SRR10104234	5.116794278054339
RP11-368L12.1	SRR10104235	1.043603481105794
RP11-368L12.1	SRR10104236	1.0093078766201782
RP11-368L12.1	SRR10104237	6.110945978544647
RP11-368L12.1	SRR10104238	1.0703034082552154
RP11-368L12.1	SRR10104239	1.0611784078973197
RP11-368L12.1	SRR10104240	1.0723812048685664
RP11-368L12.1	SRR10104241	1.0400598513679928
RP11-368L12.1	SRR10104242	1.063845639897752
RP11-368L12.1	SRR10104243	1.06730685614599
RP11-368L12.1	SRR10104244	1.039511551636178
RP11-368L12.1	SRR10104245	1.040779809770632
RP11-368L12.1	SRR10104246	1.1058002069903252
RP11-368L12.1	SRR10104247	1.0564288046419525
RP11-368L12.1	SRR10104248	1.0740857704182307
RP11-368L12.1	SRR10104249	1.0271816644146015
RP11-368L12.1	SRR10104250	6.918081286057415
RP11-368L12.1	SRR10104251	1.0466047478518792
RP11-368L12.1	SRR10104252	1.1796947867396619
RP11-368L12.1	SRR10104253	1.0961853754741664
RP11-368L12.1	SRR10104254	2.0744282261282274
RP11-368L12.1	SRR10104255	1.0309957549391915
RP11-368L12.1	SRR10104256	1.0293845436631004
RP11-368L12.1	SRR10104257	1.037517112746005
RP11-368L12.1	SRR10104258	1.0307926732391595
RP11-368L12.1	SRR10224277	1.0244173062905177
RP11-368L12.1	SRR10224278	1.0926635070500108
RP11-368L12.1	SRR10224279	1.089250843220296
RP11-368L12.1	SRR10224280	1.0227917534671278
RP11-368L12.1	SRR10224281	3.0483307794305117
RP11-368L12.1	SRR10224282	1.0501757282099426
RP11-368L12.1	SRR10224283	1.042245924204279
RP11-368L12.1	SRR10224284	1.1092008744415571
RP11-368L12.1	SRR10224285	1.1279661106950958
RP11-368L12.1	SRR10224286	1.0254224279077875
RP11-368L12.1	SRR10224287	1.033803410459708
RP11-368L12.1	SRR10224288	1.0962707234129587
RP11-368L12.1	SRR10224289	1.0935047184878017
RP11-368L12.1	SRR10224290	1.095529172881304
RP11-368L12.1	SRR10224291	1.0312113499898703
RP11-368L12.1	SRR10224292	2.0237163810655954
RP11-368L12.1	SRR10224293	1.0306192603558113
RP11-368L12.1	SRR10224294	1.0580047935764523
RP11-368L12.1	SRR10224295	1.0860783600082067
RP11-368L12.1	SRR10224296	1.0547229540206002
RP11-368L12.1	SRR10224297	1.1274808217665389
RP11-368L12.1	SRR10224298	1.0332224020270313
RP11-368L12.1	SRR10318388	1.007335826080517
RP11-368L12.1	SRR10318389	7.0329238879983835
RP11-368L12.1	SRR10318390	4.0492088455550785
RP11-368L12.1	SRR10318391	4.047406656652332
RP11-368L12.1	SRR10318392	3.0415659799268737
RP11-368L12.1	SRR10318393	3.0084251048819137
RP11-368L12.1	SRR10318394	2.026355867443473
RP11-368L12.1	SRR10318395	3.0132507189220155
RP11-368L12.1	SRR10318396	2.0158985823481257
RP11-368L12.1	SRR10318397	2.0116389991654193
RP11-368L12.1	SRR10318398	9.030823213900801
RP11-368L12.1	SRR10318399	1.0501074458020174
RP11-368L12.1	SRR10318400	11.16253210032602
RP11-368L12.1	SRR10318401	3.010816136450992
RP11-368L12.1	SRR10318402	18.07575687658821
RP11-368L12.1	SRR10318403	2.009618348308924
RP11-368L12.1	SRR10318404	35.06041881825743
RP11-368L12.1	SRR10318405	1.0024033193392368
RP11-368L12.1	SRR10318406	12.054399399922413
RP11-368L12.1	SRR10318407	2.0196249416809113
RP11-368L12.1	SRR10318408	8.024021588841434
RP11-368L12.1	SRR10318409	4.012610103757772
RP11-368L12.1	SRR10318410	4.016221968982975
RP11-368L12.1	SRR10318411	6.021819450177304
RP11-368L12.1	SRR10318412	8.038608075356954
RP11-368L12.1	SRR10318413	1.0038166819322296
RP11-368L12.1	SRR10318414	3.017683862489201
RP11-368L12.1	SRR10318415	1.006478060580776
RP11-368L12.1	SRR10318416	2.019803107551712
RP11-368L12.1	SRR10318417	10.071565815090565
RP11-368L12.1	SRR10318418	2.007494177578904
RP11-368L12.1	SRR10318419	2.0079674922843656
RP11-368L12.1	SRR10318420	17.030618147269706
RP11-368L12.1	SRR10318421	1.0047436199473785
RP11-368L12.1	SRR10318422	2.004173655183634
RP11-368L12.1	SRR10318423	1.0014712162978496
RP11-368L12.1	SRR10318424	1.002086827591817
RP11-368L12.1	SRR10318425	7.045381031575211
RP11-368L12.1	SRR10318426	1.0953414278907072
RP11-368L12.1	SRR10318427	1.108018223770156
RP11-368L12.1	SRR10318428	3.0039552326033747
RP11-368L12.1	SRR10318429	5.0199187307109145
RP11-368L12.1	SRR10318430	6.051598345084956
RP11-368L12.1	SRR10318431	5.025750618608156
RP11-368L12.1	SRR10318432	7.011751877936803
RP11-368L12.1	SRR10318433	1.2750020383966563
RP11-368L12.1	SRR10318434	4.012187754909342
RP11-368L12.1	SRR10318435	17.10096280463379
RP11-368L12.1	SRR10318436	2.0054669550629356
RP11-368L12.1	SRR10318437	5.003600190533828
RP11-368L12.1	SRR10318438	6.007562441414647
RP11-368L12.1	SRR10318439	1.0041002874283278
RP11-368L12.1	SRR10318440	22.346145223201237
RP11-368L12.1	SRR10318441	2.00552180966373
RP11-368L12.1	SRR10318442	9.25769736725259
RP11-368L12.1	SRR10318443	1.0022777857742395
RP11-368L12.1	SRR10318444	9.0764049649223
RP11-368L12.1	SRR10318445	1.012049840442984
RP11-368L12.1	SRR10318446	5.019749049957818
RP11-368L12.1	SRR10318447	3.031280394643864
RP11-368L12.1	SRR10318448	3.0207372235655603
RP11-368L12.1	SRR10318449	11.02295510350999
RP11-368L12.1	SRR10318450	1.0051877008321608
RP11-368L12.1	SRR10318451	21
RP11-368L12.1	SRR10318452	1.006256696893515
RP11-368L12.1	SRR10318453	20.39608047848437
RP11-368L12.1	SRR10318454	1.0047509679775968
RP11-368L12.1	SRR10318455	16.096277808525926
RP11-368L12.1	SRR10318456	2.0131211845560077
RP11-368L12.1	SRR10318457	3.0046380383590288
RP11-368L12.1	SRR10318458	11.139623679117111
RP11-368L12.1	SRR10318459	1.006445823745561
RP11-368L12.1	SRR10318460	1.0039666308583417
RP11-368L12.1	SRR10318461	2.0070272299489207
RP11-368L12.1	SRR10318462	3.0199996480800695
RP11-368L12.1	SRR10318463	1.0030944157282213
RP11-368L12.1	SRR10318464	1.0061954567107265
RP11-368L12.1	SRR10318465	14.012601800784351
RP11-368L12.1	SRR10318466	1.0093704094610745
RP11-368L12.1	SRR10318467	2.010121901593185
RP11-368L12.1	SRR10318468	6.058405872796941
RP11-368L12.1	SRR10318469	2.0070272299489207
RP11-368L12.1	SRR10318470	1
RP11-368L12.1	SRR10318471	3
RP11-368L12.1	SRR10318472	1.0044000778964617
RP11-368L12.1	SRR10318473	1.0038748339850176
RP11-368L12.1	SRR10318474	2.008356020066065
RP11-368L12.1	SRR10318475	1.0039973297278573
RP11-368L12.1	SRR10318476	2.0071499718950134
RP11-368L12.1	SRR10318495	1.0010802515574013
RP11-368L12.1	SRR10318496	2.0176108965782746
RP11-368L12.1	SRR10318497	1.0054703162308267
RP11-368L12.1	SRR10318498	7.0063009003921755
RP11-368L12.1	SRR10318499	12.012065878229242
RP11-368L12.1	SRR10318500	1.005730776723367
RP11-368L12.1	SRR10318501	12.057912113035432
RP11-368L12.1	SRR10318502	1.0005399799895063
RP11-368L12.1	SRR10318503	11.019811742350987
RP11-368L12.1	SRR10318504	1.006604989330596
RP11-368L12.1	SRR10318505	12.006479759874074
RP11-368L12.1	SRR10318506	1.0119197753671667
RP11-368L12.1	SRR10318507	2.0239485190356312
RP11-368L12.1	SRR10318508	1.0309684455084223
RP11-368L12.1	SRR10318509	1.0068435936744917
RP11-368L12.1	SRR10318510	2.015855975017434
RP11-368L12.1	SRR10318511	6.007562441414647
RP11-368L12.1	SRR10318512	10.0761712043278
RP11-368L12.1	SRR10318513	3.0099168337896858
RP11-368L12.1	SRR10318514	5.02298831059955
RP11-368L12.1	SRR10318515	2.0238612175839314
RP11-368L12.1	SRR10318516	3.017776135957548
RP11-368L12.1	SRR10318517	9.02365140983818
RP11-368L12.1	SRR10318518	1.0071731309246519
RP11-368L12.1	SRR10318519	4.018876900797501
RP11-368L12.1	SRR10318520	15.0297202882531
RP11-368L12.1	SRR10318521	3.0108577539357895
RP11-368L12.1	SRR10318522	8.010926448421177
RP11-368L12.1	SRR10318523	1.0022671640812284
RP11-368L12.1	SRR10318524	4.030698490466621
RP11-368L12.1	SRR10318525	8.049587254921134
RP11-368L12.1	SRR10318526	1.0065161971835763
RP11-368L12.1	SRR10318527	4.001439817079379
RP11-368L12.1	SRR10318528	12.030435119469136
RP11-368L12.1	SRR10318529	3.006801492243685
RP11-368L12.1	SRR10318530	7.047182317521174
RP11-368L12.1	SRR10318531	5.044589886663999
RP11-368L12.1	SRR10318532	3.024761093195654
RP11-368L12.1	SRR10318533	2.0463814324894507
RP11-368L12.1	SRR10318534	4.070266242544594
RP11-368L12.1	SRR10318535	1.0154976077084612
RP11-368L12.1	SRR10318536	1.0040554922457436
RP11-368L12.1	SRR10318537	3.032524509650086
RP11-368L12.1	SRR10318538	3.005495100414848
RP11-368L12.1	SRR10318539	4.028866741433469
RP11-368L12.1	SRR10318540	9.049052048719155
RP11-368L12.1	SRR10318541	2.0141809784742475
RP11-368L12.1	SRR10318542	5.040170442658037
RP11-368L12.1	SRR10318543	1.010007862549104
RP11-368L12.1	SRR10318544	4.009912741773379
RP11-368L12.1	SRR10318545	4.0345224983058605
RP11-368L12.1	SRR10318546	1.0014405946684066
RP11-368L12.1	SRR10318547	1.0039530476880079
RP11-368L12.1	SRR10318548	1.0048398987869123
RP11-368L12.1	SRR10318549	3.020625749566663
RP11-368L12.1	SRR10318568	3.009457577818329
RP11-368L12.1	SRR10318569	4.00330152149702
RP11-368L12.1	SRR10318570	6.063813575524832
RP11-368L12.1	SRR10318571	4.00330152149702
RP11-368L12.1	SRR10318572	2.0095019359551936
RP11-368L12.1	SRR10318573	2.0029424325956993
RP11-368L12.1	SRR10318574	10.024307376089714
RP11-368L12.1	SRR10318575	2.0093941419130177
RP11-368L12.1	SRR10318576	4.01722832014637
RP11-368L12.1	SRR10318577	14.040559780284891
RP11-368L12.1	SRR10318578	3.002700385882361
RP11-368L12.1	SRR10318579	2.006305051878886
RP11-368L12.1	SRR10318580	16.021852896842354
RP11-368L12.1	SRR10318581	2
RP11-368L12.1	SRR10875803	1.6223001878179908
RP11-368L12.1	SRR10875804	1.1053997374282105
RP11-368L12.1	SRR10875805	1.0388134377185503
RP11-368L12.1	SRR10875806	0.8631412234827924
RP11-368L12.1	SRR10875807	0.9606906001395203
RP11-368L12.1	SRR10875808	0.9089334807779137
RP11-368L12.1	SRR10875809	0.6322609572630693
RP11-368L12.1	SRR10875810	0.903646390841777
RP11-368L12.1	SRR10875812	1
RP11-368L12.1	SRR10875813	0.8096197169317331
RP11-368L12.1	SRR10875814	1.0039973297278573
RP11-368L12.1	SRR10875815	1
RP11-368L12.1	SRR10875816	1
RP11-368L12.1	SRR10875817	0.7672308450228666
RP11-368L12.1	SRR10875818	0.7224371096255142
RP11-368L12.1	SRR10875819	1
RP11-368L12.1	SRR10875820	0.6201780358882866
RP11-368L12.1	SRR10875821	0.9476438352519748
RP11-368L12.1	SRR10875822	1.0201195316440086
RP11-368L12.1	SRR10875823	1
RP11-368L12.1	SRR10875824	0.6032339772747456
RP11-368L12.1	SRR10875825	1.0017568823143634
RP11-368L12.1	SRR10875826	0.8418328143680529
RP11-368L12.1	SRR10875827	0.6376981960426702
RP11-368L12.1	SRR10875829	0.7509930762994443
RP11-368L12.1	SRR10875830	1
RP11-368L12.1	SRR10875831	1.0035717494702923
RP11-368L12.1	SRR10875832	2
RP11-368L12.1	SRR10875834	1.0033362899203648
RP11-368L12.1	SRR10875835	3
RP11-368L12.1	SRR10875836	0.9375174267314332
RP11-368L12.1	SRR10875837	1.6054067879693428
RP11-368L12.1	SRR10875838	1
RP11-368L12.1	SRR10875839	0.7386586543325293
RP11-368L12.1	SRR10875840	2.436754599310849
RP11-368L12.1	SRR10875841	1.0038166819322296
RP11-368L12.1	SRR10875842	0.6930808109926465
RP11-368L12.1	SRR10875843	0.5512966967726888
RP11-368L12.1	SRR10875844	0.7998780887339916
RP11-368L12.1	SRR10875845	3.6019093502367543
RP11-368L12.1	SRR10875846	2.669449055113422
RP11-368L12.1	SRR10875847	1.5054080682254962
RP11-368L12.1	SRR10875848	1
RP11-368L12.1	SRR10875849	1.9221163115396647
RP11-368L12.1	SRR10875850	1.000179960941952
RP11-368L12.1	SRR10875851	1.7424897987177839
RP11-368L12.1	SRR10875852	0.806845693372095
RP11-368L12.1	SRR10875853	3.0065769412092394
RP11-368L12.1	SRR10875854	0.8385638626920141
RP11-368L12.1	SRR10875855	1.457737015032085
RP11-368L12.1	SRR10875856	2.020441918737141
RP11-368L12.1	SRR10875857	1.1572343743834597
RP11-368L12.1	SRR10875858	1.8613978893711338
RP11-368L12.1	SRR10875859	1
RP11-368L12.1	SRR10875860	0.6526066699460261
RP11-368L12.1	SRR10875861	0.5900856293905553
RP11-368L12.1	SRR10875862	0.5796811780923556
RP11-368L12.1	SRR10875863	1.0054141363639215
RP11-368L12.1	SRR10875864	1
RP11-368L12.1	SRR10875865	0.8428758251468422
RP11-368L12.1	SRR10875866	0.7406085598109271
RP11-368L12.1	SRR10875867	1.9158804606407667
RP11-368L12.1	SRR10875868	0.6140196790576461
RP11-368L12.1	SRR10875869	1
RP11-368L12.1	SRR10875870	1.3481838643927584
RP11-368L12.1	SRR10875871	1.000179960941952
RP11-368L12.1	SRR10875872	2.332245689177552
RP11-368L12.1	SRR10875873	0.8034134029872585
RP11-368L12.1	SRR10875874	1.7518832571517864
RP11-368L12.1	SRR10875875	0.9855354753510438
RP11-368L12.1	SRR10875876	1
RP11-368L12.1	SRR10875877	0.8053776302508535
RP11-368L12.1	SRR10875878	1.0079184714668268
RP11-368L12.1	SRR10875879	1
RP11-368L12.1	SRR10875880	1.0039973297278573
RP11-368L12.1	SRR10875881	0.7772391911693253
RP11-368L12.1	SRR10875882	1
RP11-368L12.1	SRR10875883	1.0064377837965335
RP11-368L12.1	SRR10875884	0.9714906666798725
RP11-368L12.1	SRR10875885	1.0018317001382826
RP11-368L12.1	SRR10875886	1.0075249897799072
RP11-368L12.1	SRR10875887	1
RP11-368L12.1	SRR10875888	1.0282214633828897
RP11-368L12.1	SRR10875889	2.0044648412411084
RP11-368L12.1	SRR10875890	1.002192313736413
RP11-368L12.1	SRR10875891	1
RP11-368L12.1	SRR10875892	0.99319450088856
RP11-368L12.1	SRR10875893	2
RP11-368L12.1	SRR10875894	1.5555177923128831
RP11-368L12.1	SRR10875895	1
RP11-368L12.1	SRR10875896	1.0100794629576413
RP11-368L12.1	SRR10875897	2.005106114277896
RP11-368L12.1	SRR10875898	0.9457998595863732
RP11-368L12.1	SRR10875899	0.8960758603955238
RP11-368L12.1	SRR10875900	1.003735535910961
RP11-368L12.1	SRR10875901	1.002192313736413
RP11-368L12.1	SRR10875902	1.0046103866254328
RP11-368L12.1	SRR12430469	3
RP11-368L12.1	SRR12430470	2.544497466478471
RP11-368L12.1	SRR12430471	2.910014619880893
RP11-368L12.1	SRR12430472	0.9602840264742334
RP11-368L12.1	SRR12430473	2
RP11-368L12.1	SRR12430474	2.7115457243846213
RP11-368L12.1	SRR12430475	0.6500601847372958
RP11-368L12.1	SRR12430476	5
RP11-368L12.1	SRR12765534	7
RP11-368L12.1	SRR12765535	1.0026279344264644
RP11-368L12.1	SRR12765536	8.037128841435532
RP11-368L12.1	SRR12765537	1.0041780100330324
RP11-368L12.1	SRR12765538	2.0684143471235985
RP11-368L12.1	SRR12765539	3.0931001854074056
RP11-368L12.1	SRR12765540	13.040626143057622
RP11-368L12.1	SRR12765541	1.0094847905369881
RP11-368L12.1	SRR12765542	4
RP11-368L12.1	SRR12765543	1.0162479978865846
RP11-368L12.1	SRR12765544	4.0460989264386
RP11-368L12.1	SRR12765545	1.009281141666664
RP11-368L12.1	SRR12765546	4.1206934615263355
RP11-368L12.1	SRR12765547	1.0080459370173969
RP11-368L12.1	SRR12765548	4.0817668748332
RP11-368L12.1	SRR12765549	3.0228262103984553
RP11-368L12.1	SRR12765550	4.160251339539952
RP11-368L12.1	SRR12765551	2.0271369808988022
RP11-368L12.1	SRR12765552	6.248563416965861
RP11-368L12.1	SRR12765553	2.0886486251877594
RP11-368L12.1	SRR12765554	10.31834253706366
RP11-368L12.1	SRR12765555	10.207139403659763
RP11-368L12.1	SRR12765556	6.09218541848277
RP11-368L12.1	SRR12765557	13.136338977733484
RP11-368L12.1	SRR12765558	1.0514952401037005
RP11-368L12.1	SRR12765559	4.007626094200365
RP11-368L12.1	SRR12765560	1.0189547489838953
RP11-368L12.1	SRR12765561	4.011356126986485
RP11-368L12.1	SRR12765562	1.015483444252062
RP11-368L12.1	SRR12765563	8.058360045225433
RP11-368L12.1	SRR12765564	1.002086827591817
RP11-368L12.1	SRR12765565	9.038277078144922
RP11-368L12.1	SRR12765566	1.0070967496166072
RP11-368L12.1	SRR12765567	4.052875108327409
RP11-368L12.1	SRR12765568	1.010279036701863
RP11-368L12.1	SRR12765569	11.126281293250313
RP11-368L12.1	SRR12765570	1.0071209247328885
RP11-368L12.1	SRR12765571	12.134118661267507
RP11-368L12.1	SRR12765572	3.0197520269249245
RP11-368L12.1	SRR12765573	1.0342120344840695
RP11-368L12.1	SRR12765574	7.048580934496701
RP11-368L12.1	SRR12765575	3.071818593761069
RP11-368L12.1	SRR12765576	6.149007972538849
RP11-368L12.1	SRR12765577	1.0456385621694768
RP11-368L12.1	SRR12765578	10.151006524935664
RP11-368L12.1	SRR12765579	2.0167665831915538
RP11-368L12.1	SRR12765580	9.102101235716523
RP11-368L12.1	SRR12765581	1.015899942750325
RP11-368L12.1	SRR12765582	18.018098817343862
RP11-368L12.1	SRR12765583	1.0087441767971732
RP11-368L12.1	SRR12765584	3.0372548136742132
RP11-368L12.1	SRR12765585	1.0109960581005948
RP11-368L12.1	SRR12765586	7.036936692077824
RP11-368L12.1	SRR12765587	1.011720751030811
RP11-368L12.1	SRR12765588	7.048656720147898
RP11-368L12.1	SRR12765589	1.0181159328867537
RP11-368L12.1	SRR12765590	13.380961247398602
RP11-368L12.1	SRR12765591	1.0277391727573009
RP11-368L12.1	SRR12765592	10.165332338111508
RP11-368L12.1	SRR12765593	1.0083598330411412
RP11-368L12.1	SRR12765594	6.139390986585383
RP11-368L12.1	SRR12765595	1.011717488283927
RP11-368L12.1	SRR12765596	1.0044103046586363
RP11-368L12.1	SRR12765597	3.0242430531996316
RP11-368L12.1	SRR12765598	1.0071752143448685
RP11-368L12.1	SRR12765599	1.0030637444667863
RP11-368L12.1	SRR12765600	4.17196821616285
RP11-368L12.1	SRR12765601	2.0435752281143436
RP11-368L12.1	SRR12765602	6.051968437202674
RP11-368L12.1	SRR12765603	1.0098244476189677
RP11-368L12.1	SRR12765604	16.13020211710388
RP11-368L12.1	SRR12765605	3.023026477945729
RP11-368L12.1	SRR12765606	5.0663558750321736
RP11-368L12.1	SRR12765607	1.008593218827847
RP11-368L12.1	SRR12765608	9.079709176674632
RP11-368L12.1	SRR12765609	1.0048050661427248
RP11-368L12.1	SRR12765610	7.061298676765001
RP11-368L12.1	SRR12765611	1.0055084743211022
RP11-368L12.1	SRR12765612	6.027236809172567
RP11-368L12.1	SRR12765613	3.0178169655236102
RP11-368L12.1	SRR12765614	3.01402779641924
RP11-368L12.1	SRR12765615	3.0274760478503375
RP11-368L12.1	SRR12765616	7.042862840517446
RP11-368L12.1	SRR12765617	3.0254683216407665
RP11-368L12.1	SRR12765618	11.255008406596422
RP11-368L12.1	SRR12765619	3.065289031326131
RP11-368L12.1	SRR12765620	1.0080003107853246
RP11-368L12.1	SRR12765621	7.018085989493605
RP11-368L12.1	SRR12765622	2.0436715481953116
RP11-368L12.1	SRR12765623	11
RP11-368L12.1	SRR12765624	6.0237751577472975
RP11-368L12.1	SRR12765625	1.0082543784817941
RP11-368L12.1	SRR12765626	3.0148592516538355
RP11-368L12.1	SRR12765627	1.0005399799895063
RP11-368L12.1	SRR12765628	4.166416605111747
RP11-368L12.1	SRR12765629	1.032192677516494
RP11-368L12.1	SRR12765630	10.017568823143636
RP11-368L12.1	SRR12765631	1.0059866023975144
RP11-368L12.1	SRR12765632	5.032841541118613
RP11-368L12.1	SRR12765633	1.0193139826231485
RP11-368L12.1	SRR12765634	7.03808514490605
RP11-368L12.1	SRR12765635	2.0462294142698476
RP11-368L12.1	SRR12765636	1.0122042835346428
RP11-368L12.1	SRR12765637	4.141613466861533
RP11-368L12.1	SRR12765638	12
RP11-368L12.1	SRR12765639	1.0309424981168878
RP11-368L12.1	SRR12765640	5.025171641686799
RP11-368L12.1	SRR12765641	2.0375963944892197
RP11-368L12.1	SRR12765642	15.036712995362459
RP11-368L12.1	SRR12765643	1.013978378378916
RP11-368L12.1	SRR12765644	12.042899831370079
RP11-368L12.1	SRR12765645	1.0285351424147229
RP11-368L12.1	SRR12765646	5.034084619979484
RP11-368L12.1	SRR12765647	8.23209144036381
RP11-368L12.1	SRR12765648	9.106844412554828
RP11-368L12.1	SRR12765649	3.148394041389903
RP11-368L12.1	SRR12765650	1.0180274394060935
RP11-368L12.1	SRR12765651	6.169318265522694
RP11-368L12.1	SRR12765652	10.10584658765189
RP11-368L12.1	SRR12774664	1.0053041671599932
RP11-368L12.1	SRR12774665	1.0134052600429255
RP11-368L12.1	SRR12774666	1.0106554920283504
RP11-368L12.1	SRR12774667	1.014927231447063
RP11-368L12.1	SRR12774668	1.0531044481489285
RP11-368L12.1	SRR12774669	3.055237222197073
RP11-368L12.1	SRR12774670	1.0489095745502544
RP11-368L12.1	SRR12774671	1.0483423562302514
RP11-368L12.1	SRR12774672	1.006184793499986
RP11-368L12.1	SRR12774673	1.0142142606674132
RP11-368L12.1	SRR12774674	1.0242203683654911
RP11-368L12.1	SRR12774675	1.0343842942005177
RP11-368L12.1	SRR12774676	1.0065437279509373
RP11-368L12.1	SRR12774677	1.010883125191728
RP11-368L12.1	SRR12774678	1.043754043143823
RP11-368L12.1	SRR12774679	1.0232632446385574
RP11-368L12.1	SRR12774680	1.0140488490623458
RP11-368L12.1	SRR12774681	1.008705895915066
RP11-368L12.1	SRR12774682	1.010589221555441
RP11-368L12.1	SRR12774683	1.007131661704458
RP11-368L12.1	SRR12774684	1.005286161396734
RP11-368L12.1	SRR12774685	1.0073683070661372
RP11-368L12.1	SRR12774686	1.0179757410447914
RP11-368L12.1	SRR12774687	1.029309138639411
RP11-368L12.1	SRR1609360	3.1479102711242395
RP11-368L12.1	SRR1609361	1.025908504185614
RP11-368L12.1	SRR1609362	1.0680988542222165
RP11-368L12.1	SRR1609363	4.029498037559271
RP11-368L12.1	SRR1609364	5.042844422927655
RP11-368L12.1	SRR1609365	2.028633158724157
RP11-368L12.1	SRR1609366	2.0113722471890014
RP11-368L12.1	SRR1609367	7.018708661437392
RP11-368L12.1	SRR1609368	4.0222242713332506
RP11-368L12.1	SRR1609369	4.003600514509815
RP11-368L12.1	SRR1609370	4.008347310367268
RP11-368L12.1	SRR1609371	1.0301143575969267
RP11-368L12.1	SRR1609372	2.001440076213531
RP11-368L12.1	SRR1609373	3.022492296519852
RP11-368L12.1	SRR1609374	7.018395540985251
RP11-368L12.1	SRR1609375	7.045679899903404
RP11-368L12.1	SRR1609376	5.080442105290664
RP11-368L12.1	SRR1609377	5.0264308069836705
RP11-368L12.1	SRR1609378	3.052220525284962
RP11-368L12.1	SRR1609379	4.007204269945813
RP11-368L12.1	SRR1609380	3.0475959185946504
RP11-368L12.1	SRR1609381	3.002160114320297
RP11-368L12.1	SRR1609382	1.01426559739414
RP11-368L12.1	SRR1609383	1.0104290785566081
RP11-368L12.1	SRR1609384	3.0289246091469253
RP11-368L12.1	SRR1609385	2.0146728341175435
RP11-368L12.1	SRR1609386	3.019814967991788
RP11-368L12.1	SRR1609387	2.0147827752727374
RP11-368L12.1	SRR1609388	4.050704378659824
RP11-368L12.1	SRR1609389	4.010089609721769
RP11-368L12.1	SRR1609390	6.07694460410281
RP11-368L12.1	SRR1609391	2.1272505634359313
RP11-368L12.1	SRR1609392	3.046315966826078
RP11-368L12.1	SRR1609393	2.08956202335916
RP11-368L12.1	SRR1609394	3.0830955137723173
RP11-368L12.1	SRR1609395	3.0164451498053046
RP11-368L12.1	SRR1609396	4.004321006229605
RP11-368L12.1	SRR1609397	2.0290620272151787
RP11-368L12.1	SRR1609398	3.0138311598762986
RP11-368L12.1	SRR1609399	5.019046703673557
RP11-368L12.1	SRR1609400	6.013153882418479
RP11-368L12.1	SRR1609401	1.0106596239587748
RP11-368L12.1	SRR1609402	9.040180033373396
RP11-368L12.1	SRR1609403	2.0063386668959495
RP11-368L12.1	SRR1609404	4.047783066200827
RP11-368L12.1	SRR1609405	3.019802621930812
RP11-368L12.1	SRR1609406	4.015745765874566
RP11-368L12.1	SRR1609407	7.016084676896143
RP11-368L12.1	SRR1609408	8.062278537167403
RP11-368L12.1	SRR1609409	5.092940164433589
RP11-368L12.1	SRR1609410	6
RP11-368L12.1	SRR1609411	5.262822488622046
RP11-368L12.1	SRR1609412	11
RP11-368L12.1	SRR1609413	6.723030160751076
RP11-368L12.1	SRR1609414	9.014587333750189
RP11-368L12.1	SRR1609415	8.001439687535616
RP11-368L12.1	SRR1609416	1.0026279344264644
RP11-368L12.1	SRR1609417	3.0201328532584086
RP11-368L12.1	SRR1609418	2.0028811893368133
RP11-368L12.1	SRR1609419	3.0146227472897786
RP11-368L12.1	SRR1609420	2.009345384224076
RP11-368L12.1	SRR1609421	2.0128820590331795
RP11-368L12.1	SRR1609422	2.032975425113426
RP11-368L12.1	SRR1609423	1.0538854443534305
RP11-368L12.1	SRR1609424	2.1574908229124508
RP11-368L12.1	SRR1609425	10.016208148611321
RP11-368L12.1	SRR1609426	3.0141607381930573
RP11-368L12.1	SRR1609427	2.0102867325802385
RP11-368L12.1	SRR1609428	5.043151346112584
RP11-368L12.1	SRR1609429	5.006302034512206
RP11-368L12.1	SRR1609430	2.008197823719105
RP11-368L12.1	SRR1609431	1.0073246414522423
RP11-368L12.1	SRR1609432	8.012014710909025
RP11-368L12.1	SRR1609433	4.032899491488979
RP11-368L12.1	SRR1609434	2.030006655546397
RP11-368L12.1	SRR1609435	5.022391662610772
RP11-368L12.1	SRR1609436	4.012960620597085
RP11-368L12.1	SRR1609437	2.0429096489571332
RP11-368L12.1	SRR1609438	5.161416738223215
RP11-368L12.1	SRR1609439	1.0147013578735862
RP11-368L12.1	SRR1609440	7.017656817013095
RP11-368L12.1	SRR1609441	4.009068656324914
RP11-368L12.1	SRR1609442	2.0144055262760356
RP11-368L12.1	SRR1609443	3.025891873729395
RP11-368L12.1	SRR1609444	7.003779859926543
RP11-368L12.1	SRR1609445	3.0105232812543545
RP11-368L12.1	SRR1609446	3.0330096469901116
RP11-368L12.1	SRR1609447	1.2338363336906928
RP11-368L12.1	SRR1609448	7.061759389156246
RP11-368L12.1	SRR1609449	2.0049563708866893
RP11-368L12.1	SRR1609450	6.012255778896408
RP11-368L12.1	SRR1609451	1.0128607888336665
RP11-368L12.1	SRR1609452	2.5265411318526665
RP11-368L12.1	SRR1609453	6.010990200829696
RP11-368L12.1	SRR1609454	4.064039447496915
RP11-368L12.1	SRR1609455	1.2516237980743048
RP11-368L12.1	SRR1609456	8.03866040085054
RP11-368L12.1	SRR1609457	5.032841541118613
RP11-368L12.1	SRR1609458	1.240500376538707
RP11-368L12.1	SRR1609459	5.0194582679779804
RP11-368L12.1	SRR1609460	1.0096415363823084
RP11-368L12.1	SRR1609461	4.006728280311666
RP11-368L12.1	SRR1609462	3.0110826246896187
RP11-368L12.1	SRR1609463	1.0064345380869446
RP11-368L12.1	SRR1609464	1.0111087674076973
RP11-368L12.1	SRR1609465	2.023894907872155
RP11-368L12.1	SRR1609466	3.3647989227715627
RP11-368L12.1	SRR1609467	1.0119457665502067
RP11-368L12.1	SRR1609468	6.009993008534467
RP11-368L12.1	SRR1609469	2.000359921883904
RP11-368L12.1	SRR1609470	5.0241300470980965
RP11-368L12.1	SRR1609471	6.012638381649942
RP11-368L12.1	SRR1609472	2.1741547328229904
RP11-368L12.1	SRR1609473	2.114973198797288
RP11-368L12.1	SRR1609474	6.015318342833688
RP11-368L12.1	SRR1609475	1.0217687791754089
RP11-368L12.1	SRR1609476	3.8132368502415557
RP11-368L12.1	SRR1609477	5.028218631849411
RP11-368L12.1	SRR1609478	1.0229981829413575
RP11-368L12.1	SRR1609479	3.0311659309869405
RP11-368L12.1	SRR1609480	4
RP11-368L12.1	SRR1609481	1.0104258199753007
RP11-368L12.1	SRR1609482	2.0072721332806
RP11-368L12.1	SRR1609483	3.0135679131932984
RP11-368L12.1	SRR1609484	1.0079009294287338
RP11-368L12.1	SRR1609485	2.0018002572549074
RP11-368L12.1	SRR1609486	3.009732770289235
RP11-368L12.1	SRR1609487	2.007783307191192
RP11-368L12.1	SRR1609488	7.010084162678846
RP11-368L12.1	SRR1609489	8.017538509891304
RP11-368L12.1	SRR1609490	5.081963040094433
RP11-368L12.1	SRR1609491	5.017631628745745
RP11-368L12.1	SRR1609492	5
RP11-368L12.1	SRR1609493	2.008939649885871
RP11-368L12.1	SRR1609494	4.023739503508224
RP11-368L12.1	SRR1609495	4.008929682482217
RP11-368L12.1	SRR1609496	4.00330152149702
RP11-368L12.1	SRR1609497	6.005400771764722
RP11-368L12.1	SRR1609498	3.0010798628095343
RP11-368L12.1	SRR1609499	1.0020974473736823
RP11-368L12.1	SRR1609500	5.008631259751061
RP11-368L12.1	SRR1609501	6.007702201773143
RP11-368L12.1	SRR1609502	2.025853151775604
RP11-368L12.1	SRR1609503	1.2571824597395216
RP11-368L12.1	SRR1609504	4
RP11-368L12.1	SRR1609505	4
RP11-368L12.1	SRR1609506	3.059080186749941
RP11-368L12.1	SRR1609507	3.0181346404675615
RP11-368L12.1	SRR1609508	6.003239879937037
RP11-368L12.1	SRR1609509	5.031638682781753
RP11-368L12.1	SRR1609510	2.011207327196513
RP11-368L12.1	SRR1609511	4.147901783380948
RP11-368L12.1	SRR1609512	1.0033056112632286
RP11-368L12.1	SRR1609513	2.0064013705516772
RP11-368L12.1	SRR1609514	5.247894023144196
RP11-368L12.1	SRR1609515	1.0019813525502068
RP11-368L12.1	SRR1609516	1.0041780100330324
RP11-368L12.1	SRR1609517	2.044993897903842
RP11-368L12.1	SRR1609518	11.017828963472454
RP11-368L12.1	SRR1609519	4.0067153588210305
RP11-368L12.1	SRR1609520	3.2368507333179664
RP11-368L12.1	SRR1609521	6.009700319307145
RP11-368L12.1	SRR1609522	2.048109013889149
RP11-368L12.1	SRR1609523	1.0047341339697147
RP11-368L12.1	SRR1609524	1.016716170089433
RP11-368L12.1	SRR1609525	8.044150208853681
RP11-368L12.1	SRR1609526	2.0407459466948192
RP11-368L12.1	SRR1609527	11
RP11-368L12.1	SRR1609528	5.0432745022481225
RP11-368L12.1	SRR1609529	2.050660278528563
RP11-368L12.1	SRR1609530	2.0095905704237187
RP11-368L12.1	SRR1609531	2.007588014702848
RP11-368L12.1	SRR1609532	2.0144120226502014
RP11-368L12.1	SRR1609533	3.1146799019713503
RP11-368L12.1	SRR1609534	10.012910230221786
RP11-368L12.1	SRR1609535	1.0442329013337999
RP11-368L12.1	SRR1609536	3.032285640498054
RP11-368L12.1	SRR1609537	5.019216360685497
RP11-368L12.1	SRR1609538	3
RP11-368L12.1	SRR1609539	1.0061942931737347
RP11-368L12.1	SRR1609540	5
RP11-368L12.1	SRR1609541	2.2004992123545497
RP11-368L12.1	SRR1609542	3.007026060049086
RP11-368L12.1	SRR1609543	3.0060359721441507
RP11-368L12.1	SRR1609544	1.0058458481595676
RP11-368L12.1	SRR1609545	4.196399895470789
RP11-368L12.1	SRR1609546	6
RP11-368L12.1	SRR1609547	8.041366876056625
RP11-368L12.1	SRR1609548	3.053991771241341
RP11-368L12.1	SRR1609549	6.064175625610137
RP11-368L12.1	SRR1609550	8
RP11-368L12.1	SRR1609551	1.0113111021667518
RP11-368L12.1	SRR1609552	1.0044644481525995
RP11-368L12.1	SRR1609553	2.005222271977506
RP11-368L12.1	SRR1609554	5.045201385627049
RP11-368L12.1	SRR1609555	8.027509372347263
RP11-368L12.1	SRR1609556	2.0443372911143736
RP11-368L12.1	SRR1609557	5.031521629105903
RP11-368L12.1	SRR1609558	4.017177437491137
RP11-368L12.1	SRR1609559	1.0424968298454986
RP11-368L12.1	SRR1609560	4.028486674229457
RP11-368L12.1	SRR1609561	5.012697465467826
RP11-368L12.1	SRR1609562	5.004943592989121
RP11-368L12.1	SRR1609563	3.0133933444577985
RP11-368L12.1	SRR1609564	7.0063009003921755
RP11-368L12.1	SRR1609565	3.0743575676448995
RP11-368L12.1	SRR1609566	3.0100495942384784
RP11-368L12.1	SRR1609567	1.2581113184722956
RP11-368L12.1	SRR1609568	6
RP11-368L12.1	SRR1609569	5
RP11-368L12.1	SRR1609570	2.03553309064474
RP11-368L12.1	SRR1609571	1.024176000194289
RP11-368L12.1	SRR1609572	2.0264732561614456
RP11-368L12.1	SRR1609573	4.079323527711282
RP11-368L12.1	SRR1609574	3.01532817282782
RP11-368L12.1	SRR1609575	2.1465064432834318
RP11-368L12.1	SRR1609576	6.023902476853097
RP11-368L12.1	SRR1609577	3.0126041139043234
RP11-368L12.1	SRR1609578	5.008831700914785
RP11-368L12.1	SRR1609579	4.026805530887076
RP11-368L12.1	SRR1609580	2.015357484720384
RP11-368L12.1	SRR1609581	3.1254127173411677
RP11-368L12.1	SRR1609582	3.0248340731085928
RP11-368L12.1	SRR1609583	5.178799214165188
RP11-368L12.1	SRR1609584	2.004023981429434
RP11-368L12.1	SRR1609585	7.006183513966742
RP11-368L12.1	SRR1609586	2.155938499284864
RP11-368L12.1	SRR1609587	4.048019627023869
RP11-368L12.1	SRR1609588	3.0402157801287766
RP11-368L12.1	SRR1609589	6.015767606558787
RP11-368L12.1	SRR1609590	3.000855739072272
RP11-368L12.1	SRR1609591	6.0196249908295085
RP11-368L12.1	SRR1609592	6.04106983802012
RP11-368L12.1	SRR1609593	3.0166077535529974
RP11-368L12.1	SRR1609594	2.0506662014044412
RP11-368L12.1	SRR1609595	2.0486124192547837
RP11-368L12.1	SRR1609596	4.0105117377058574
RP11-368L12.1	SRR1609597	7.029461007562081
RP11-368L12.1	SRR1609598	1.0275370706123974
RP11-368L12.1	SRR1609599	1.0212178151540763
RP11-368L12.1	SRR1609600	4.1234988077310275
RP11-368L12.1	SRR1609601	3.0844912151565125
RP11-368L12.1	SRR1609602	1.1632163838991925
RP11-368L12.1	SRR1609603	3
RP11-368L12.1	SRR1609604	2.0139962234358246
RP11-368L12.1	SRR1609605	2.015132950391218
RP11-368L12.1	SRR1609606	5.080414910375162
RP11-368L12.1	SRR1609607	4.0198880016945155
RP11-368L12.1	SRR1609608	3.0599328602922777
RP11-368L12.1	SRR1609609	3.097253589848795
RP11-368L12.1	SRR1609610	8
RP11-368L12.1	SRR1609611	4.068539722341837
RP11-368L12.1	SRR1609612	6.014052120098172
RP11-368L12.1	SRR1609613	5.004126901871276
RP11-368L12.1	SRR1609614	3.034107439657951
RP11-368L12.1	SRR1609615	4.012677333791899
RP11-368L12.1	SRR1609616	9
RP11-368L12.1	SRR1609617	5
RP11-368L12.1	SRR1609618	3.009600023814196
RP11-368L12.1	SRR1609619	5.0181803332015
RP11-368L12.1	SRR1609620	1.0125434290578252
RP11-368L12.1	SRR1609621	5.042626038755801
RP11-368L12.1	SRR1609622	1.0396027374078705
RP11-368L12.1	SRR1609623	2.038002606009502
RP11-368L12.1	SRR1609624	2.466332199581562
RP11-368L12.1	SRR1609625	3.0046380383590288
RP11-368L12.1	SRR1609626	3.0230362270805764
RP11-368L12.1	SRR1609627	1.0053993370958376
RP11-368L12.1	SRR1609628	6.0114391413005475
RP11-368L12.1	SRR1609629	4.064219893535603
RP11-368L12.1	SRR1609630	6.016749400999183
RP11-368L12.1	SRR1609631	7
RP11-368L12.1	SRR1609632	6
RP11-368L12.1	SRR1609633	6.021506765887968
RP11-368L12.1	SRR1609634	2.016617710142049
RP11-368L12.1	SRR1609635	3.074791521174325
RP11-368L12.1	SRR1609636	1.033526030779779
RP11-368L12.1	SRR1609637	4.016221968982975
RP11-368L12.1	SRR1609638	5.121607756279074
RP11-368L12.1	SRR1609639	10.05532675049881
RP11-368L12.1	SRR1609640	3.0005398828258563
RP11-368L12.1	SRR1609641	10.001799609419521
RP11-368L12.1	SRR1609642	4
RP11-368L12.1	SRR1609643	5.0588662047472
RP11-368L12.1	SRR1609644	4.004182196963581
RP11-368L12.1	SRR1609645	6.019016000687849
RP11-368L12.1	SRR1609646	2.004684040032724
RP11-368L12.1	SRR1609647	1.0206670235973925
RP11-368L12.1	SRR1609648	2.007263926849274
RP11-368L12.1	SRR1609649	2.016254863017685
RP11-368L12.1	SRR1609650	7.052026679445602
RP11-368L12.1	SRR1609651	4.013578513790808
RP11-368L12.1	SRR1609652	1.0035304285329265
RP11-368L12.1	SRR1609653	1.0508063334876938
RP11-368L12.1	SRR1609654	4.137431882353884
RP11-368L12.1	SRR1609655	3.0204925226487696
RP11-368L12.1	SRR1609656	2.028626616487566
RP11-368L12.1	SRR1609657	2.0257018589742537
RP11-368L12.1	SRR1609658	2.040099256858702
RP11-368L12.1	SRR1609659	1.0079661790509038
RP11-368L12.1	SRR1609660	1.0039223501724883
RP11-368L12.1	SRR1609661	5.007356081489249
RP11-368L12.1	SRR1609662	5.023379660698733
RP11-368L12.1	SRR1609663	7.0186101465331845
RP11-368L12.1	SRR1609664	2.0144363505434137
RP11-368L12.1	SRR1609665	3
RP11-368L12.1	SRR1609666	4.066537640697372
RP11-368L12.1	SRR1609667	5.01441632324906
RP11-368L12.1	SRR1609668	1.1259515593418852
RP11-368L12.1	SRR1609669	2.0384816951979126
RP11-368L12.1	SRR1746771	15.623750471665149
RP11-368L12.1	SRR1746772	20.492978119641926
RP11-368L12.1	SRR1746773	21.212249174940723
RP11-368L12.1	SRR1746774	4.818351801236238
RP11-368L12.1	SRR1746775	19.2199729375145
RP11-368L12.1	SRR1746776	9.742758904558881
RP11-368L12.1	SRR1746777	19.250482858481767
RP11-368L12.1	SRR1746778	5.38514752237741
RP11-368L12.1	SRR1746779	10.08875499697848
RP11-368L12.1	SRR1746780	6.340539283816968
RP11-368L12.1	SRR1746781	3.6688749975053274
RP11-368L12.1	SRR1746782	6.026786688915597
RP11-368L12.1	SRR1746783	12
RP11-368L12.1	SRR1746784	9.968262288032626
RP11-368L12.1	SRR1782685	5.080702564820597
RP11-368L12.1	SRR1782686	2.0482121027641704
RP11-368L12.1	SRR1782687	4.048864588541963
RP11-368L12.1	SRR1782688	1.0167551838847384
RP11-368L12.1	SRR1782689	2.0357524816901713
RP11-368L12.1	SRR1782690	3.060783310450153
RP11-368L12.1	SRR1782691	6.010357511701273
RP11-368L12.1	SRR1782692	2.016534678177334
RP11-368L12.1	SRR1782693	3.0265396947711682
RP11-368L12.1	SRR1782694	5.080414910375162
RP11-368L12.1	SRR1782695	3.002160114320297
RP11-368L12.1	SRR1782696	4.013482856361931
RP11-368L12.1	SRR1782697	7.061782582119609
RP11-368L12.1	SRR1782698	4.008347310367268
RP11-368L12.1	SRR1782699	2.0484155580656553
RP11-368L12.1	SRR1782700	2.0151407541263504
RP11-368L12.1	SRR1782701	3.018701901590259
RP11-368L12.1	SRR1782702	6.063998510851672
RP11-368L12.1	SRR1782703	5.0194582679779804
RP11-368L12.1	SRR1782704	3.0475322176417574
RP11-368L12.1	SRR1782705	1.0242058267974272
RP11-368L12.1	SRR1782706	6.015318342833688
RP11-368L12.1	SRR1782707	3.0114500457966886
RP11-368L12.1	SRR1782708	5.26366777967482
RP11-368L12.1	SRR1782709	1.0493889346936112
RP11-368L12.1	SRR1782710	11
RP11-368L12.1	SRR1782711	1.0112110690582374
RP11-368L12.1	SRR1782712	4.047297138585825
RP11-368L12.1	SRR1782713	1.0217630104420437
RP11-368L12.1	SRR1782714	2.174110817755799
RP11-368L12.1	SRR1782715	4.009912741773379
RP11-368L12.1	SRR1782716	2.0298426206060474
RP11-368L12.1	SRR1782717	2.00165076074851
RP11-368L12.1	SRR1782718	2.028668899404299
RP11-368L12.1	SRR1782719	2.014536955582376
RP11-368L12.1	SRR1782720	3.0521669330097234
RP11-368L12.1	SRR1782721	3.364586359319047
RP11-368L12.1	SRR1782722	4.0035334365524236
RP11-368L12.1	SRR1782723	6.013153882418479
RP11-368L12.1	SRR1782724	3.0333895262202626
RP11-368L12.1	SRR1782725	1.0685748274292985
RP11-368L12.1	SRR1782726	2.0148716426668334
RP11-368L12.1	SRR1782727	5
RP11-368L12.1	SRR1782728	1.0303050804635
RP11-368L12.1	SRR1782729	6.670892156305767
RP11-368L12.1	SRR1782730	10.013658060526472
RP11-368L12.1	SRR1782731	3.0963049041541226
RP11-368L12.1	SRR1782732	2.15846688140263
RP11-368L12.1	SRR1782733	1.0096575808681731
RP11-368L12.1	SRR1782734	5.031193370348615
RP11-368L12.1	SRR1782735	5.022891048052975
RP11-368L12.1	SRR1782736	3.054796229294381
RP11-368L12.1	SRR1782737	3.0048624445833965
RP11-368L12.1	SRR1782738	3.149017030640493
RP11-368L12.1	SRR1782739	1.0104534576807476
RP11-368L12.1	SRR1782740	3.0347375834706307
RP11-368L12.1	SRR1782741	1.0543086561909183
RP11-368L12.1	SRR1782742	8
RP11-368L12.1	SRR1782743	6.0120719442883015
RP11-368L12.1	SRR1782744	7.035122427073598
RP11-368L12.1	SRR1782745	2.0240551526391415
RP11-368L12.1	SRR1782746	4.079586304093558
RP11-368L12.1	SRR1782747	1.0072992776231908
RP11-368L12.1	SRR1782748	2.02928378720651
RP11-368L12.1	SRR1782749	4.050722366548603
RP11-368L12.1	SRR1782750	5.006829030263236
RP11-368L12.1	SRR1782751	3.046450332756186
RP11-368L12.1	SRR1782752	1.0066496832577085
RP11-368L12.1	SRR1782753	7.006706782050792
RP11-368L12.1	SRR1782754	4.033241130740827
RP11-368L12.1	SRR1782755	6.016116105683891
RP11-368L12.1	SRR1782756	2.090524631071784
RP11-368L12.1	SRR1782757	8.011524757347253
RP11-368L12.1	SRR1782758	9.01553626755191
RP11-368L12.1	SRR1782759	4.0177185140934375
RP11-368L12.1	SRR1782760	1.0142062491689723
RP11-368L12.1	SRR1782761	1.123350924195671
RP11-368L12.1	SRR1782762	2.128552507818949
RP11-368L12.1	SRR1782763	4.021868294565082
RP11-368L12.1	SRR1782764	4.004603703095173
RP11-368L12.1	SRR1782765	2.0064000158761304
RP11-368L12.1	SRR1782766	1.0106768533425006
RP11-368L12.1	SRR1782767	3.028975178081554
RP11-368L12.1	SRR1782768	7.045202066801106
RP11-368L12.1	SRR1782769	5.042675444595077
RP11-368L12.1	SRR1782770	3.0139356375625392
RP11-368L12.1	SRR1782771	3.0199004912805103
RP11-368L12.1	SRR1782772	5.026842976788205
RP11-368L12.1	SRR1782773	9.039228505682448
RP11-368L12.1	SRR1782774	7.017871399972637
RP11-368L12.1	SRR1782775	2.0400612350369793
RP11-368L12.1	SRR1782776	5.073033927440246
RP11-368L12.1	SRR1782777	8.001439687535616
RP11-368L12.1	SRR1782778	6.010990200829696
RP11-368L12.1	SRR1782779	3.0846235598664995
RP11-368L12.1	SRR1782780	2.0257977410763166
RP11-368L12.1	SRR1782781	4.1379993936361386
RP11-368L12.1	SRR1782782	2.0410567752040456
RP11-368L12.1	SRR1782783	1.0063318507933232
RP11-368L12.1	SRR1782784	6.020074576203539
RP11-368L12.1	SRR1782785	5.005401257787007
RP11-368L12.1	SRR1782786	3.0752582407041316
RP11-368L12.1	SRR1782787	11
RP11-368L12.1	SRR1782788	1.0037110248141228
RP11-368L12.1	SRR1782789	4.068078222939081
RP11-368L12.1	SRR1782790	3.016781624681153
RP11-368L12.1	SRR1782791	1.0059251235048385
RP11-368L12.1	SRR1782792	2.013695420040955
RP11-368L12.1	SRR1782793	4.147884933330254
RP11-368L12.1	SRR1782794	4.027377851955591
RP11-368L12.1	SRR1782795	1.0212178151540763
RP11-368L12.1	SRR1782796	3.238808074839606
RP11-368L12.1	SRR1782797	2.0507256049946334
RP11-368L12.1	SRR1782798	4.077200141312725
RP11-368L12.1	SRR1782799	11.017828963472454
RP11-368L12.1	SRR1782800	5.008831700914785
RP11-368L12.1	SRR1782801	2.011126843610475
RP11-368L12.1	SRR1782802	3.0221332743923246
RP11-368L12.1	SRR1782803	7.025667287813733
RP11-368L12.1	SRR1782804	7.01891972114418
RP11-368L12.1	SRR1782805	4.007204269945813
RP11-368L12.1	SRR1782806	1.0026585923618834
RP11-368L12.1	SRR1782807	1.0351820922376846
RP11-368L12.1	SRR1782808	3.0788961810142434
RP11-368L12.1	SRR1782809	1.0134179413952518
RP11-368L12.1	SRR1782810	1.016644694920719
RP11-368L12.1	SRR1782811	4.012377662912885
RP11-368L12.1	SRR1782812	4.050226900198974
RP11-368L12.1	SRR1782813	3.0187700906805452
RP11-368L12.1	SRR1782814	2.025913348276551
RP11-368L12.1	SRR1782815	3.186364004683773
RP11-368L12.1	SRR1782816	7.003779859926543
RP11-368L12.1	SRR1782817	1.0034661181326476
RP11-368L12.1	SRR1782818	3.040142609520452
RP11-368L12.1	SRR1782819	1.027675196028744
RP11-368L12.1	SRR1782820	5.177938762589082
RP11-368L12.1	SRR1782821	7.01891972114418
RP11-368L12.1	SRR1782822	1.0078594513453938
RP11-368L12.1	SRR1782823	2.007571977172635
RP11-368L12.1	SRR1782824	5.028414401544884
RP11-368L12.1	SRR1782825	4.023238580083852
RP11-368L12.1	SRR1782826	3.0204507719876905
RP11-368L12.1	SRR1782827	2.0265614831694103
RP11-368L12.1	SRR1782828	10
RP11-368L12.1	SRR1782829	4
RP11-368L12.1	SRR1782830	1.0393262126274254
RP11-368L12.1	SRR1782831	2.146800613916077
RP11-368L12.1	SRR1782832	5.16288614835889
RP11-368L12.1	SRR1782833	1.023057146473477
RP11-368L12.1	SRR1782834	2.000359921883904
RP11-368L12.1	SRR1782835	2.2299594763902366
RP11-368L12.1	SRR1782836	2.781352452199473
RP11-368L12.1	SRR1782837	2.0552406615442904
RP11-368L12.1	SRR1782838	2.025963857489937
RP11-368L12.1	SRR1782839	2.027450653041926
RP11-368L12.1	SRR1782840	5.041628744861234
RP11-368L12.1	SRR1782841	1.0148514356353688
RP11-368L12.1	SRR1782842	7
RP11-368L12.1	SRR1782843	5.120743745922063
RP11-368L12.1	SRR1782844	10.001799609419521
RP11-368L12.1	SRR1782845	2.037592538037879
RP11-368L12.1	SRR1782846	1.0054215004022353
RP11-368L12.1	SRR1782847	1.2337368978097534
RP11-368L12.1	SRR1782848	2.4671674398878802
RP11-368L12.1	SRR1782849	1.2403822504664612
RP11-368L12.1	SRR1782850	1.2517458229536382
RP11-368L12.1	SRR1782851	2.5269394263025196
RP11-368L12.1	SRR1782852	1.2639231424855961
RP11-368L12.1	SRR1782853	1.2584335321033158
RP11-368L12.1	SRR1782854	3.009824800632428
RP11-368L12.1	SRR1782855	6.01441991603542
RP11-368L12.1	SRR1782856	8.042348107157933
RP11-368L12.1	SRR1782857	2.0139732606458387
RP11-368L12.1	SRR1782858	7.007038428967057
RP11-368L12.1	SRR1782859	10.016208148611321
RP11-368L12.1	SRR1782860	4.009068656324914
RP11-368L12.1	SRR1782861	6.011154616636706
RP11-368L12.1	SRR1782862	2.009211374738175
RP11-368L12.1	SRR1782863	7.018277951921272
RP11-368L12.1	SRR1782864	6.0774275538218445
RP11-368L12.1	SRR1782865	2.0084723660358006
RP11-368L12.1	SRR1782866	3.0105408449233813
RP11-368L12.1	SRR1782867	2.0330792777094846
RP11-368L12.1	SRR1782868	5.0181803332015
RP11-368L12.1	SRR1782869	4.013699206178134
RP11-368L12.1	SRR1782870	2.0049563708866893
RP11-368L12.1	SRR1782871	2.0104983483715184
RP11-368L12.1	SRR1782872	1.0027028173063115
RP11-368L12.1	SRR1782873	3.0138434815237467
RP11-368L12.1	SRR1782874	2.012883227339758
RP11-368L12.1	SRR1782875	4.020611424525843
RP11-368L12.1	SRR1782876	1.0039362270488077
RP11-368L12.1	SRR1782877	4.013541297626675
RP11-368L12.1	SRR1782878	3.0234847325168364
RP11-368L12.1	SRR1782879	2.0287249829887917
RP11-368L12.1	SRR1782880	1.0042361830179003
RP11-368L12.1	SRR1782881	3.012483556874164
RP11-368L12.1	SRR1782882	2.007058817753772
RP11-368L12.1	SRR1782883	4.007204269945813
RP11-368L12.1	SRR1782884	3.002160114320297
RP11-368L12.1	SRR1782885	3
RP11-368L12.1	SRR1782886	8.044396179496564
RP11-368L12.1	SRR1782887	5.004500643137268
RP11-368L12.1	SRR1782888	3.009732770289235
RP11-368L12.1	SRR1782889	9.03882982386822
RP11-368L12.1	SRR1782890	5.007730063931715
RP11-368L12.1	SRR1782891	5.003600190533828
RP11-368L12.1	SRR1782892	5.009158500691413
RP11-368L12.1	SRR1782893	6.023249003910106
RP11-368L12.1	SRR1782894	3.0335750364755043
RP11-368L12.1	SRR1782895	2.0073335108039236
RP11-368L12.1	SRR1782896	8.017159035460018
RP11-368L12.1	SRR1782897	2.005506119018947
RP11-368L12.1	SRR1782898	3.006801492243685
RP11-368L12.1	SRR1782899	5.018812866773551
RP11-368L12.1	SRR1782900	4.004021959409747
RP11-368L12.1	SRR1782901	2.0019657575437457
RP11-368L12.1	SRR1782902	8
RP11-368L12.1	SRR1782903	4.010212228555792
RP11-368L12.1	SRR1782904	4
RP11-368L12.1	SRR1782905	6.012520965550903
RP11-368L12.1	SRR1782906	5.031743557852269
RP11-368L12.1	SRR1782907	5.0244210997185315
RP11-368L12.1	SRR1782908	3.0091505205361715
RP11-368L12.1	SRR1782909	6.020548809267201
RP11-368L12.1	SRR1782910	6
RP11-368L12.1	SRR1782911	6.041436225981592
RP11-368L12.1	SRR1782912	3.815231691354998
RP11-368L12.1	SRR1782913	5
RP11-368L12.1	SRR1782914	5.013514086531558
RP11-368L12.1	SRR1782915	5
RP11-368L12.1	SRR1782916	5.052850570157228
RP11-368L12.1	SRR1782917	5.016153416830537
RP11-368L12.1	SRR1782918	4.004321006229605
RP11-368L12.1	SRR1782919	2
RP11-368L12.1	SRR1782920	6.006032939114621
RP11-368L12.1	SRR1782921	1.002086827591817
RP11-368L12.1	SRR1782922	1.1863691226303883
RP11-368L12.1	SRR1782923	3.0167284756300004
RP11-368L12.1	SRR1782924	6.030759154247013
RP11-368L12.1	SRR1782925	4.013931723581275
RP11-368L12.1	SRR1782926	3.022022906676107
RP11-368L12.1	SRR1782927	8.02271225397297
RP11-368L12.1	SRR1782928	2.0143320009551764
RP11-368L12.1	SRR1782929	4.034496236668898
RP11-368L12.1	SRR1782930	3.0085170952398634
RP11-368L12.1	SRR1782931	6.016015309218726
RP11-368L12.1	SRR1782932	6.0223912899795415
RP11-368L12.1	SRR1782933	2.129870358559271
RP11-368L12.1	SRR1782934	4.023405911760144
RP11-368L12.1	SRR1782935	6.0269709734649775
RP11-368L12.1	SRR1782936	2.0504658877940893
RP11-368L12.1	SRR1782937	1.0078568348794155
RP11-368L12.1	SRR1782938	1.2574474178148516
RP11-368L12.1	SRR1782939	1.0047411238848365
RP11-368L12.1	SRR1782940	6.015951554171301
RP11-368L12.1	SRR1782941	2.015624765226511
RP11-368L12.1	SRR1782942	2.0078636569717463
RP11-368L12.1	SRR1782943	1.004614493841249
RP11-368L12.1	SRR1782944	6.007746138133071
RP11-368L12.1	SRR1782945	3.0157475225572776
RP11-368L12.1	SRR1782946	3.0062604827754513
RP11-368L12.1	SRR1782947	2.004173655183634
RP11-368L12.1	SRR1782948	3
RP11-368L12.1	SRR1782949	2.004895066048328
RP11-368L12.1	SRR1782950	3
RP11-368L12.1	SRR1782951	2.006596547606632
RP11-368L12.1	SRR1782952	4.225136299867726
RP11-368L12.1	SRR1782953	1.0019065235500912
RP11-368L12.1	SRR1782954	1.126108257274077
RP11-368L12.1	SRR1782955	1.033842034247493
RP11-368L12.1	SRR1782956	5.075833608540293
RP11-368L12.1	SRR1782957	2.038623931699124
RP11-368L12.1	SRR1782958	10.054744269623505
RP11-368L12.1	SRR1782959	2.1158331356635864
RP11-368L12.1	SRR1782960	4
RP11-368L12.1	SRR1782961	6.0218163998418
RP11-368L12.1	SRR1782962	2.014590011306358
RP11-368L12.1	SRR1782963	3.020676359211502
RP11-368L12.1	SRR1782964	9.003239588428603
RP11-368L12.1	SRR1782965	5.015298217954883
RP11-368L12.1	SRR1782966	8
RP11-368L12.1	SRR1782967	1.0040206867929065
RP11-368L12.1	SRR1782968	3.0031366477226857
RP11-368L12.1	SRR1782969	5.059891984199228
RP11-368L12.1	SRR1782970	1.012507584036827
RP11-368L12.1	SRR1782971	4.067187005879275
RP11-368L12.1	SRR1782972	3.016806608131657
RP11-368L12.1	SRR1782973	1.0512612155664167
RP11-368L12.1	SRR1782974	4
RP11-368L12.1	SRR1782975	2.0789426948960594
RP11-368L12.1	SRR1782976	3.029385768576539
RP11-368L12.1	SRR1782977	3.0010798628095343
RP11-368L12.1	SRR1782978	1.0167008005288674
RP11-368L12.1	SRR1782979	1.0083829961716155
RP11-368L12.1	SRR1782980	6.010357511701273
RP11-368L12.1	SRR1782981	2.024607713425316
RP11-368L12.1	SRR1782982	9.052250370074244
RP11-368L12.1	SRR1782983	4.003832446886166
RP11-368L12.1	SRR1782984	3.0010798628095343
RP11-368L12.1	SRR1782985	5.034154204414616
RP11-368L12.1	SRR1782986	5.014944173162634
RP11-368L12.1	SRR1782987	10.012604069024412
RP11-368L12.1	SRR1782988	6
RP11-368L12.1	SRR1782989	1.0430979490658228
RP11-368L12.1	SRR1782990	3.040235569722922
RP11-368L12.1	SRR1782991	4.016534880096581
RP11-368L12.1	SRR1782992	8.019580264193312
RP11-368L12.1	SRR1782993	1.0207811101132158
RP11-368L12.1	SRR1782994	4
RP11-368L12.1	SRR1782995	2.0166029620419277
RP11-368L12.1	SRR1782996	7
RP11-368L12.1	SRR1782997	3.0134854867324887
RP11-368L12.1	SRR1782998	6.0218163998418
RP11-368L12.1	SRR1782999	3.0639363723308892
RP11-368L12.1	SRR1783000	5.019498366024048
RP11-368L12.1	SRR1783001	4.0654151977697195
RP11-368L12.1	SRR1783002	2.113304664311588
RP11-368L12.1	SRR1783003	7
RP11-368L12.1	SRR1783004	5.022955296415845
RP11-368L12.1	SRR1783005	4.063530497306616
RP11-368L12.1	SRR1783006	3.071339805547273
RP11-368L12.1	SRR1813867	2.0964997982901608
RP11-368L12.1	SRR1813868	4.0754669512007675
RP11-368L12.1	SRR1813869	3.0302696145557033
RP11-368L12.1	SRR1813870	11.878682068937916
RP11-368L12.1	SRR1813871	4.49754336211932
RP11-368L12.1	SRR1813872	15.040417840447507
RP11-368L12.1	SRR1813873	2.816477990542268
RP11-368L12.1	SRR1813874	6.0610704160928215
RP11-368L12.1	SRR1813875	17
RP11-368L12.1	SRR1813876	3.016001233158767
RP11-368L12.1	SRR1813877	3.799006865365842
RP11-368L12.1	SRR1813878	38.02736144805709
RP11-368L12.1	SRR1813879	9
RP11-368L12.1	SRR1813880	30
RP11-368L12.1	SRR1813881	7.1383000714652765
RP11-368L12.1	SRR1813882	3.2475137389572395
RP11-368L12.1	SRR1813883	9.007428423368296
RP11-368L12.1	SRR1813884	6.0766095939620275
RP11-368L12.1	SRR1813885	1
RP11-368L12.1	SRR1813886	48.06049953131718
RP11-368L12.1	SRR1813887	1.0105363153624978
RP11-368L12.1	SRR1928188	1.0081784003065664
RP11-368L12.1	SRR1928189	1.0073129060669679
RP11-368L12.1	SRR1928190	2.0175903535524773
RP11-368L12.1	SRR1928191	1.0113225234973442
RP11-368L12.1	SRR1928192	15.193483058072374
RP11-368L12.1	SRR1928193	15.230463546206925
RP11-368L12.1	SRR2046996	1.00858822452488
RP11-368L12.1	SRR2046997	1.0111153757740123
RP11-368L12.1	SRR2046998	1.0202431892752137
RP11-368L12.1	SRR2046999	1.007678742360192
RP11-368L12.1	SRR2047000	1.0106982750881945
RP11-368L12.1	SRR2047001	1.0094399707348267
RP11-368L12.1	SRR2047002	1.0188427709986354
RP11-368L12.1	SRR2047003	1.0237799351824244
RP11-368L12.1	SRR2047004	1.0079492911740628
RP11-368L12.1	SRR2047005	1.0081443223703694
RP11-368L12.1	SRR2047006	1.0152138321654876
RP11-368L12.1	SRR2047007	1.0262840471791508
RP11-368L12.1	SRR2047008	1.0125174400411554
RP11-368L12.1	SRR2047009	1.0185103595038079
RP11-368L12.1	SRR2313973	2.0253684933613423
RP11-368L12.1	SRR2313974	5.037036212847595
RP11-368L12.1	SRR2313975	8.081985166070606
RP11-368L12.1	SRR2313976	1.0146655626217738
RP11-368L12.1	SRR2313977	5.043459765550758
RP11-368L12.1	SRR2313978	3.078961267355997
RP11-368L12.1	SRR2313979	1.0103515286766147
RP11-368L12.1	SRR2313980	1.005836351775555
RP11-368L12.1	SRR2313981	5.01792230490664
RP11-368L12.1	SRR2313982	1.0131505784433956
RP11-368L12.1	SRR2313983	2.033572547594503
RP11-368L12.1	SRR2313984	2.0109190144143136
RP11-368L12.1	SRR2313985	1.0189547489838953
RP11-368L12.1	SRR2313986	1.006188548591034
RP11-368L12.1	SRR2313987	2.0066661084258652
RP11-368L12.1	SRR2313988	2.0180762599312705
RP11-368L12.1	SRR2313989	1.0105895564048322
RP11-368L12.1	SRR2313990	3.0463847796871266
RP11-368L12.1	SRR2313991	3.0495302244029823
RP11-368L12.1	SRR2313992	3.044058578472558
RP11-368L12.1	SRR2313993	1.0103672884396626
RP11-368L12.1	SRR2313994	1.0212939489113868
RP11-368L12.1	SRR2313995	1.0041337200241454
RP11-368L12.1	SRR2313996	2.009070722572686
RP11-368L12.1	SRR2313997	1.0121911663041532
RP11-368L12.1	SRR2313998	2.0481879255190463
RP11-368L12.1	SRR2313999	2.018590185231462
RP11-368L12.1	SRR2314000	6.051228275599245
RP11-368L12.1	SRR2314001	4.054900118127023
RP11-368L12.1	SRR2314002	7.075292766541767
RP11-368L12.1	SRR2314003	1.0216964429597561
RP11-368L12.1	SRR2314004	5.039676794136466
RP11-368L12.1	SRR2314005	1.0095034664456817
RP11-368L12.1	SRR2314006	1.0187871020034116
RP11-368L12.1	SRR2314007	1.0060180422728575
RP11-368L12.1	SRR2314008	6.007910465206749
RP11-368L12.1	SRR2314009	4.03289147486767
RP11-368L12.1	SRR2314010	2.0131490112436885
RP11-368L12.1	SRR2314011	1.0070596957891693
RP11-368L12.1	SRR2314012	4.029018219419758
RP11-368L12.1	SRR2314013	1.0115556615875927
RP11-368L12.1	SRR2314014	4.045767171535704
RP11-368L12.1	SRR2314015	1.0077674777082104
RP11-368L12.1	SRR2314016	3.0096920500983226
RP11-368L12.1	SRR2314017	3.0579419478694456
RP11-368L12.1	SRR2314018	5.185919244036875
RP11-368L12.1	SRR2314019	1.00338054475646
RP11-368L12.1	SRR2314020	1.016563630576381
RP11-368L12.1	SRR2314021	1.00503432833736
RP11-368L12.1	SRR2314022	3.036648441406472
RP11-368L12.1	SRR2314023	7.068038905491806
RP11-368L12.1	SRR2314024	2.025893627716746
RP11-368L12.1	SRR2314025	3.0145702037005533
RP11-368L12.1	SRR2314026	1.0219330614415651
RP11-368L12.1	SRR2314027	2.014768040592018
RP11-368L12.1	SRR2314028	2.0057329238683876
RP11-368L12.1	SRR2314029	1.002342020016362
RP11-368L12.1	SRR2314030	3.014176872671841
RP11-368L12.1	SRR2314031	1.0172769075048627
RP11-368L12.1	SRR2314032	1.017287384279533
RP11-368L12.1	SRR2314033	1.024065959569855
RP11-368L12.1	SRR2314034	2.0586595727187027
RP11-368L12.1	SRR2314035	1.046856177985374
RP11-368L12.1	SRR2314036	1.017280352612803
RP11-368L12.1	SRR2314037	1.0133200709899204
RP11-368L12.1	SRR2314038	3.0171914462289235
RP11-368L12.1	SRR2314039	2.0215518231349687
RP11-368L12.1	SRR2314040	3.1174831127255445
RP11-368L12.1	SRR2314041	1.00751106329803
RP11-368L12.1	SRR2314042	2.00814462976639
RP11-368L12.1	SRR2314043	10.088969487682872
RP11-368L12.1	SRR2314044	1.0042394216378854
RP11-368L12.1	SRR2314045	1.007491229092778
RP11-368L12.1	SRR3493774	55
RP11-368L12.1	SRR3493775	27
RP11-368L12.1	SRR3493776	58.81907795267328
RP11-368L12.1	SRR3493777	15.009679549543693
RP11-368L12.1	SRR3493778	50
RP11-368L12.1	SRR3493779	18.06029756543087
RP11-368L12.1	SRR3493780	15.747213740564742
RP11-368L12.1	SRR3493781	49
RP11-368L12.1	SRR3493782	18.148784587549173
RP11-368L12.1	SRR3493783	25.06459281962002
RP11-368L12.1	SRR3493784	15.310060122029608
RP11-368L12.1	SRR3493785	45.03714211684148
RP11-368L12.1	SRR3493786	15.609979506561425
RP11-368L12.1	SRR3493787	34
RP11-368L12.1	SRR3493788	38
RP11-368L12.1	SRR3493789	7.127504118068171
RP11-368L12.1	SRR3493790	41
RP11-368L12.1	SRR3493791	21.03025248803654
RP11-368L12.1	SRR3493792	34.02448129563003
RP11-368L12.1	SRR3493793	9.086065376406665
RP11-368L12.1	SRR3493794	18.055699483107983
RP11-368L12.1	SRR3493795	29.104555985692926
RP11-368L12.1	SRR3493796	26.211035443421256
RP11-368L12.1	SRR3493797	34
RP11-368L12.1	SRR3493798	9.098898519559842
RP11-368L12.1	SRR3493799	26
RP11-368L12.1	SRR3493800	11.078484006284656
RP11-368L12.1	SRR3493801	16.142910772191524
RP11-368L12.1	SRR3493802	23
RP11-368L12.1	SRR3493803	23
RP11-368L12.1	SRR3493804	35.025201333736796
RP11-368L12.1	SRR3493805	21.0491824203436
RP11-368L12.1	SRR3493806	33
RP11-368L12.1	SRR3493807	32
RP11-368L12.1	SRR3493808	25.04842898566279
RP11-368L12.1	SRR3493809	34.10984323444766
RP11-368L12.1	SRR3493810	39
RP11-368L12.1	SRR3493811	49
RP11-368L12.1	SRR3493812	31.022321181309735
RP11-368L12.1	SRR3493813	41.073843766944584
RP11-368L12.1	SRR3493814	25
RP11-368L12.1	SRR3493815	17.02133568411076
RP11-368L12.1	SRR3493816	21
RP11-368L12.1	SRR3493817	11.030892051233684
RP11-368L12.1	SRR3493818	36.12424972927834
RP11-368L12.1	SRR3493819	21
RP11-368L12.1	SRR3493820	16.828113894561028
RP11-368L12.1	SRR3493821	21.241523852997698
RP11-368L12.1	SRR3493822	17
RP11-368L12.1	SRR3493823	41.70043798134524
RP11-368L12.1	SRR3493824	46.695145620457964
RP11-368L12.1	SRR3493825	30.038730690665357
RP11-368L12.1	SRR3493826	26.018720990775908
RP11-368L12.1	SRR3493827	48
RP11-368L12.1	SRR3493828	30
RP11-368L12.1	SRR3493829	21.0491824203436
RP11-368L12.1	SRR3493830	16.146500409178763
RP11-368L12.1	SRR3493831	19.083921219839432
RP11-368L12.1	SRR3493832	34.00611867202637
RP11-368L12.1	SRR3493833	30.187466682279975
RP11-368L12.1	SRR3493834	17
RP11-368L12.1	SRR3493835	31.156586188622068
RP11-368L12.1	SRR3493836	40
RP11-368L12.1	SRR3493837	72.04646183780973
RP11-368L12.1	SRR3493838	34
RP11-368L12.1	SRR3493839	31.252997618961825
RP11-368L12.1	SRR3493840	15.287095973247707
RP11-368L12.1	SRR3493841	9.019455030524071
RP11-368L12.1	SRR3493846	22.500640270964187
RP11-368L12.1	SRR3493847	11.40289228220519
RP11-368L12.1	SRR3493848	44.00791828144589
RP11-368L12.1	SRR3493849	14.241194689931934
RP11-368L12.1	SRR3493850	20
RP11-368L12.1	SRR3714631	6
RP11-368L12.1	SRR3714632	4.022130700199524
RP11-368L12.1	SRR3714633	1.0113714976183878
RP11-368L12.1	SRR3714634	1.006256696893515
RP11-368L12.1	SRR3714635	4
RP11-368L12.1	SRR3714636	4
RP11-368L12.1	SRR3714637	1
RP11-368L12.1	SRR3714638	3
RP11-368L12.1	SRR3714639	2.301330812432569
RP11-368L12.1	SRR3714640	6.669945669584234
RP11-368L12.1	SRR3714641	1.2625630081344652
RP11-368L12.1	SRR3714642	2.3417632949217344
RP11-368L12.1	SRR3714643	3.9055430284143733
RP11-368L12.1	SRR3714644	0.7409205532322277
RP11-368L12.1	SRR3714645	2.0125347217325276
RP11-368L12.1	SRR3714646	1.000179960941952
RP11-368L12.1	SRR3714648	3.404474295713431
RP11-368L12.1	SRR3714649	0.950704107482473
RP11-368L12.1	SRR3714650	1.0066624337546857
RP11-368L12.1	SRR3714651	2.4183931420321376
RP11-368L12.1	SRR3714652	1.760135715557496
RP11-368L12.1	SRR3714653	2
RP11-368L12.1	SRR3714654	1
RP11-368L12.1	SRR3714655	1.0005399799895063
RP11-368L12.1	SRR3714656	1.1315358978912713
RP11-368L12.1	SRR3714657	2.796379542768188
RP11-368L12.1	SRR3714658	3.1002621917076847
RP11-368L12.1	SRR3714659	11.469321367886002
RP11-368L12.1	SRR3714660	5
RP11-368L12.1	SRR3714661	8
RP11-368L12.1	SRR3714662	1.0107865634480706
RP11-368L12.1	SRR3714663	3.0016199399685184
RP11-368L12.1	SRR3714664	6.220508751064411
RP11-368L12.1	SRR3714665	2
RP11-368L12.1	SRR3714666	2
RP11-368L12.1	SRR3714667	15.77554553205537
RP11-368L12.1	SRR3714668	5
RP11-368L12.1	SRR3714669	0.7815583665903988
RP11-368L12.1	SRR3714670	1.0131789146255041
RP11-368L12.1	SRR3714671	1.0010054898524368
RP11-368L12.1	SRR3714672	1.0025088387998022
RP11-368L12.1	SRR3714673	1.2272196852617974
RP11-368L12.1	SRR3714674	4.027467560593601
RP11-368L12.1	SRR3714675	2.974714091326349
RP11-368L12.1	SRR3714676	2
RP11-368L12.1	SRR3714677	3.0065769412092394
RP11-368L12.1	SRR3714678	2.2435814768410838
RP11-368L12.1	SRR3714679	5.006829030263236
RP11-368L12.1	SRR3714680	2.0028476322477404
RP11-368L12.1	SRR3714681	2.0065162485326877
RP11-368L12.1	SRR3714682	3.7007580818598558
RP11-368L12.1	SRR3714683	1.0019118866481316
RP11-368L12.1	SRR3714684	3.5024329887067993
RP11-368L12.1	SRR3714685	1.0015860938060694
RP11-368L12.1	SRR3714686	8.190545438237487
RP11-368L12.1	SRR3714688	4.028860747636073
RP11-368L12.1	SRR3714689	3.0605638656982523
RP11-368L12.1	SRR3714690	1.57192841346728
RP11-368L12.1	SRR3714691	5
RP11-368L12.1	SRR3714692	5.8207194628457115
RP11-368L12.1	SRR3714693	1.3454167611520533
RP11-368L12.1	SRR3714694	0.8308269621955467
RP11-368L12.1	SRR3714695	1.8208301635562374
RP11-368L12.1	SRR3714696	4
RP11-368L12.1	SRR3714697	1.008941448872144
RP11-368L12.1	SRR3714698	2.025819803305523
RP11-368L12.1	SRR3714699	2.462730945297939
RP11-368L12.1	SRR3714700	4.033938986905421
RP11-368L12.1	SRR3714701	1.487254350987428
RP11-368L12.1	SRR3714702	4.81309842280008
RP11-368L12.1	SRR3714703	2.0018002572549074
RP11-368L12.1	SRR3714704	5.780161501247665
RP11-368L12.1	SRR3714705	8.950900693109363
RP11-368L12.1	SRR3714706	1.0348625162168688
RP11-368L12.1	SRR3714707	1.000465258632579
RP11-368L12.1	SRR3714708	1.0229861853499778
RP11-368L12.1	SRR3714709	1.7731831578053763
RP11-368L12.1	SRR3714710	2.637819392514658
RP11-368L12.1	SRR3714711	4.693100169803689
RP11-368L12.1	SRR3714712	5
RP11-368L12.1	SRR3714713	5
RP11-368L12.1	SRR3714714	1
RP11-368L12.1	SRR3714715	5.02298831059955
RP11-368L12.1	SRR3714716	1
RP11-368L12.1	SRR3714717	5
RP11-368L12.1	SRR3714718	4
RP11-368L12.1	SRR3714719	2.1174772203010854
RP11-368L12.1	SRR3714720	11.342674243056669
RP11-368L12.1	SRR3714721	2.9574694634094265
RP11-368L12.1	SRR3714723	6.68823485540779
RP11-368L12.1	SRR3714724	4.0110944242900946
RP11-368L12.1	SRR3714725	1.0122888422733813
RP11-368L12.1	SRR3714726	2.4218142541299335
RP11-368L12.1	SRR3714727	5.627559889673959
RP11-368L12.1	SRR3714728	1.0080722840940834
RP11-368L12.1	SRR3714729	3.077427917267606
RP11-368L12.1	SRR3714730	4.815818379773887
RP11-368L12.1	SRR3714731	1.000179960941952
RP11-368L12.1	SRR3714732	4.34533261556343
RP11-368L12.1	SRR3714734	3.7490475871283038
RP11-368L12.1	SRR3714735	0.6771775710840109
RP11-368L12.1	SRR3714736	0.8353423023921218
RP11-368L12.1	SRR3714737	4
RP11-368L12.1	SRR3714738	3.609084388581682
RP11-368L12.1	SRR3714739	5.410994017357468
RP11-368L12.1	SRR3714740	3.8627946789726706
RP11-368L12.1	SRR3714741	4.003832446886166
RP11-368L12.1	SRR3714744	4.704947725368466
RP11-368L12.1	SRR3714745	1.0402451473540792
RP11-368L12.1	SRR3714746	1.008355710513067
RP11-368L12.1	SRR3714747	4.418372857888996
RP11-368L12.1	SRR3714748	0.6338577240741132
RP11-368L12.1	SRR3714749	1.0205775690941423
RP11-368L12.1	SRR3714750	0.6931115368457716
RP11-368L12.1	SRR3714751	12.009904564491062
RP11-368L12.1	SRR3714752	1
RP11-368L12.1	SRR3714753	1.0075653100732087
RP11-368L12.1	SRR3714754	5
RP11-368L12.1	SRR3714755	4.135062077374068
RP11-368L12.1	SRR3714756	2.042839491318789
RP11-368L12.1	SRR3714757	1.4513930027943993
RP11-368L12.1	SRR3714758	1.882270883273838
RP11-368L12.1	SRR3714759	2.094793510831963
RP11-368L12.1	SRR3714760	2.0012906066058256
RP11-368L12.1	SRR3714761	1.000124712645935
RP11-368L12.1	SRR3714762	0.9296203737524296
RP11-368L12.1	SRR3714764	2
RP11-368L12.1	SRR3714765	0.8529917412834348
RP11-368L12.1	SRR3714766	3
RP11-368L12.1	SRR3714767	8.148012584842947
RP11-368L12.1	SRR3714768	7
RP11-368L12.1	SRR5176628	3.020426074717446
RP11-368L12.1	SRR5176629	1.0056828803089768
RP11-368L12.1	SRR5176630	3.00665917870383
RP11-368L12.1	SRR5176631	2.0191108727601597
RP11-368L12.1	SRR5176632	3.0084251048819137
RP11-368L12.1	SRR5176633	1.0063933941186642
RP11-368L12.1	SRR5176634	4.158341759271433
RP11-368L12.1	SRR5176635	3.0182774971729325
RP11-368L12.1	SRR5176636	1.0259454268844617
RP11-368L12.1	SRR5176637	3.0886049750339706
RP11-368L12.1	SRR5176638	3.367417394937783
RP11-368L12.1	SRR5176639	5
RP11-368L12.1	SRR5176640	1.0439825147124846
RP11-368L12.1	SRR5176641	2.0291349327039914
RP11-368L12.1	SRR5176642	5.009532617750456
RP11-368L12.1	SRR5176643	11.018988771452335
RP11-368L12.1	SRR5176644	8.001439687535616
RP11-368L12.1	SRR5176645	4.152531620200628
RP11-368L12.1	SRR5176646	4.073419816900336
RP11-368L12.1	SRR5176647	4.023154979989417
RP11-368L12.1	SRR5176648	7.019658578057799
RP11-368L12.1	SRR5176649	1.0066452728062618
RP11-368L12.1	SRR5176650	1.0238007506984588
RP11-368L12.1	SRR5176651	5.079326530991084
RP11-368L12.1	SRR5176652	8.04404137549297
RP11-368L12.1	SRR5176653	4.010676872812484
RP11-368L12.1	SRR5176654	3.0242267847292217
RP11-368L12.1	SRR5176655	5.005928158716449
RP11-368L12.1	SRR5176656	1.069687850829972
RP11-368L12.1	SRR5176657	2.1596373575024623
RP11-368L12.1	SRR5176658	7.011345704027925
RP11-368L12.1	SRR5176659	6.012869276595013
RP11-368L12.1	SRR5176660	5.005624570009271
RP11-368L12.1	SRR5176661	5.026842976788205
RP11-368L12.1	SRR5176662	6.771679254272275
RP11-368L12.1	SRR5176663	3.018820669234396
RP11-368L12.1	SRR5176664	3
RP11-368L12.1	SRR5176665	7.060941271405462
RP11-368L12.1	SRR5176666	4.015176029405696
RP11-368L12.1	SRR5176667	1.0784326276989211
RP11-368L12.1	SRR5176668	7.030267348225233
RP11-368L12.1	SRR5176669	3.0282779628177376
RP11-368L12.1	SRR5176670	4.025573576474657
RP11-368L12.1	SRR5176671	6.010705697414449
RP11-368L12.1	SRR5176672	8.043795415698805
RP11-368L12.1	SRR5176673	3.0142529039327908
RP11-368L12.1	SRR5176674	4.009191243940653
RP11-368L12.1	SRR5176675	5.020890050165162
RP11-368L12.1	SRR5176676	1.0182154548374127
RP11-368L12.1	SRR5176677	10.014405946684066
RP11-368L12.1	SRR5176678	2.0442627946083407
RP11-368L12.1	SRR5176679	3.0265308210148767
RP11-368L12.1	SRR5176680	6.0168502097638275
RP11-368L12.1	SRR5176681	2.0021605031148026
RP11-368L12.1	SRR5176682	3.029142095666656
RP11-368L12.1	SRR5176683	6.0269709734649775
RP11-368L12.1	SRR5176684	3.0078838032793933
RP11-368L12.1	SRR5176685	7.02058953840196
RP11-368L12.1	SRR5176686	5.021305155893377
RP11-368L12.1	SRR5176687	2.0088402910202974
RP11-368L12.1	SRR5176688	1.0130567972055589
RP11-368L12.1	SRR5176689	5.03665039198489
RP11-368L12.1	SRR5176690	2.050157164239355
RP11-368L12.1	SRR5176691	3.002700385882361
RP11-368L12.1	SRR5176692	7.067675476139792
RP11-368L12.1	SRR5176693	4.029019399794014
RP11-368L12.1	SRR5176694	5
RP11-368L12.1	SRR5176695	3.0414827876689703
RP11-368L12.1	SRR5176696	1.1276067886443841
RP11-368L12.1	SRR5176697	2.054218604019587
RP11-368L12.1	SRR5176698	1.164477770967963
RP11-368L12.1	SRR5176699	3.0727367132623815
RP11-368L12.1	SRR5176700	2.177494105939751
RP11-368L12.1	SRR5176701	5.169639521860646
RP11-368L12.1	SRR5176702	6
RP11-368L12.1	SRR5176703	2.044477387972909
RP11-368L12.1	SRR5176704	3.0130761685608163
RP11-368L12.1	SRR5176705	6.012236389683735
RP11-368L12.1	SRR5176706	3.080619369461789
RP11-368L12.1	SRR5176707	4.077319087793499
RP11-368L12.1	SRR5176708	2.019000421698851
RP11-368L12.1	SRR5176709	9.042758711798372
RP11-368L12.1	SRR5176710	11
RP11-368L12.1	SRR5176711	4.007609709621624
RP11-368L12.1	SRR5176712	3.0373467957288223
RP11-368L12.1	SRR5176713	2.0173163066395796
RP11-368L12.1	SRR5176714	2.1195475060961355
RP11-368L12.1	SRR5176715	5.006302034512206
RP11-368L12.1	SRR5176716	10.01964564945592
RP11-368L12.1	SRR5176717	2.012855595068726
RP11-368L12.1	SRR5176718	2.0171377691710624
RP11-368L12.1	SRR5176719	6.013970752957239
RP11-368L12.1	SRR5176720	6
RP11-368L12.1	SRR5176721	4
RP11-368L12.1	SRR5176722	2.03879015023494
RP11-368L12.1	SRR5176723	2.0186650487895563
RP11-368L12.1	SRR5176724	2.0106338012285994
RP11-368L12.1	SRR5176725	6.0727791688492845
RP11-368L12.1	SRR5176726	11
RP11-368L12.1	SRR5176727	6.003423444481993
RP11-368L12.1	SRR5176728	1.0243749333461307
RP11-368L12.1	SRR5176729	3.0056153777729224
RP11-368L12.1	SRR5176730	4.025517933112927
RP11-368L12.1	SRR5176731	2.0090789363908557
RP11-368L12.1	SRR5176732	4
RP11-368L12.1	SRR5176733	1.00221972623461
RP11-368L12.1	SRR5176734	2.1612955584515516
RP11-368L12.1	SRR5176735	4.009313835304826
RP11-368L12.1	SRR5176736	6.01162295655907
RP11-368L12.1	SRR5176737	4.011588508652826
RP11-368L12.1	SRR5176738	3.0319191833096624
RP11-368L12.1	SRR5176739	2.0156182649413137
RP11-368L12.1	SRR5176740	3.012216944649585
RP11-368L12.1	SRR5176741	1.0408847329279391
RP11-368L12.1	SRR5176742	5.051459165846059
RP11-368L12.1	SRR5176743	1.011462874490941
RP11-368L12.1	SRR5176744	1.0131637081071394
RP11-368L12.1	SRR5176745	2.0177049012542807
RP11-368L12.1	SRR5176746	2.00443945246922
RP11-368L12.1	SRR5176747	7
RP11-368L12.1	SRR5176748	4.0050416276097645
RP11-368L12.1	SRR5176749	2.0323358979426405
RP11-368L12.1	SRR5176750	2.0318178777787947
RP11-368L12.1	SRR5176751	4.014244456257723
RP11-368L12.1	SRR5176752	4.017889889350378
RP11-368L12.1	SRR5176753	2.005222271977506
RP11-368L12.1	SRR5176754	5.0260921851952025
RP11-368L12.1	SRR5176755	3.001395775897737
RP11-368L12.1	SRR5176756	1.0283814664958064
RP11-368L12.1	SRR5176757	1.0554499963578214
RP11-368L12.1	SRR5176758	1.010940517584876
RP11-368L12.1	SRR5176759	5.13451945024128
RP11-368L12.1	SRR5176760	4.022744494378003
RP11-368L12.1	SRR5176761	8.04644477339933
RP11-368L12.1	SRR5176762	2.1480636393565242
RP11-368L12.1	SRR5176763	2.014863405166052
RP11-368L12.1	SRR5176764	10.007200381067657
RP11-368L12.1	SRR5176765	5.008257210006363
RP11-368L12.1	SRR5176766	6.0168502097638275
RP11-368L12.1	SRR5176767	2.0020109797048735
RP11-368L12.1	SRR5176768	6.089198697452267
RP11-368L12.1	SRR5176769	5.01441632324906
RP11-368L12.1	SRR5176770	6.01378686591098
RP11-368L12.1	SRR5176771	4.009651133244096
RP11-368L12.1	SRR5176772	5.030992034325709
RP11-368L12.1	SRR5176773	3.0222061909025744
RP11-368L12.1	SRR5176774	10.060997931780538
RP11-368L12.1	SRR5176775	5.0462548132934435
RP11-368L12.1	SRR5176776	2.0162334956477888
RP11-368L12.1	SRR5176777	5.048907970817186
RP11-368L12.1	SRR5176778	3.0167187468373236
RP11-368L12.1	SRR5176779	3.0151127085939917
RP11-368L12.1	SRR5176780	1.0029888346325269
RP11-368L12.1	SRR5176781	3.0185543804999577
RP11-368L12.1	SRR5176782	2.016018219641185
RP11-368L12.1	SRR5176783	1.0090657297142456
RP11-368L12.1	SRR5176784	5.020193349450729
RP11-368L12.1	SRR5176785	2.0034525039004247
RP11-368L12.1	SRR5176786	4
RP11-368L12.1	SRR5176787	3.022492296519852
RP11-368L12.1	SRR5176788	2.0528899942396945
RP11-368L12.1	SRR5176789	1.013949547608129
RP11-368L12.1	SRR5176790	5.046613496964603
RP11-368L12.1	SRR5176791	1.0086741821784493
RP11-368L12.1	SRR5176792	3
RP11-368L12.1	SRR5176793	4.03553667987479
RP11-368L12.1	SRR5176794	1.0044644481525995
RP11-368L12.1	SRR5176795	6.024802320144872
RP11-368L12.1	SRR5176796	3.0667148545445717
RP11-368L12.1	SRR5176797	2.0138120753271975
RP11-368L12.1	SRR5176798	5.026055427950439
RP11-368L12.1	SRR5176799	5
RP11-368L12.1	SRR5176800	1.0077542977076395
RP11-368L12.1	SRR5176801	3.0505857486216907
RP11-368L12.1	SRR5176802	4.0553380597922075
RP11-368L12.1	SRR5176803	2.00805605907214
RP11-368L12.1	SRR5176804	2.04225288153522
RP11-368L12.1	SRR5176805	4.0152667277289185
RP11-368L12.1	SRR5176806	2.0586632064565697
RP11-368L12.1	SRR5176807	7.00451712312039
RP11-368L12.1	SRR5176808	2.0007199085396894
RP11-368L12.1	SRR5176809	6.00864356801044
RP11-368L12.1	SRR5176810	3
RP11-368L12.1	SRR5176811	5
RP11-368L12.1	SRR5176812	6.006481509344408
RP11-368L12.1	SRR5176813	4.004321006229605
RP11-368L12.1	SRR5176814	4
RP11-368L12.1	SRR5176815	2.027534134478128
RP11-368L12.1	SRR5176816	2.028048123147758
RP11-368L12.1	SRR5176817	3.0154503711648935
RP11-368L12.1	SRR5176818	3.007342599072492
RP11-368L12.1	SRR5176819	1.052525107799273
RP11-368L12.1	SRR5176820	4.088249197341255
RP11-368L12.1	SRR5176821	1.008962478364178
RP11-368L12.1	SRR5176822	3.0864978478147984
RP11-368L12.1	SRR5176823	3.011190814802914
RP11-368L12.1	SRR5176824	7.039061887953056
RP11-368L12.1	SRR5176825	7.00756176090181
RP11-368L12.1	SRR5176826	6.048361178151535
RP11-368L12.1	SRR5176827	6.022450295206945
RP11-368L12.1	SRR5176828	2.0078724540976154
RP11-368L12.1	SRR5176829	2.0053171847237667
RP11-368L12.1	SRR5176830	3.0010798628095343
RP11-368L12.1	SRR5176831	1.0050818994069226
RP11-368L12.1	SRR5176832	4.0392880190565075
RP11-368L12.1	SRR5176833	1.0056799316660756
RP11-368L12.1	SRR5176834	1.0038017867755233
RP11-368L12.1	SRR5176835	6.020917002516583
RP11-368L12.1	SRR5176836	9.007428423368296
RP11-368L12.1	SRR5176837	5.254326566435896
RP11-368L12.1	SRR5176838	2.0493173059351193
RP11-368L12.1	SRR5176839	3.1207523342578707
RP11-368L12.1	SRR5176840	3.001395775897737
RP11-368L12.1	SRR5176841	3.040494675976115
RP11-368L12.1	SRR5176842	5.030684377318652
RP11-368L12.1	SRR5176843	7.053312676370655
RP11-368L12.1	SRR5176844	7.020182852548684
RP11-368L12.1	SRR5176845	1.0144079175752987
RP11-368L12.1	SRR5176846	3.0133012050005092
RP11-368L12.1	SRR5176847	4.079248751679222
RP11-368L12.1	SRR5176848	2.016836496565967
RP11-368L12.1	SRR5176849	3.0576785675425917
RP11-368L12.1	SRR5176850	4.053926271525462
RP11-368L12.1	SRR5176851	4.004182196963581
RP11-368L12.1	SRR5176852	2.0438787068796334
RP11-368L12.1	SRR5176853	6.014685198144984
RP11-368L12.1	SRR5176854	1.0464063323203885
RP11-368L12.1	SRR5176855	1.0022671640812284
RP11-368L12.1	SRR5176856	2.031535692579514
RP11-368L12.1	SRR5176857	3.010398354397943
RP11-368L12.1	SRR5176858	5.03422378981159
RP11-368L12.1	SRR5176859	4.007027529257454
RP11-368L12.1	SRR5176860	9
RP11-368L12.1	SRR5176861	9.01715871195082
RP11-368L12.1	SRR5176862	3.017312191664811
RP11-368L12.1	SRR5176863	8.019580264193312
RP11-368L12.1	SRR5176864	4.01921324815901
RP11-368L12.1	SRR5176865	5.009532617750456
RP11-368L12.1	SRR5176866	5
RP11-368L12.1	SRR5176867	5.021027384225262
RP11-368L12.1	SRR5176868	3.103782624568056
RP11-368L12.1	SRR5176869	6.014685198144984
RP11-368L12.1	SRR5176870	7.031466135709141
RP11-368L12.1	SRR5176871	6.020331361696021
RP11-368L12.1	SRR5176872	4.076018598858506
RP11-368L12.1	SRR5861974	1.0130433677592323
RP11-368L12.1	SRR5861975	5.045115786651767
RP11-368L12.1	SRR5861976	1.0399586289520686
RP11-368L12.1	SRR5861977	7
RP11-368L12.1	SRR5861978	3.014478028258858
RP11-368L12.1	SRR5861979	5.046560015205283
RP11-368L12.1	SRR5861980	2
RP11-368L12.1	SRR5861981	2.039563184278383
RP11-368L12.1	SRR5861982	2.4666586258199232
RP11-368L12.1	SRR5861983	3.0048624445833965
RP11-368L12.1	SRR5861984	3.0240437084433296
RP11-368L12.1	SRR5861985	4.067481911679392
RP11-368L12.1	SRR5861986	6.0118881153012405
RP11-368L12.1	SRR5861987	2.025083618925545
RP11-368L12.1	SRR5861988	4.068257656431906
RP11-368L12.1	SRR5861989	2.024649655071217
RP11-368L12.1	SRR5861990	6.017908404377849
RP11-368L12.1	SRR5861991	7
RP11-368L12.1	SRR5861992	6
RP11-368L12.1	SRR5861993	6.0221652493792375
RP11-368L12.1	SRR5861994	8
RP11-368L12.1	SRR5861995	2.0173400427991455
RP11-368L12.1	SRR5861996	4.016521926980169
RP11-368L12.1	SRR5861997	5.126696098686691
RP11-368L12.1	SRR5861998	10.056997302128089
RP11-368L12.1	SRR5861999	1.026742644639398
RP11-368L12.1	SRR5862000	10.003599542698447
RP11-368L12.1	SRR5862001	4
RP11-368L12.1	SRR5862002	4.004321006229605
RP11-368L12.1	SRR5862003	2.004825566622048
RP11-368L12.1	SRR5862004	1.005509961707591
RP11-368L12.1	SRR5862005	7.0367442193003145
RP11-368L12.1	SRR5862006	2.0074834317356487
RP11-368L12.1	SRR5862007	2.01677308718003
RP11-368L12.1	SRR5862008	5.0199187307109145
RP11-368L12.1	SRR5862009	4.014121714131706
RP11-368L12.1	SRR5862010	1.0512612155664167
RP11-368L12.1	SRR5862011	4.1420495860319715
RP11-368L12.1	SRR5862012	3.020944605221874
RP11-368L12.1	SRR5862013	2.041301406146421
RP11-368L12.1	SRR5862014	1.0048549166779728
RP11-368L12.1	SRR5862015	11
RP11-368L12.1	SRR5862016	7.029150968019902
RP11-368L12.1	SRR5862017	1.0081920406445979
RP11-368L12.1	SRR5862018	1.003980508346738
RP11-368L12.1	SRR5862019	5.039438263509769
RP11-368L12.1	SRR5862020	1.003363733709208
RP11-368L12.1	SRR5862021	1.0059502686096389
RP11-368L12.1	SRR5862022	5.02404587077231
RP11-368L12.1	SRR5862023	2.014966412666265
RP11-368L12.1	SRR5862024	7.018802123297872
RP11-368L12.1	SRR5862025	3
RP11-368L12.1	SRR5862026	7.053699610428277
RP11-368L12.1	SRR5862027	9.004859819905555
RP11-368L12.1	SRR5862028	1.1262536898298274
RP11-368L12.1	SRR5862029	2.04049037879216
RP11-368L12.1	SRR5862030	1.0027334775314678
RP11-368L12.1	SRR5862031	3.020718112990796
RP11-368L12.1	SRR5862032	2.1466323358189947
RP11-368L12.1	SRR5862033	2.0029972181444102
RP11-368L12.1	SRR5862034	1.2455161624992859
RP11-368L12.1	SRR5862035	2.0131571141254665
RP11-368L12.1	SRR5862036	2.034687078453151
RP11-368L12.1	SRR5862037	1.0542964573472537
RP11-368L12.1	SRR5862038	2.158189012575337
RP11-368L12.1	SRR5862039	10.017262519502122
RP11-368L12.1	SRR5862040	6.038525529162303
RP11-368L12.1	SRR5862041	2.0106757091188476
RP11-368L12.1	SRR5862042	5.04406039412815
RP11-368L12.1	SRR5862043	6
RP11-368L12.1	SRR5862044	5.006829030263236
RP11-368L12.1	SRR5862045	2.008322371249443
RP11-368L12.1	SRR5862046	1.0077848171459254
RP11-368L12.1	SRR5862047	4.034818301928081
RP11-368L12.1	SRR5862048	1.2470733792685733
RP11-368L12.1	SRR5862049	2.030863840203127
RP11-368L12.1	SRR5862050	4.013099734176571
RP11-368L12.1	SRR5862051	5.023363460560189
RP11-368L12.1	SRR5862052	3.0103664515386606
RP11-368L12.1	SRR5862053	7.018395540985251
RP11-368L12.1	SRR5862054	3.0780479985202684
RP11-368L12.1	SRR5862055	2.045275844010872
RP11-368L12.1	SRR5862056	5.163244335016862
RP11-368L12.1	SRR5862057	2.0153119610834875
RP11-368L12.1	SRR5862058	4.009068656324914
RP11-368L12.1	SRR5862059	2.0552406615442904
RP11-368L12.1	SRR5862060	3.0272494423345906
RP11-368L12.1	SRR5862061	3.010683342193292
RP11-368L12.1	SRR5862062	7.003779859926543
RP11-368L12.1	SRR5862063	3.0358423618082324
RP11-368L12.1	SRR5862064	4.0077486377060465
RP11-368L12.1	SRR5862065	2.0050366075356565
RP11-368L12.1	SRR5862066	7.063169277978984
RP11-368L12.1	SRR5862067	1.2340297724805442
RP11-368L12.1	SRR5862068	2.0094404921287046
RP11-368L12.1	SRR5862069	6.012761581526955
RP11-368L12.1	SRR5862070	1.0132753777637182
RP11-368L12.1	SRR5862071	1.2517458229536382
RP11-368L12.1	SRR5862072	2.5269225883172357
RP11-368L12.1	SRR5862073	6.011154616636706
RP11-368L12.1	SRR5862074	8.040225123375887
RP11-368L12.1	SRR5862075	5.0339159351750755
RP11-368L12.1	SRR5862076	1.240670619317905
RP11-368L12.1	SRR5862077	5.019620394720276
RP11-368L12.1	SRR5862078	1.0774391300279966
RP11-368L12.1	SRR5862079	1.0101026655898993
RP11-368L12.1	SRR5862080	2.0366524423420675
RP11-368L12.1	SRR5862081	4.0069050078008495
RP11-368L12.1	SRR5862082	3.0112570595629298
RP11-368L12.1	SRR5862083	5
RP11-368L12.1	SRR5862084	1.0068169239958968
RP11-368L12.1	SRR5862085	5
RP11-368L12.1	SRR5862086	1.0247352824726355
RP11-368L12.1	SRR5862087	1.0117536254353572
RP11-368L12.1	SRR5862088	3.365163946440384
RP11-368L12.1	SRR5862089	1.0122530679623452
RP11-368L12.1	SRR5862090	6.010256811717943
RP11-368L12.1	SRR5862091	2.027602076454774
RP11-368L12.1	SRR5862092	4.082096861298547
RP11-368L12.1	SRR5862093	2.000359921883904
RP11-368L12.1	SRR5862094	5.024728373687996
RP11-368L12.1	SRR5862095	2.174663079917357
RP11-368L12.1	SRR5862096	6.01297002034938
RP11-368L12.1	SRR5862097	3.0157475225572776
RP11-368L12.1	SRR5862098	3.815231691354998
RP11-368L12.1	SRR5862099	1.0223775623222773
RP11-368L12.1	SRR5862100	6.015767606558787
RP11-368L12.1	SRR5862101	2.116298018770499
RP11-368L12.1	SRR5862102	5.028910671660402
RP11-368L12.1	SRR5862103	1.0233035627864664
RP11-368L12.1	SRR5862104	6.024802320144872
RP11-368L12.1	SRR5862105	3.0330194283202645
RP11-368L12.1	SRR5862106	3.0127590260483075
RP11-368L12.1	SRR5862107	4
RP11-368L12.1	SRR5862108	4.02739084008191
RP11-368L12.1	SRR5862109	5.009005337432267
RP11-368L12.1	SRR5862110	2.0158192720638533
RP11-368L12.1	SRR5862111	3.043644035277427
RP11-368L12.1	SRR5862112	2.0074220496282456
RP11-368L12.1	SRR5862113	3.026022546535348
RP11-368L12.1	SRR5862114	3.0139268007611015
RP11-368L12.1	SRR5862115	2.013209978661192
RP11-368L12.1	SRR5862116	3.0764571115423207
RP11-368L12.1	SRR5862117	4.0130324970653755
RP11-368L12.1	SRR5862118	1.008264382868182
RP11-368L12.1	SRR5862119	2.00814462976639
RP11-368L12.1	SRR5862120	2.0018002572549074
RP11-368L12.1	SRR5862121	7.010084162678846
RP11-368L12.1	SRR5862122	2.0040787965612448
RP11-368L12.1	SRR5862123	8.018137312649827
RP11-368L12.1	SRR5862124	3.0095080003439243
RP11-368L12.1	SRR5862125	5
RP11-368L12.1	SRR5862126	7.0063009003921755
RP11-368L12.1	SRR5862127	5.018555124070614
RP11-368L12.1	SRR5862128	1.003694208229873
RP11-368L12.1	SRR5862129	2.1566247390789535
RP11-368L12.1	SRR5862130	4.024670562776291
RP11-368L12.1	SRR5862131	4.009068656324914
RP11-368L12.1	SRR5862132	4.003600514509815
RP11-368L12.1	SRR5862133	6.005400771764722
RP11-368L12.1	SRR5862134	3.0005398828258563
RP11-368L12.1	SRR5862135	4.049983414866259
RP11-368L12.1	SRR5862136	3.0010798628095343
RP11-368L12.1	SRR5862137	1.00216167005823
RP11-368L12.1	SRR5862138	5.008831700914785
RP11-368L12.1	SRR5862139	6.0079298404684955
RP11-368L12.1	SRR5862140	6.01946554057847
RP11-368L12.1	SRR5862141	2.008567432618051
RP11-368L12.1	SRR5862142	6.016116105683891
RP11-368L12.1	SRR5862143	3.0010798628095343
RP11-368L12.1	SRR5862144	7.039061887953056
RP11-368L12.1	SRR5862145	6.019649601264856
RP11-368L12.1	SRR5862146	2.0267467971163846
RP11-368L12.1	SRR5862147	6.0429747441177355
RP11-368L12.1	SRR5862148	4
RP11-368L12.1	SRR5862149	3.017058370783502
RP11-368L12.1	SRR5862150	2.0048066386784735
RP11-368L12.1	SRR5862151	3.036139729904412
RP11-368L12.1	SRR5862152	3.0716540946349298
RP11-368L12.1	SRR5862153	3.0610342961907784
RP11-368L12.1	SRR5862154	4
RP11-368L12.1	SRR5862155	3.0186369456078506
RP11-368L12.1	SRR5862156	2.050544530591609
RP11-368L12.1	SRR5862157	2.051565273407148
RP11-368L12.1	SRR5862158	6.003239879937037
RP11-368L12.1	SRR5862159	2.01167270355111
RP11-368L12.1	SRR5862160	4.151217725050259
RP11-368L12.1	SRR5862161	4.010879644180346
RP11-368L12.1	SRR5862162	2.0065162485326877
RP11-368L12.1	SRR5862163	1.00338054475646
RP11-368L12.1	SRR5862164	5.250161602071468
RP11-368L12.1	SRR5862165	7.03006051560949
RP11-368L12.1	SRR5862166	1.0042530086827692
RP11-368L12.1	SRR5862167	1.002086827591817
RP11-368L12.1	SRR5862168	11.018165862013998
RP11-368L12.1	SRR5862169	1.003631963424637
RP11-368L12.1	SRR5862170	1.0108445605752712
RP11-368L12.1	SRR5862171	6.0100924204675
RP11-368L12.1	SRR5862172	4.0069050078008495
RP11-368L12.1	SRR5862173	2.049569017601496
RP11-368L12.1	SRR5862174	1.0281268623068158
RP11-368L12.1	SRR5862175	1.0048260094196193
RP11-368L12.1	SRR5862176	1.0171349305854593
RP11-368L12.1	SRR5862177	4.127473132928083
RP11-368L12.1	SRR5862178	3.0856054272441686
RP11-368L12.1	SRR5862179	8.044817621684418
RP11-368L12.1	SRR5862180	1.163410651901285
RP11-368L12.1	SRR5862181	2.0417734344937406
RP11-368L12.1	SRR5862182	5.0456631401911425
RP11-368L12.1	SRR5862183	2.0097684398874125
RP11-368L12.1	SRR5862184	2.0534473384305447
RP11-368L12.1	SRR5862185	3
RP11-368L12.1	SRR5862186	2.014496706539619
RP11-368L12.1	SRR5862187	2.0148144851390377
RP11-368L12.1	SRR5862188	3.116589776666632
RP11-368L12.1	SRR5862189	2.0161997148487254
RP11-368L12.1	SRR5862190	10.013216400780827
RP11-368L12.1	SRR5862191	3.0345331385458905
RP11-368L12.1	SRR5862192	1.0447528439170217
RP11-368L12.1	SRR5862193	6.021366684386584
RP11-368L12.1	SRR5862194	4.020750803328643
RP11-368L12.1	SRR5862195	1.0062679805579082
RP11-368L12.1	SRR5862196	5
RP11-368L12.1	SRR5862197	3
RP11-368L12.1	SRR5862198	2.201252719478003
RP11-368L12.1	SRR5862199	3.007342599072492
RP11-368L12.1	SRR5862200	3.0063524069444965
RP11-368L12.1	SRR5862201	4.220850358453315
RP11-368L12.1	SRR5862202	3.0635507398069945
RP11-368L12.1	SRR5862203	3.100446567563586
RP11-368L12.1	SRR5862204	8
RP11-368L12.1	SRR5862205	6
RP11-368L12.1	SRR5862206	4.071096954499579
RP11-368L12.1	SRR5862207	8.042102199138231
RP11-368L12.1	SRR5862208	3.0567821134078215
RP11-368L12.1	SRR5862209	6.066759487393126
RP11-368L12.1	SRR5862210	8
RP11-368L12.1	SRR5862211	3.096530488183456
RP11-368L12.1	SRR5862212	3.0263428115894904
RP11-368L12.1	SRR5862213	1.0045749698980364
RP11-368L12.1	SRR5862214	2.0053974358121973
RP11-368L12.1	SRR5862215	6.014236015255261
RP11-368L12.1	SRR5862216	8.028488912515446
RP11-368L12.1	SRR5862217	5.032188918982667
RP11-368L12.1	SRR5862218	5.004500643137268
RP11-368L12.1	SRR5862219	2.045891163415182
RP11-368L12.1	SRR5862220	4.017857792610398
RP11-368L12.1	SRR5862221	9
RP11-368L12.1	SRR5862222	4.01292273346443
RP11-368L12.1	SRR5862223	1.0429841423303001
RP11-368L12.1	SRR5862224	4.030579906084156
RP11-368L12.1	SRR5862225	5.013119176661995
RP11-368L12.1	SRR5862226	5.005401257787007
RP11-368L12.1	SRR5862227	5
RP11-368L12.1	SRR5862228	5.044484743841436
RP11-368L12.1	SRR5862229	2.01167270355111
RP11-368L12.1	SRR5862230	1.0052323318307268
RP11-368L12.1	SRR5862231	3.0061181948418674
RP11-368L12.1	SRR5862232	2.029668736143686
RP11-368L12.1	SRR5862233	7.019134342720274
RP11-368L12.1	SRR5862234	4.0230993700586595
RP11-368L12.1	SRR5862235	4.003600514509815
RP11-368L12.1	SRR5862236	4.008469875925996
RP11-368L12.1	SRR5862237	1.030696233812855
RP11-368L12.1	SRR5862238	2.00165076074851
RP11-368L12.1	SRR5862239	3.0229314339235858
RP11-368L12.1	SRR5862240	7.01891972114418
RP11-368L12.1	SRR5862241	4.024586677815895
RP11-368L12.1	SRR5862242	7.047838615094005
RP11-368L12.1	SRR5862243	5.027542371605511
RP11-368L12.1	SRR5862244	2.028125743373914
RP11-368L12.1	SRR5862245	3.0537339701711494
RP11-368L12.1	SRR5862246	4.0075355684665865
RP11-368L12.1	SRR5862247	3.0164232808870515
RP11-368L12.1	SRR5862248	3.002160114320297
RP11-368L12.1	SRR5862249	1.014824489514172
RP11-368L12.1	SRR5862250	1.0105296734932572
RP11-368L12.1	SRR5862251	3.030249889832257
RP11-368L12.1	SRR5862252	3.0075672072913266
RP11-368L12.1	SRR5862253	2.0152444309306112
RP11-368L12.1	SRR5862254	3.020851349858956
RP11-368L12.1	SRR5862255	2.0155080049355063
RP11-368L12.1	SRR5862256	5.077152417799651
RP11-368L12.1	SRR5862257	4.053332811400637
RP11-368L12.1	SRR5862258	4.010212228555792
RP11-368L12.1	SRR5862259	6.080487077558771
RP11-368L12.1	SRR5862260	2.128227039161063
RP11-368L12.1	SRR5862261	3.048636570290578
RP11-368L12.1	SRR5862262	3.029050125054668
RP11-368L12.1	SRR5862263	2.090045437912916
RP11-368L12.1	SRR5862264	3.0169661192620056
RP11-368L12.1	SRR5862265	4.00474252697316
RP11-368L12.1	SRR5862266	4.021707349256985
RP11-368L12.1	SRR5862267	1.0548744221196733
RP11-368L12.1	SRR5862268	3.014478028258858
RP11-368L12.1	SRR5862269	5.019390357198336
RP11-368L12.1	SRR5862270	6.01331835740766
RP11-368L12.1	SRR5862271	4.023455455789689
RP11-368L12.1	SRR5862272	1.011046062783337
RP11-368L12.1	SRR5862273	2.0066301675076152
RP11-368L12.1	SRR5862274	9.040855213758851
RP11-368L12.1	SRR5862275	2.025592796274075
RP11-368L12.1	SRR5862276	4.068530298991087
RP11-368L12.1	SRR5862277	4.049631595008464
RP11-368L12.1	SRR5949109	1.1543930374941627
RP11-368L12.1	SRR5949110	1.1528629477900991
RP11-368L12.1	SRR5949111	1.1543861423812125
RP11-368L12.1	SRR5949112	1.1544080735423528
RP11-368L12.1	SRR5949113	1.1538715423531325
RP11-368L12.1	SRR5949114	1.1544080735423528
RP11-368L12.1	SRR5949115	1.1543930374941627
RP11-368L12.1	SRR5949116	1.154328975937927
RP11-368L12.1	SRR5949117	1.1544080735423528
RP11-368L12.1	SRR5949118	1.1542881659876676
RP11-368L12.1	SRR5949119	1.1544066367558048
RP11-368L12.1	SRR5949120	1.1542612816136126
RP11-368L12.1	SRR5949121	1.1542612816136126
RP11-368L12.1	SRR5949122	1.1542193125787963
RP11-368L12.1	SRR5949123	1.154119770897195
RP11-368L12.1	SRR5949124	1.1536303593625774
RP11-368L12.1	SRR5949125	1.1538715423531325
RP11-368L12.1	SRR5949126	1.1542193125787963
RP11-368L12.1	SRR5949127	1.1542612816136126
RP11-368L12.1	SRR5949128	1.1542612816136126
RP11-368L12.1	SRR5949129	1.1544066367558048
RP11-368L12.1	SRR5949130	1.1543861423812125
RP11-368L12.1	SRR5949131	1.1541454974839138
RP11-368L12.1	SRR5949132	1.1543930374941627
RP11-368L12.1	SRR5949133	1.154243037085462
RP11-368L12.1	SRR5949134	1.1544080735423528
RP11-368L12.1	SRR5949135	1.1543244711383844
RP11-368L12.1	SRR5949136	1.1544018504729736
RP11-368L12.1	SRR5949137	1.1537285180296166
RP11-368L12.1	SRR5949138	1.154127700715507
RP11-368L12.1	SRR5949139	1.1542342444976637
RP11-368L12.1	SRR5949140	1.1543861423812125
RP11-368L12.1	SRR5949141	1.1544066367558048
RP11-368L12.1	SRR5949142	1.1543861423812125
RP11-368L12.1	SRR5949143	1.1544080735423528
RP11-368L12.1	SRR5949144	1.154243037085462
RP11-368L12.1	SRR5949145	1.1542881659876676
RP11-368L12.1	SRR5949146	1.1542763738511965
RP11-368L12.1	SRR5949147	1.1542763738511965
RP11-368L12.1	SRR5949148	1.1535426695350546
RP11-368L12.1	SRR5949149	1.1542881659876676
RP11-368L12.1	SRR5949150	1.1544066367558048
RP11-368L12.1	SRR5949151	1.1540843659274789
RP11-368L12.1	SRR5949152	1.1521642390280358
RP11-368L12.1	SRR5949153	1.1542129775631536
RP11-368L12.1	SRR5949154	1.1532523441137337
RP11-368L12.1	SRR5949155	1.1542881659876676
RP11-368L12.1	SRR5949156	1.1544066367558048
RP11-368L12.1	SRR5949157	1.1543930374941627
RP11-368L12.1	SRR5949158	1.1544080735423528
RP11-368L12.1	SRR5949159	1.1533709738650642
RP11-368L12.1	SRR5949160	1.1543930374941627
RP11-368L12.1	SRR5949161	1.1543861423812125
RP11-368L12.1	SRR5949162	1.1543930374941627
RP11-368L12.1	SRR5949163	1.1544066367558048
RP11-368L12.1	SRR5949164	1.1544080735423528
RP11-368L12.1	SRR5949165	1.154328975937927
RP11-368L12.1	SRR5949166	1.1544066367558048
RP11-368L12.1	SRR5949167	1.1542881659876676
RP11-368L12.1	SRR5949168	1.1543244711383844
RP11-368L12.1	SRR5949169	1.1496389762158161
RP11-368L12.1	SRR5949170	1.1544080735423528
RP11-368L12.1	SRR5949171	1.1541360045743105
RP11-368L12.1	SRR5949172	1.1541312616794417
RP11-368L12.1	SRR5949173	1.1543930374941627
RP11-368L12.1	SRR5949174	1.1543244711383844
RP11-368L12.1	SRR5949175	1.1544080735423528
RP11-368L12.1	SRR5949176	1.1542612816136126
RP11-368L12.1	SRR5949177	1.153448318699057
RP11-368L12.1	SRR5949178	1.1542129775631536
RP11-368L12.1	SRR5949179	1.1543861423812125
RP11-368L12.1	SRR5949180	1.1544080735423528
RP11-368L12.1	SRR5949181	1.1544018504729736
RP11-368L12.1	SRR5949182	1.154243037085462
RP11-368L12.1	SRR5949183	1.1544066367558048
RP11-368L12.1	SRR5949184	1.154328975937927
RP11-368L12.1	SRR5949185	1.1541312616794417
RP11-368L12.1	SRR5949186	1.1537962707798937
RP11-368L12.1	SRR5949187	1.1543861423812125
RP11-368L12.1	SRR5949188	1.1543244711383844
RP11-368L12.1	SRR5949189	1.1542612816136126
RP11-368L12.1	SRR5949190	1.1542881659876676
RP11-368L12.1	SRR5949191	1.1541360045743105
RP11-368L12.1	SRR5949192	1.1544018504729736
RP11-368L12.1	SRR5949193	1.1544066367558048
RP11-368L12.1	SRR5949194	1.1543930374941627
RP11-368L12.1	SRR5949195	1.154328975937927
RP11-368L12.1	SRR5949196	1.1541454974839138
RP11-368L12.1	SRR5949197	1.153987572083333
RP11-368L12.1	SRR5949198	1.153664101949279
RP11-368L12.1	SRR5949199	1.1542193125787963
RP11-368L12.1	SRR5949200	1.1544066367558048
RP11-368L12.1	SRR5949201	1.1543244711383844
RP11-368L12.1	SRR5949202	1.1543861423812125
RP11-368L12.1	SRR5949203	1.1543930374941627
RP11-368L12.1	SRR5949204	1.1544080735423528
RP11-368L12.1	SRR5949205	1.1544080735423528
RP11-368L12.1	SRR5949206	1.154328975937927
RP11-368L12.1	SRR5949207	1.1543930374941627
RP11-368L12.1	SRR5949208	1.1542881659876676
RP11-368L12.1	SRR5949209	1.1543930374941627
RP11-368L12.1	SRR5949210	1.1543244711383844
RP11-368L12.1	SRR5949211	1.153987572083333
RP11-368L12.1	SRR5949212	1.1543244711383844
RP11-368L12.1	SRR5949213	1.1542193125787963
RP11-368L12.1	SRR5949214	1.1540843659274789
RP11-368L12.1	SRR5949215	1.1542612816136126
RP11-368L12.1	SRR5949216	1.1543861423812125
RP11-368L12.1	SRR5949217	1.1543861423812125
RP11-368L12.1	SRR5949218	1.154243037085462
RP11-368L12.1	SRR5949219	1.1542612816136126
RP11-368L12.1	SRR5949220	1.1541312616794417
RP11-368L12.1	SRR5949221	1.1540843659274789
RP11-368L12.1	SRR5949222	1.1542612816136126
RP11-368L12.1	SRR5949223	1.153448318699057
RP11-368L12.1	SRR5949224	1.1542881659876676
RP11-368L12.1	SRR5949225	1.1544018504729736
RP11-368L12.1	SRR5949226	1.1541312616794417
RP11-368L12.1	SRR5949227	1.1544018504729736
RP11-368L12.1	SRR5949228	1.1541312616794417
RP11-368L12.1	SRR5949229	1.154127700715507
RP11-368L12.1	SRR5949230	1.1544018504729736
RP11-368L12.1	SRR5949231	1.1540286696356532
RP11-368L12.1	SRR5949232	1.1531855179973023
RP11-368L12.1	SRR5949233	1.1534681238443258
RP11-368L12.1	SRR5949234	1.1542763738511965
RP11-368L12.1	SRR5949235	1.1541312616794417
RP11-368L12.1	SRR5949236	1.1524349692227331
RP11-368L12.1	SRR5949237	1.1540286696356532
RP11-368L12.1	SRR5949238	1.1537962707798937
RP11-368L12.1	SRR5949239	1.152631812552955
RP11-368L12.1	SRR5949240	1.1544066367558048
RP11-368L12.1	SRR5949241	1.1542881659876676
RP11-368L12.1	SRR5949242	1.1543244711383844
RP11-368L12.1	SRR5949243	1.1542129775631536
RP11-368L12.1	SRR5949244	1.1542193125787963
RP11-368L12.1	SRR5949245	1.1542342444976637
RP11-368L12.1	SRR5949246	1.1543244711383844
RP11-368L12.1	SRR5949247	1.1542763738511965
RP11-368L12.1	SRR5949248	1.154328975937927
RP11-368L12.1	SRR5949249	1.1543244711383844
RP11-368L12.1	SRR5949250	1.1544080735423528
RP11-368L12.1	SRR5949251	1.1541312616794417
RP11-368L12.1	SRR5949252	1.1543930374941627
RP11-368L12.1	SRR5949253	1.1539534513664238
RP11-368L12.1	SRR5949254	1.154099487946561
RP11-368L12.1	SRR5949255	1.1543244711383844
RP11-368L12.1	SRR5949256	1.1542342444976637
RP11-368L12.1	SRR5949257	1.1544066367558048
RP11-368L12.1	SRR5949258	1.1544066367558048
RP11-368L12.1	SRR5949259	1.154243037085462
RP11-368L12.1	SRR5949260	1.1544080735423528
RP11-368L12.1	SRR5949261	1.1544080735423528
RP11-368L12.1	SRR5949262	1.1542193125787963
RP11-368L12.1	SRR5949263	1.154328975937927
RP11-368L12.1	SRR5949264	1.1542612816136126
RP11-368L12.1	SRR5949265	1.1543930374941627
RP11-368L12.1	SRR5949266	1.1537626724135772
RP11-368L12.1	SRR5949267	1.1537779842987672
RP11-368L12.1	SRR5949268	1.1544018504729736
RP11-368L12.1	SRR5949269	1.1542612816136126
RP11-368L12.1	SRR5949270	1.1543244711383844
RP11-368L12.1	SRR5949271	1.154119770897195
RP11-368L12.1	SRR5949272	1.1544080735423528
RP11-368L12.1	SRR5949273	1.1544080735423528
RP11-368L12.1	SRR5949274	1.154328975937927
RP11-368L12.1	SRR5949275	1.154099487946561
RP11-368L12.1	SRR5949276	1.154328975937927
RP11-368L12.1	SRR5949277	1.1537779842987672
RP11-368L12.1	SRR5949278	1.1543861423812125
RP11-368L12.1	SRR5949279	1.1543861423812125
RP11-368L12.1	SRR5949280	1.1539394876265088
RP11-368L12.1	SRR5949281	1.1543244711383844
RP11-368L12.1	SRR5949282	1.1544080735423528
RP11-368L12.1	SRR5949283	1.154043329391819
RP11-368L12.1	SRR5949284	1.1544080735423528
RP11-368L12.1	SRR5949285	1.15317802952035
RP11-368L12.1	SRR5949286	1.1537626724135772
RP11-368L12.1	SRR5949287	1.1544080735423528
RP11-368L12.1	SRR5949288	1.1543861423812125
RP11-368L12.1	SRR5949289	1.1542342444976637
RP11-368L12.1	SRR5949290	1.1544080735423528
RP11-368L12.1	SRR5949291	1.1543244711383844
RP11-368L12.1	SRR5949292	1.1542763738511965
RP11-368L12.1	SRR5949293	1.1544080735423528
RP11-368L12.1	SRR5949294	1.1544066367558048
RP11-368L12.1	SRR5949295	1.1543861423812125
RP11-368L12.1	SRR5949296	1.154328975937927
RP11-368L12.1	SRR5949297	1.1543930374941627
RP11-368L12.1	SRR5949298	1.1541360045743105
RP11-368L12.1	SRR5949299	1.1542763738511965
RP11-368L12.1	SRR5949300	1.1544066367558048
RP11-368L12.1	SRR5949301	1.1544066367558048
RP11-368L12.1	SRR5949302	1.1542342444976637
RP11-368L12.1	SRR5949303	1.1541454974839138
RP11-368L12.1	SRR5949304	1.1543930374941627
RP11-368L12.1	SRR5949305	1.1537652995205527
RP11-368L12.1	SRR5949306	1.1543930374941627
RP11-368L12.1	SRR5949307	1.1542763738511965
RP11-368L12.1	SRR5949308	1.154328975937927
RP11-368L12.1	SRR5949309	1.154119770897195
RP11-368L12.1	SRR5949310	1.154119770897195
RP11-368L12.1	SRR5949311	1.1542763738511965
RP11-368L12.1	SRR5949312	1.1540148338403267
RP11-368L12.1	SRR5949313	1.1543244711383844
RP11-368L12.1	SRR5949314	1.1544066367558048
RP11-368L12.1	SRR5949315	1.1543244711383844
RP11-368L12.1	SRR5949316	1.1543861423812125
RP11-368L12.1	SRR5949317	1.1538444146289202
RP11-368L12.1	SRR5949318	1.1537833054890896
RP11-368L12.1	SRR5949319	1.1543930374941627
RP11-368L12.1	SRR5949320	1.1544080735423528
RP11-368L12.1	SRR5949321	1.154328975937927
RP11-368L12.1	SRR5949322	1.1541312616794417
RP11-368L12.1	SRR5949323	1.1543244711383844
RP11-368L12.1	SRR5949324	1.1544080735423528
RP11-368L12.1	SRR5949325	1.1543861423812125
RP11-368L12.1	SRR5949326	1.1542881659876676
RP11-368L12.1	SRR5949327	1.1537250692562184
RP11-368L12.1	SRR5949328	1.1543930374941627
RP11-368L12.1	SRR5949329	1.1544018504729736
RP11-368L12.1	SRR5949330	1.1543861423812125
RP11-368L12.1	SRR5949331	1.1544018504729736
RP11-368L12.1	SRR5949332	1.1544080735423528
RP11-368L12.1	SRR5949333	1.154243037085462
RP11-368L12.1	SRR5949334	1.1540148338403267
RP11-368L12.1	SRR5949335	1.1544066367558048
RP11-368L12.1	SRR5949336	1.154328975937927
RP11-368L12.1	SRR5949337	1.1544018504729736
RP11-368L12.1	SRR5949338	1.1543861423812125
RP11-368L12.1	SRR5949339	1.1543861423812125
RP11-368L12.1	SRR5949340	1.1541454974839138
RP11-368L12.1	SRR5949341	1.154243037085462
RP11-368L12.1	SRR5949342	1.1543930374941627
RP11-368L12.1	SRR5949343	1.1542612816136126
RP11-368L12.1	SRR5949344	1.1543930374941627
RP11-368L12.1	SRR5949345	1.1544018504729736
RP11-368L12.1	SRR5949346	1.1537070312898285
RP11-368L12.1	SRR5949347	1.1539830975965506
RP11-368L12.1	SRR5949348	1.1532222126984653
RP11-368L12.1	SRR5949349	1.1543861423812125
RP11-368L12.1	SRR5949350	1.1543244711383844
RP11-368L12.1	SRR5949351	1.1543244711383844
RP11-368L12.1	SRR5949352	1.154328975937927
RP11-368L12.1	SRR5949353	1.1543861423812125
RP11-368L12.1	SRR5949354	1.154118135098547
RP11-368L12.1	SRR5949355	1.1542763738511965
RP11-368L12.1	SRR5949356	1.1513016641508953
RP11-368L12.1	SRR5949357	1.1542763738511965
RP11-368L12.1	SRR5949358	1.1542881659876676
RP11-368L12.1	SRR5949359	1.1543861423812125
RP11-368L12.1	SRR5949360	1.154243037085462
RP11-368L12.1	SRR5949361	1.1542342444976637
RP11-368L12.1	SRR5949362	1.1524373005233322
RP11-368L12.1	SRR5949363	1.1544018504729736
RP11-368L12.1	SRR5949364	1.1541344162995835
RP11-368L12.1	SRR5949365	1.1539534513664238
RP11-368L12.1	SRR5949366	1.151926209413139
RP11-368L12.1	SRR5949367	1.1544080735423528
RP11-368L12.1	SRR5949368	1.1532936707463863
RP11-368L12.1	SRR5949369	1.1544066367558048
RP11-368L12.1	SRR5949370	1.1543930374941627
RP11-368L12.1	SRR5949371	1.154127700715507
RP11-368L12.1	SRR5949372	1.1543244711383844
RP11-368L12.1	SRR5949373	1.1544066367558048
RP11-368L12.1	SRR5949374	1.1541360045743105
RP11-368L12.1	SRR5949375	1.1544066367558048
RP11-368L12.1	SRR5949376	1.1544080735423528
RP11-368L12.1	SRR5949377	1.1543861423812125
RP11-368L12.1	SRR5949378	1.1544080735423528
RP11-368L12.1	SRR5949379	1.1543861423812125
RP11-368L12.1	SRR5949380	1.1535503567545762
RP11-368L12.1	SRR5949381	1.154099487946561
RP11-368L12.1	SRR5949382	1.1543861423812125
RP11-368L12.1	SRR5949383	1.1542193125787963
RP11-368L12.1	SRR5949384	1.1544066367558048
RP11-368L12.1	SRR5949385	1.1542129775631536
RP11-368L12.1	SRR5949386	1.1544080735423528
RP11-368L12.1	SRR5949387	1.1525536382806347
RP11-368L12.1	SRR5949388	1.1540976154898277
RP11-368L12.1	SRR5949389	1.1544080735423528
RP11-368L12.1	SRR5949390	1.1543244711383844
RP11-368L12.1	SRR5949391	1.154127700715507
RP11-368L12.1	SRR5949392	1.1544080735423528
RP11-368L12.1	SRR5949393	1.154127700715507
RP11-368L12.1	SRR5949394	1.154043329391819
RP11-368L12.1	SRR5949395	1.1543244711383844
RP11-368L12.1	SRR5949396	1.153448318699057
RP11-368L12.1	SRR5949397	1.1544066367558048
RP11-368L12.1	SRR5949398	1.1544018504729736
RP11-368L12.1	SRR5949399	1.1542881659876676
RP11-368L12.1	SRR5949400	1.148920661344423
RP11-368L12.1	SRR5949401	1.1544080735423528
RP11-368L12.1	SRR5949402	1.154328975937927
RP11-368L12.1	SRR5949403	1.1542612816136126
RP11-368L12.1	SRR5949404	1.154127700715507
RP11-368L12.1	SRR5949405	1.1543861423812125
RP11-368L12.1	SRR5949406	1.1544066367558048
RP11-368L12.1	SRR5949407	1.1543861423812125
RP11-368L12.1	SRR5949408	1.1543861423812125
RP11-368L12.1	SRR5949409	1.154328975937927
RP11-368L12.1	SRR5949410	1.1543244711383844
RP11-368L12.1	SRR5949411	1.1544080735423528
RP11-368L12.1	SRR5949412	1.1542193125787963
RP11-368L12.1	SRR5949413	1.154328975937927
RP11-368L12.1	SRR5949414	1.1543861423812125
RP11-368L12.1	SRR5949415	1.1543930374941627
RP11-368L12.1	SRR5949416	1.1542763738511965
RP11-368L12.1	SRR5949417	1.154243037085462
RP11-368L12.1	SRR5949418	1.1543861423812125
RP11-368L12.1	SRR5949419	1.1543930374941627
RP11-368L12.1	SRR5949420	1.1542612816136126
RP11-368L12.1	SRR5949421	1.154243037085462
RP11-368L12.1	SRR5949422	1.1542763738511965
RP11-368L12.1	SRR5949423	1.1542763738511965
RP11-368L12.1	SRR5949424	1.1544080735423528
RP11-368L12.1	SRR5949425	1.1542763738511965
RP11-368L12.1	SRR5949426	1.1544018504729736
RP11-368L12.1	SRR5949427	1.1542763738511965
RP11-368L12.1	SRR5949428	1.1544080735423528
RP11-368L12.1	SRR5949429	1.1540148338403267
RP11-368L12.1	SRR5949430	1.1543244711383844
RP11-368L12.1	SRR5949431	1.1543244711383844
RP11-368L12.1	SRR5949432	1.1543244711383844
RP11-368L12.1	SRR5949433	1.1542881659876676
RP11-368L12.1	SRR5949434	1.1542881659876676
RP11-368L12.1	SRR5949435	1.154099487946561
RP11-368L12.1	SRR5949436	1.1543930374941627
RP11-368L12.1	SRR5949437	1.1540843659274789
RP11-368L12.1	SRR5949438	1.1539394876265088
RP11-368L12.1	SRR5949439	1.1544066367558048
RP11-368L12.1	SRR5949440	1.1544018504729736
RP11-368L12.1	SRR5949441	1.1544018504729736
RP11-368L12.1	SRR5949442	1.1541454974839138
RP11-368L12.1	SRR5949443	1.1541312616794417
RP11-368L12.1	SRR5949444	1.1540976154898277
RP11-368L12.1	SRR5949445	1.1544080735423528
RP11-368L12.1	SRR5949446	1.1543930374941627
RP11-368L12.1	SRR5949447	1.1542763738511965
RP11-368L12.1	SRR5949448	1.1544080735423528
RP11-368L12.1	SRR5949449	1.1544080735423528
RP11-368L12.1	SRR5949450	1.1543244711383844
RP11-368L12.1	SRR5949451	1.154243037085462
RP11-368L12.1	SRR5949452	1.1543244711383844
RP11-368L12.1	SRR5949453	1.1542881659876676
RP11-368L12.1	SRR5949454	1.1543861423812125
RP11-368L12.1	SRR5949455	1.1542763738511965
RP11-368L12.1	SRR5949456	1.1544066367558048
RP11-368L12.1	SRR5949457	1.1544018504729736
RP11-368L12.1	SRR5949458	1.1544066367558048
RP11-368L12.1	SRR5949459	1.154328975937927
RP11-368L12.1	SRR5949460	1.154127700715507
RP11-368L12.1	SRR5949461	1.1537652995205527
RP11-368L12.1	SRR5949462	1.1543930374941627
RP11-368L12.1	SRR5949463	1.154119770897195
RP11-368L12.1	SRR5949464	1.154043329391819
RP11-368L12.1	SRR5949465	1.1535426695350546
RP11-368L12.1	SRR5949466	1.1543244711383844
RP11-368L12.1	SRR5949467	1.1536303593625774
RP11-368L12.1	SRR5949468	1.1543930374941627
RP11-368L12.1	SRR5949469	1.1544018504729736
RP11-368L12.1	SRR5949470	1.1543861423812125
RP11-368L12.1	SRR5949471	1.1542612816136126
RP11-368L12.1	SRR5949472	1.154328975937927
RP11-368L12.1	SRR5949473	1.154328975937927
RP11-368L12.1	SRR5949474	1.1542881659876676
RP11-368L12.1	SRR5949475	1.1544080735423528
RP11-368L12.1	SRR5949476	1.1543861423812125
RP11-368L12.1	SRR5949477	1.1544018504729736
RP11-368L12.1	SRR5949478	1.154328975937927
RP11-368L12.1	SRR5949479	1.1538444146289202
RP11-368L12.1	SRR5949480	1.1542612816136126
RP11-368L12.1	SRR5949481	1.1544018504729736
RP11-368L12.1	SRR5949482	1.1542129775631536
RP11-368L12.1	SRR5949483	1.1538715423531325
RP11-368L12.1	SRR5949484	1.1543930374941627
RP11-368L12.1	SRR5949485	1.154099487946561
RP11-368L12.1	SRR5949486	1.1542881659876676
RP11-368L12.1	SRR5949487	1.1542612816136126
RP11-368L12.1	SRR5949488	1.153987572083333
RP11-368L12.1	SRR5949489	1.1541344162995835
RP11-368L12.1	SRR5949490	1.1541360045743105
RP11-368L12.1	SRR5949491	1.1542881659876676
RP11-368L12.1	SRR5949492	1.1541360045743105
RP11-368L12.1	SRR5949493	1.154243037085462
RP11-368L12.1	SRR5949494	1.1544080735423528
RP11-368L12.1	SRR5949495	1.154043329391819
RP11-368L12.1	SRR5949496	1.154243037085462
RP11-368L12.1	SRR5949497	1.1542612816136126
RP11-368L12.1	SRR5949498	1.1543244711383844
RP11-368L12.1	SRR5949499	1.1543930374941627
RP11-368L12.1	SRR5949500	1.1539304288892793
RP11-368L12.1	SRR5949501	1.1541014455850918
RP11-368L12.1	SRR5949502	1.1538715423531325
RP11-368L12.1	SRR5949503	1.1541360045743105
RP11-368L12.1	SRR5949504	1.1543861423812125
RP11-368L12.1	SRR5949505	1.1543861423812125
RP11-368L12.1	SRR5949506	1.1543861423812125
RP11-368L12.1	SRR5949507	1.1544018504729736
RP11-368L12.1	SRR5949508	1.154243037085462
RP11-368L12.1	SRR5949509	1.1543930374941627
RP11-368L12.1	SRR5949510	1.1543861423812125
RP11-368L12.1	SRR5949511	1.1536505416463956
RP11-368L12.1	SRR5949512	1.154328975937927
RP11-368L12.1	SRR5949513	1.1544080735423528
RP11-368L12.1	SRR5949514	1.1542193125787963
RP11-368L12.1	SRR5949515	1.1543930374941627
RP11-368L12.1	SRR5949516	1.1543244711383844
RP11-368L12.1	SRR5949517	1.1543861423812125
RP11-368L12.1	SRR5949518	1.1538715423531325
RP11-368L12.1	SRR5949519	1.154127700715507
RP11-368L12.1	SRR5949520	1.1544018504729736
RP11-368L12.1	SRR5949521	1.1537652995205527
RP11-368L12.1	SRR5949522	1.154328975937927
RP11-368L12.1	SRR5949523	1.1544018504729736
RP11-368L12.1	SRR5949524	1.1542881659876676
RP11-368L12.1	SRR5949525	1.1542129775631536
RP11-368L12.1	SRR5949526	1.1537070312898285
RP11-368L12.1	SRR5949527	1.1541360045743105
RP11-368L12.1	SRR5949528	1.1530313538581225
RP11-368L12.1	SRR5949529	1.1541014455850918
RP11-368L12.1	SRR5949530	1.1542612816136126
RP11-368L12.1	SRR5949531	1.1542342444976637
RP11-368L12.1	SRR5949532	1.1544018504729736
RP11-368L12.1	SRR5949533	1.1544080735423528
RP11-368L12.1	SRR5949534	1.1541454974839138
RP11-368L12.1	SRR5949535	1.1543861423812125
RP11-368L12.1	SRR5949536	1.1543244711383844
RP11-368L12.1	SRR5949537	1.1543930374941627
RP11-368L12.1	SRR5949538	1.1544080735423528
RP11-368L12.1	SRR5949539	1.154243037085462
RP11-368L12.1	SRR5949540	1.154118135098547
RP11-368L12.1	SRR5949541	1.1542612816136126
RP11-368L12.1	SRR5949542	1.154118135098547
RP11-368L12.1	SRR5949543	1.1542881659876676
RP11-368L12.1	SRR5949544	1.154127700715507
RP11-368L12.1	SRR5949545	1.1539394876265088
RP11-368L12.1	SRR5949546	1.1541360045743105
RP11-368L12.1	SRR5949547	1.1544080735423528
RP11-368L12.1	SRR5949548	1.1542881659876676
RP11-368L12.1	SRR5949549	1.1539534513664238
RP11-368L12.1	SRR5949550	1.1535522984622077
RP11-368L12.1	SRR5949551	1.154328975937927
RP11-368L12.1	SRR5949552	1.154043329391819
RP11-368L12.1	SRR5949553	1.1544066367558048
RP11-368L12.1	SRR5949554	1.1543861423812125
RP11-368L12.1	SRR5949555	1.1452054817287791
RP11-368L12.1	SRR5949556	1.154099487946561
RP11-368L12.1	SRR5949557	1.1542881659876676
RP11-368L12.1	SRR5949558	1.154043329391819
RP11-368L12.1	SRR5949559	1.1543930374941627
RP11-368L12.1	SRR5949560	1.1544018504729736
RP11-368L12.1	SRR5949561	1.1537430923754213
RP11-368L12.1	SRR5949562	1.154043329391819
RP11-368L12.1	SRR5949563	1.1542763738511965
RP11-368L12.1	SRR5949564	1.1543244711383844
RP11-368L12.1	SRR5949565	1.1544066367558048
RP11-368L12.1	SRR5949566	1.1543861423812125
RP11-368L12.1	SRR5949567	1.1525839843466772
RP11-368L12.1	SRR5949568	1.154118135098547
RP11-368L12.1	SRR5949569	1.1541344162995835
RP11-368L12.1	SRR5949570	1.1542612816136126
RP11-368L12.1	SRR5949571	1.1539394876265088
RP11-368L12.1	SRR5949572	1.154243037085462
RP11-368L12.1	SRR5949573	1.154127700715507
RP11-368L12.1	SRR5949574	1.1542881659876676
RP11-368L12.1	SRR5949575	1.154243037085462
RP11-368L12.1	SRR5949576	1.1542129775631536
RP11-368L12.1	SRR5949577	1.1544066367558048
RP11-368L12.1	SRR5949578	1.1543244711383844
RP11-368L12.1	SRR5949579	1.1543861423812125
RP11-368L12.1	SRR5949580	1.1543930374941627
RP11-368L12.1	SRR5949581	1.1544080735423528
RP11-368L12.1	SRR5949582	1.1541312616794417
RP11-368L12.1	SRR5949583	1.1544066367558048
RP11-368L12.1	SRR5949584	1.1536496989510014
RP11-368L12.1	SRR5949585	1.154328975937927
RP11-368L12.1	SRR5949586	1.1543861423812125
RP11-368L12.1	SRR5949587	1.1542881659876676
RP11-368L12.1	SRR5949588	1.153006792126308
RP11-368L12.1	SRR5949589	1.1544080735423528
RP11-368L12.1	SRR5949590	1.1541360045743105
RP11-368L12.1	SRR5949591	1.1543930374941627
RP11-368L12.1	SRR5949592	1.154243037085462
RP11-368L12.1	SRR5949593	1.1544080735423528
RP11-368L12.1	SRR5949594	1.154243037085462
RP11-368L12.1	SRR5949595	1.154328975937927
RP11-368L12.1	SRR5949596	1.1542763738511965
RP11-368L12.1	SRR5949597	1.1538444146289202
RP11-368L12.1	SRR5949598	1.154243037085462
RP11-368L12.1	SRR5949599	1.1541344162995835
RP11-368L12.1	SRR5949600	1.1543244711383844
RP11-368L12.1	SRR5949601	1.154243037085462
RP11-368L12.1	SRR5949602	1.1544080735423528
RP11-368L12.1	SRR5949603	1.1543244711383844
RP11-368L12.1	SRR5949604	1.1543861423812125
RP11-368L12.1	SRR5949605	1.154243037085462
RP11-368L12.1	SRR5949606	1.1540286696356532
RP11-368L12.1	SRR5949607	1.1544018504729736
RP11-368L12.1	SRR5949608	1.1537626724135772
RP11-368L12.1	SRR5950246	1.1537070312898285
RP11-368L12.1	SRR5950247	1.154043329391819
RP11-368L12.1	SRR5950248	1.1543244711383844
RP11-368L12.1	SRR5950249	1.1544080735423528
RP11-368L12.1	SRR5950250	1.154127700715507
RP11-368L12.1	SRR5950251	1.1543244711383844
RP11-368L12.1	SRR5950252	1.1544066367558048
RP11-368L12.1	SRR5950253	1.154328975937927
RP11-368L12.1	SRR5950254	1.1540286696356532
RP11-368L12.1	SRR5950255	1.1537779842987672
RP11-368L12.1	SRR5950256	1.1532906572572703
RP11-368L12.1	SRR5950257	1.1532936707463863
RP11-368L12.1	SRR5950258	1.1543244711383844
RP11-368L12.1	SRR5950259	1.1544018504729736
RP11-368L12.1	SRR5950260	1.1543244711383844
RP11-368L12.1	SRR5950261	1.154328975937927
RP11-368L12.1	SRR5950262	1.1542193125787963
RP11-368L12.1	SRR5950263	1.1538444146289202
RP11-368L12.1	SRR5950264	1.1544018504729736
RP11-368L12.1	SRR5950265	1.154119770897195
RP11-368L12.1	SRR5950266	1.153620340573047
RP11-368L12.1	SRR5950267	1.1543244711383844
RP11-368L12.1	SRR5950268	1.154243037085462
RP11-368L12.1	SRR5950269	1.154243037085462
RP11-368L12.1	SRR5950270	1.1539830975965506
RP11-368L12.1	SRR5950271	1.1544080735423528
RP11-368L12.1	SRR5950272	1.1544080735423528
RP11-368L12.1	SRR5950273	1.1543244711383844
RP11-368L12.1	SRR5950274	1.1541454974839138
RP11-368L12.1	SRR5950275	1.154243037085462
RP11-368L12.1	SRR5950276	1.154328975937927
RP11-368L12.1	SRR5950277	1.1541014455850918
RP11-368L12.1	SRR5950278	1.1537962707798937
RP11-368L12.1	SRR5950279	1.1542763738511965
RP11-368L12.1	SRR5950280	1.1543861423812125
RP11-368L12.1	SRR5950281	1.154243037085462
RP11-368L12.1	SRR5950282	1.1538447615632836
RP11-368L12.1	SRR5950283	1.154328975937927
RP11-368L12.1	SRR5950284	1.1511338942169325
RP11-368L12.1	SRR5950285	1.1540843659274789
RP11-368L12.1	SRR5950286	1.1542881659876676
RP11-368L12.1	SRR5950287	1.1537833054890896
RP11-368L12.1	SRR5950288	1.154118135098547
RP11-368L12.1	SRR5950289	1.1537285180296166
RP11-368L12.1	SRR5950290	1.1543930374941627
RP11-368L12.1	SRR5950291	1.154328975937927
RP11-368L12.1	SRR5950292	1.1542193125787963
RP11-368L12.1	SRR5950293	1.1539534513664238
RP11-368L12.1	SRR5950294	1.1544080735423528
RP11-368L12.1	SRR5950295	1.1544018504729736
RP11-368L12.1	SRR5950296	1.1542881659876676
RP11-368L12.1	SRR5950297	1.1540286696356532
RP11-368L12.1	SRR5950298	1.1543930374941627
RP11-368L12.1	SRR5950299	1.1541312616794417
RP11-368L12.1	SRR5950300	1.1542881659876676
RP11-368L12.1	SRR5950301	1.154328975937927
RP11-368L12.1	SRR5950302	1.1542612816136126
RP11-368L12.1	SRR5950303	1.1541454974839138
RP11-368L12.1	SRR5950304	1.1540148338403267
RP11-368L12.1	SRR5950305	1.1542612816136126
RP11-368L12.1	SRR5950306	1.1542763738511965
RP11-368L12.1	SRR5950307	1.1541344162995835
RP11-368L12.1	SRR5950308	1.1542342444976637
RP11-368L12.1	SRR5950309	1.154243037085462
RP11-368L12.1	SRR5950310	1.1542881659876676
RP11-368L12.1	SRR5950311	1.1543930374941627
RP11-368L12.1	SRR5950312	1.1543244711383844
RP11-368L12.1	SRR5950313	1.1542193125787963
RP11-368L12.1	SRR5950314	1.1543930374941627
RP11-368L12.1	SRR5950315	1.154328975937927
RP11-368L12.1	SRR5950316	1.1544018504729736
RP11-368L12.1	SRR5950317	1.1541312616794417
RP11-368L12.1	SRR5950318	1.153987572083333
RP11-368L12.1	SRR5950319	1.1541360045743105
RP11-368L12.1	SRR5950320	1.154119770897195
RP11-368L12.1	SRR5950321	1.1533709738650642
RP11-368L12.1	SRR5950322	1.1541014455850918
RP11-368L12.1	SRR5950323	1.1542129775631536
RP11-368L12.1	SRR5950324	1.1543930374941627
RP11-368L12.1	SRR5950325	1.1542342444976637
RP11-368L12.1	SRR5950326	1.154099487946561
RP11-368L12.1	SRR5950327	1.154328975937927
RP11-368L12.1	SRR5950328	1.154328975937927
RP11-368L12.1	SRR5950329	1.1542881659876676
RP11-368L12.1	SRR5950330	1.1541360045743105
RP11-368L12.1	SRR5950331	1.1539534513664238
RP11-368L12.1	SRR5950332	1.1540843659274789
RP11-368L12.1	SRR5950333	1.1543930374941627
RP11-368L12.1	SRR5950334	1.1543861423812125
RP11-368L12.1	SRR5950335	1.1543861423812125
RP11-368L12.1	SRR5950336	1.1524373005233322
RP11-368L12.1	SRR5950337	1.1537962707798937
RP11-368L12.1	SRR5950338	1.1531742805487435
RP11-368L12.1	SRR5950339	1.1544080735423528
RP11-368L12.1	SRR5950340	1.154127700715507
RP11-368L12.1	SRR5950341	1.1542129775631536
RP11-368L12.1	SRR5950342	1.1544018504729736
RP11-368L12.1	SRR5950343	1.1542342444976637
RP11-368L12.1	SRR5950344	1.154119770897195
RP11-368L12.1	SRR5950345	1.1542129775631536
RP11-368L12.1	SRR5950346	1.1543244711383844
RP11-368L12.1	SRR5950347	1.1542612816136126
RP11-368L12.1	SRR5950348	1.1541344162995835
RP11-368L12.1	SRR5950349	1.1544066367558048
RP11-368L12.1	SRR5950350	1.1543244711383844
RP11-368L12.1	SRR5950351	1.1538444146289202
RP11-368L12.1	SRR5950352	1.1544018504729736
RP11-368L12.1	SRR5950353	1.1542763738511965
RP11-368L12.1	SRR5950354	1.1544018504729736
RP11-368L12.1	SRR5950355	1.1544066367558048
RP11-368L12.1	SRR5950356	1.1537250692562184
RP11-368L12.1	SRR5950357	1.1544018504729736
RP11-368L12.1	SRR5950358	1.1541344162995835
RP11-368L12.1	SRR5950359	1.1542342444976637
RP11-368L12.1	SRR5950360	1.1544018504729736
RP11-368L12.1	SRR5950361	1.1544018504729736
RP11-368L12.1	SRR5950362	1.1541014455850918
RP11-368L12.1	SRR5950363	1.153987572083333
RP11-368L12.1	SRR5950364	1.1541360045743105
RP11-368L12.1	SRR5950365	1.154328975937927
RP11-368L12.1	SRR5950366	1.1543930374941627
RP11-368L12.1	SRR5950367	1.153400485650712
RP11-368L12.1	SRR5950368	1.1542763738511965
RP11-368L12.1	SRR5950369	1.1544080735423528
RP11-368L12.1	SRR5950370	1.1544080735423528
RP11-368L12.1	SRR5950371	1.154328975937927
RP11-368L12.1	SRR5950372	1.1543861423812125
RP11-368L12.1	SRR5950373	1.1542881659876676
RP11-368L12.1	SRR5950374	1.1542763738511965
RP11-368L12.1	SRR5950375	1.1543930374941627
RP11-368L12.1	SRR5950376	1.1544066367558048
RP11-368L12.1	SRR5950377	1.1539830975965506
RP11-368L12.1	SRR5950378	1.1542881659876676
RP11-368L12.1	SRR5950379	1.1542763738511965
RP11-368L12.1	SRR5950380	1.1542129775631536
RP11-368L12.1	SRR5950381	1.1542129775631536
RP11-368L12.1	SRR5950382	1.1537779842987672
RP11-368L12.1	SRR5950383	1.1544066367558048
RP11-368L12.1	SRR5950384	1.1543930374941627
RP11-368L12.1	SRR5950385	1.1537833054890896
RP11-368L12.1	SRR5950386	1.1543861423812125
RP11-368L12.1	SRR5950387	1.1544066367558048
RP11-368L12.1	SRR5950388	1.154127700715507
RP11-368L12.1	SRR5950389	1.1532222126984653
RP11-368L12.1	SRR5950390	1.1542129775631536
RP11-368L12.1	SRR5950391	1.1544080735423528
RP11-368L12.1	SRR5950392	1.1537652995205527
RP11-368L12.1	SRR5950393	1.1541312616794417
RP11-368L12.1	SRR5950394	1.154243037085462
RP11-368L12.1	SRR5950395	1.1542763738511965
RP11-368L12.1	SRR5950396	1.1544080735423528
RP11-368L12.1	SRR5950397	1.1544066367558048
RP11-368L12.1	SRR5950398	1.1544066367558048
RP11-368L12.1	SRR5950399	1.1542193125787963
RP11-368L12.1	SRR5950400	1.1542342444976637
RP11-368L12.1	SRR5950401	1.1543930374941627
RP11-368L12.1	SRR5950402	1.1543930374941627
RP11-368L12.1	SRR5950403	1.154328975937927
RP11-368L12.1	SRR5950404	1.1543861423812125
RP11-368L12.1	SRR5950405	1.153006792126308
RP11-368L12.1	SRR5950406	1.1539304288892793
RP11-368L12.1	SRR5950407	1.154328975937927
RP11-368L12.1	SRR5950408	1.154043329391819
RP11-368L12.1	SRR5950409	1.154127700715507
RP11-368L12.1	SRR5950410	1.1544080735423528
RP11-368L12.1	SRR5950411	1.1544018504729736
RP11-368L12.1	SRR5950412	1.1543861423812125
RP11-368L12.1	SRR5950413	1.1539394876265088
RP11-368L12.1	SRR5950414	1.1543861423812125
RP11-368L12.1	SRR5950415	1.1542193125787963
RP11-368L12.1	SRR5950416	1.154243037085462
RP11-368L12.1	SRR5950417	1.1542342444976637
RP11-368L12.1	SRR5950418	1.154119770897195
RP11-368L12.1	SRR5950419	1.1544018504729736
RP11-368L12.1	SRR5950420	1.1542612816136126
RP11-368L12.1	SRR5950421	1.1541312616794417
RP11-368L12.1	SRR5950422	1.1540976154898277
RP11-368L12.1	SRR5950423	1.1542881659876676
RP11-368L12.1	SRR5950424	1.1543930374941627
RP11-368L12.1	SRR5950425	1.1544018504729736
RP11-368L12.1	SRR5950426	1.1541344162995835
RP11-368L12.1	SRR5950427	1.1543861423812125
RP11-368L12.1	SRR5950428	1.1542881659876676
RP11-368L12.1	SRR5950429	1.1544018504729736
RP11-368L12.1	SRR5950430	1.154243037085462
RP11-368L12.1	SRR5950431	1.1542612816136126
RP11-368L12.1	SRR5950432	1.1543861423812125
RP11-368L12.1	SRR5950433	1.154328975937927
RP11-368L12.1	SRR5950434	1.1541344162995835
RP11-368L12.1	SRR5950435	1.1542881659876676
RP11-368L12.1	SRR5950436	1.1544018504729736
RP11-368L12.1	SRR5950437	1.1542612816136126
RP11-368L12.1	SRR5950438	1.1543930374941627
RP11-368L12.1	SRR5950439	1.1544066367558048
RP11-368L12.1	SRR5950440	1.150186403730464
RP11-368L12.1	SRR5950441	1.1540843659274789
RP11-368L12.1	SRR5950442	1.1543244711383844
RP11-368L12.1	SRR5950443	1.1541454974839138
RP11-368L12.1	SRR5950444	1.154328975937927
RP11-368L12.1	SRR5950445	1.1543861423812125
RP11-368L12.1	SRR5950446	1.1542129775631536
RP11-368L12.1	SRR5950447	1.1539830975965506
RP11-368L12.1	SRR5950448	1.1543244711383844
RP11-368L12.1	SRR5950449	1.1543861423812125
RP11-368L12.1	SRR5950450	1.1544018504729736
RP11-368L12.1	SRR5950451	1.1544080735423528
RP11-368L12.1	SRR5950452	1.154099487946561
RP11-368L12.1	SRR5950453	1.1543930374941627
RP11-368L12.1	SRR5950454	1.1540976154898277
RP11-368L12.1	SRR5950455	1.1543930374941627
RP11-368L12.1	SRR5950456	1.1542881659876676
RP11-368L12.1	SRR5950457	1.1542129775631536
RP11-368L12.1	SRR5950458	1.1544080735423528
RP11-368L12.1	SRR5950459	1.1542612816136126
RP11-368L12.1	SRR5950460	1.1542612816136126
RP11-368L12.1	SRR5950461	1.1543244711383844
RP11-368L12.1	SRR5950462	1.1538715423531325
RP11-368L12.1	SRR5950463	1.1541454974839138
RP11-368L12.1	SRR5950464	1.1541014455850918
RP11-368L12.1	SRR5950465	1.1495981461456477
RP11-368L12.1	SRR5950466	1.1543861423812125
RP11-368L12.1	SRR5950467	1.1542763738511965
RP11-368L12.1	SRR5950468	1.1543244711383844
RP11-368L12.1	SRR5950469	1.1542129775631536
RP11-368L12.1	SRR5950470	1.1544018504729736
RP11-368L12.1	SRR5963912	1.1544080735423528
RP11-368L12.1	SRR5963913	1.154118135098547
RP11-368L12.1	SRR5963914	1.1544080735423528
RP11-368L12.1	SRR5963915	1.154119770897195
RP11-368L12.1	SRR5963916	1.1538752034369077
RP11-368L12.1	SRR5963917	1.154243037085462
RP11-368L12.1	SRR5963918	1.1542612816136126
RP11-368L12.1	SRR5963919	1.1543861423812125
RP11-368L12.1	SRR5963920	1.1542763738511965
RP11-368L12.1	SRR5963921	1.1543930374941627
RP11-368L12.1	SRR5963922	1.1542342444976637
RP11-368L12.1	SRR5963923	1.1542612816136126
RP11-368L12.1	SRR5963924	1.1543861423812125
RP11-368L12.1	SRR5963925	1.154118135098547
RP11-368L12.1	SRR5963926	1.154118135098547
RP11-368L12.1	SRR5963927	1.1544018504729736
RP11-368L12.1	SRR5963928	1.1540843659274789
RP11-368L12.1	SRR5963929	1.154328975937927
RP11-368L12.1	SRR5963930	1.1539394876265088
RP11-368L12.1	SRR5963931	1.1544066367558048
RP11-368L12.1	SRR5963932	1.1542881659876676
RP11-368L12.1	SRR5963933	1.1542193125787963
RP11-368L12.1	SRR5963934	1.153987572083333
RP11-368L12.1	SRR5963935	1.1544080735423528
RP11-368L12.1	SRR5963936	1.1541014455850918
RP11-368L12.1	SRR5963937	1.1537833054890896
RP11-368L12.1	SRR5963938	1.1543244711383844
RP11-368L12.1	SRR5963939	1.1543861423812125
RP11-368L12.1	SRR5963940	1.1543861423812125
RP11-368L12.1	SRR5963941	1.1544080735423528
RP11-368L12.1	SRR5963942	1.1544080735423528
RP11-368L12.1	SRR5963943	1.1543930374941627
RP11-368L12.1	SRR5963944	1.1544080735423528
RP11-368L12.1	SRR5963945	1.1544066367558048
RP11-368L12.1	SRR5963946	1.154328975937927
RP11-368L12.1	SRR5963947	1.154328975937927
RP11-368L12.1	SRR5963948	1.154328975937927
RP11-368L12.1	SRR6467548	3.0294028720717527
RP11-368L12.1	SRR6467549	4.066785142817135
RP11-368L12.1	SRR6467550	1.0094837492205468
RP11-368L12.1	SRR6467551	1.0165120289381493
RP11-368L12.1	SRR6467552	3.0497816916862863
RP11-368L12.1	SRR6467553	4.127728886065005
RP11-368L12.1	SRR6467554	1.022575385288971
RP11-368L12.1	SRR6467555	1.0144266845639887
RP11-368L12.1	SRR6467556	1.011851581781421
RP11-368L12.1	SRR6467557	2.022883585767852
RP11-368L12.1	SRR6467558	2.0405846011968656
RP11-368L12.1	SRR6467559	1.002192313736413
RP11-368L12.1	SRR6467560	1.0102367475941127
RP11-368L12.1	SRR6467561	2.014941111082202
RP11-368L12.1	SRR6467562	2.0075997271555144
RP11-368L12.1	SRR6467563	1.006198701649288
RP11-368L12.1	SRR6467564	1.007316154609257
RP11-368L12.1	SRR6467565	2.0194280637777706
RP11-368L12.1	SRR6467566	1.0276080890484358
RP11-368L12.1	SRR6467567	4.04439688534181
RP11-368L12.1	SRR6467568	4.016412067937089
RP11-368L12.1	SRR6467569	1.0146718773316246
RP11-368L12.1	SRR6467570	4.623958000201239
RP11-368L12.1	SRR6467571	6.004320228640594
RP11-368L12.1	SRR6467572	1.0061815486062775
RP11-368L12.1	SRR6467573	4.027318790908232
RP11-368L12.1	SRR6467574	4
RP11-368L12.1	SRR6467575	4.00173497763017
RP11-368L12.1	SRR6467576	1.0047192251993753
RP11-368L12.1	SRR6467577	1.0014405946684066
RP11-368L12.1	SRR6467578	3.029587940333736
RP11-368L12.1	SRR6467579	2.0213810549676388
RP11-368L12.1	SRR6467580	1.9047203661529515
RP11-368L12.1	SRR6467581	4.299741460175843
RP11-368L12.1	SRR6467582	4.707252344173085
RP11-368L12.1	SRR6467583	2
RP11-368L12.1	SRR6467584	6.022000532411772
RP11-368L12.1	SRR6467585	4.359724182673972
RP11-368L12.1	SRR6467586	0.7005779092591782
RP11-368L12.1	SRR6467587	3.1604774963514815
RP11-368L12.1	SRR6467588	0.5568227467608717
RP11-368L12.1	SRR6467589	2
RP11-368L12.1	SRR6467590	5.014041841469856
RP11-368L12.1	SRR6467591	2.021134430234128
RP11-368L12.1	SRR6467592	3.023354451437776
RP11-368L12.1	SRR6467593	1.0045701845809227
RP11-368L12.1	SRR6467594	2.205064731163952
RP11-368L12.1	SRR6467595	1.002192313736413
RP11-368L12.1	SRR6467596	3
RP11-368L12.1	SRR6467597	1.698582127821943
RP11-368L12.1	SRR6467598	3.57725127244653
RP11-368L12.1	SRR6467599	1.0037804265166004
RP11-368L12.1	SRR6467600	3.014469189867141
RP11-368L12.1	SRR6467601	4.022308107053715
RP11-368L12.1	SRR6467602	1.2722097120601066
RP11-368L12.1	SRR6467603	2
RP11-368L12.1	SRR6467604	5.021284627039692
RP11-368L12.1	SRR6467605	5.018026894084987
RP11-368L12.1	SRR6467606	2
RP11-368L12.1	SRR6467607	3
RP11-368L12.1	SRR6467608	2.0052558688529287
RP11-368L12.1	SRR6467609	4.000719843767808
RP11-368L12.1	SRR6467610	2.0200965644097244
RP11-368L12.1	SRR6467611	1.645492978979046
RP11-368L12.1	SRR6467612	2.0116111933498324
RP11-368L12.1	SRR6467613	1
RP11-368L12.1	SRR6467614	2
RP11-368L12.1	SRR6467615	1.0128041618842896
RP11-368L12.1	SRR6467616	5.049479789096172
RP11-368L12.1	SRR6467617	4.026843804344545
RP11-368L12.1	SRR6467618	4
RP11-368L12.1	SRR6467619	1.9392800569308932
RP11-368L12.1	SRR6467620	2.0052558688529287
RP11-368L12.1	SRR6467621	3.015369852680957
RP11-368L12.1	SRR6467622	5.075342201614356
RP11-368L12.1	SRR6467623	2.1541385665558948
RP11-368L12.1	SRR6467624	3.0005398828258563
RP11-368L12.1	SRR6467625	2
RP11-368L12.1	SRR6467626	3
RP11-368L12.1	SRR6467627	4.04021083026415
RP11-368L12.1	SRR6467628	4
RP11-368L12.1	SRR6467629	1.749482750340651
RP11-368L12.1	SRR6467630	4.002880152427062
RP11-368L12.1	SRR6467631	1.0009001286274537
RP11-368L12.1	SRR6467632	2.0143865078862206
RP11-368L12.1	SRR6467633	3
RP11-368L12.1	SRR6467634	2.0080495831956267
RP11-368L12.1	SRR6467635	1.1788236669898902
RP11-368L12.1	SRR6467636	3.0303238899644236
RP11-368L12.1	SRR6467637	5
RP11-368L12.1	SRR6467638	3
RP11-368L12.1	SRR6467639	2.0064000158761304
RP11-368L12.1	SRR6467640	1.02092395433485
RP11-368L12.1	SRR6467641	3.027927777974978
RP11-368L12.1	SRR6467642	3.411614756054584
RP11-368L12.1	SRR6467643	1.0125162691935943
RP11-368L12.1	SRR6467644	2
RP11-368L12.1	SRR6467645	4.338577374722429
RP11-368L12.1	SRR6467646	7
RP11-368L12.1	SRR6467647	1.5213097683338999
RP11-368L12.1	SRR6467648	1.0058055966749162
RP11-368L12.1	SRR6467649	2.0105917626859338
RP11-368L12.1	SRR6467650	2.010948853924701
RP11-368L12.1	SRR6467651	7.02058953840196
RP11-368L12.1	SRR6467652	5.000899804709761
RP11-368L12.1	SRR6467653	2.0199068404986402
RP11-368L12.1	SRR6467654	5.018735443947259
RP11-368L12.1	SRR6467655	4
RP11-368L12.1	SRR6467656	4.759947963686233
RP11-368L12.1	SRR6467657	6
RP11-368L12.1	SRR6467658	3
RP11-368L12.1	SRR6467659	3.9597177061508018
RP11-368L12.1	SRR6467660	3.0205431300614323
RP11-368L12.1	SRR6467661	2.807671856010202
RP11-368L12.1	SRR6467662	3.5795015619945176
RP11-368L12.1	SRR6467663	3.0084251048819137
RP11-368L12.1	SRR6467664	0.643659726649707
RP11-368L12.1	SRR6467665	2
RP11-368L12.1	SRR6467666	3
RP11-368L12.1	SRR6467667	4.245111395280953
RP11-368L12.1	SRR6467668	2.8935579928795248
RP11-368L12.1	SRR6467669	4
RP11-368L12.1	SRR6467670	2
RP11-368L12.1	SRR6467671	0.9374023324575674
RP11-368L12.1	SRR6467672	3.026584142764819
RP11-368L12.1	SRR6467673	5.047983248530803
RP11-368L12.1	SRR6467674	4.025255306493871
RP11-368L12.1	SRR6467675	3.0259647013488733
RP11-368L12.1	SRR6467676	1.7420654505766495
RP11-368L12.1	SRR6467677	3
RP11-368L12.1	SRR6467678	2
RP11-368L12.1	SRR6467679	2
RP11-368L12.1	SRR6467680	1.010729395665764
RP11-368L12.1	SRR6467681	3
RP11-368L12.1	SRR6467682	2.0120223381300613
RP11-368L12.1	SRR6467683	5.05599567010998
RP11-368L12.1	SRR6467684	1.002611135988753
RP11-368L12.1	SRR6467685	1.0141034233036246
RP11-368L12.1	SRR6467686	1.0014712162978496
RP11-368L12.1	SRR6467687	0.6656965748662134
RP11-368L12.1	SRR6467688	4.99292678787846
RP11-368L12.1	SRR6467689	1.0099508789230731
RP11-368L12.1	SRR6467690	4.021935679717315
RP11-368L12.1	SRR6467691	2.011126843610475
RP11-368L12.1	SRR6467692	2.0021605031148026
RP11-368L12.1	SRR6467693	1.9826112479700841
RP11-368L12.1	SRR6467694	3.022788356944873
RP11-368L12.1	SRR6467695	4.018280738323691
RP11-368L12.1	SRR6467696	1.3498228971302755
RP11-368L12.1	SRR6467697	1
RP11-368L12.1	SRR6467698	2.009392129777531
RP11-368L12.1	SRR6467699	1
RP11-368L12.1	SRR6467700	2.1803771558228773
RP11-368L12.1	SRR6467701	3
RP11-368L12.1	SRR6467702	3.0430155971299433
RP11-368L12.1	SRR6467703	1.0123945241480405
RP11-368L12.1	SRR6467704	6.0168502097638275
RP11-368L12.1	SRR6467705	3.019596755209946
RP11-368L12.1	SRR6467706	1.0184483735704168
RP11-368L12.1	SRR6467707	2
RP11-368L12.1	SRR6467708	1.0017262519502124
RP11-368L12.1	SRR6467709	3
RP11-368L12.1	SRR6467710	3.002700385882361
RP11-368L12.1	SRR6467711	1.0013658060526471
RP11-368L12.1	SRR6467712	3.0338845860641888
RP11-368L12.1	SRR6467713	2.4110179390942346
RP11-368L12.1	SRR6467714	7.0419062167826
RP11-368L12.1	SRR6467715	1
RP11-368L12.1	SRR6467716	3
RP11-368L12.1	SRR6467717	4.049137507409056
RP11-368L12.1	SRR6467718	2.0308461148547408
RP11-368L12.1	SRR6467719	1.003656921931823
RP11-368L12.1	SRR6467720	2
RP11-368L12.1	SRR6467721	3.0048624445833965
RP11-368L12.1	SRR6467722	2
RP11-368L12.1	SRR6467723	6
RP11-368L12.1	SRR6467724	3
RP11-368L12.1	SRR6467725	2
RP11-368L12.1	SRR6467726	1.5954697608495296
RP11-368L12.1	SRR6467727	1.002342020016362
RP11-368L12.1	SRR6467728	2
RP11-368L12.1	SRR6467729	3.020810479239179
RP11-368L12.1	SRR6467730	1.0021448794325023
RP11-368L12.1	SRR6467731	2.0197906717867338
RP11-368L12.1	SRR6467732	9.889899550166374
RP11-368L12.1	SRR6467733	2.0034525039004247
RP11-368L12.1	SRR6467734	0.9909934022627375
RP11-368L12.1	SRR6467735	1.0082981694634305
RP11-368L12.1	SRR6467736	1.0062109131444412
RP11-368L12.1	SRR6467737	2.0124583479539315
RP11-368L12.1	SRR6467738	3.0010798628095343
RP11-368L12.1	SRR6467739	4
RP11-368L12.1	SRR6467740	2.0107986741916752
RP11-368L12.1	SRR6467741	9.018107916432452
RP11-368L12.1	SRR6467742	2
RP11-368L12.1	SRR6467743	2
RP11-368L12.1	SRR6467744	6
RP11-368L12.1	SRR6467745	3.001395775897737
RP11-368L12.1	SRR6467746	3.023940335471073
RP11-368L12.1	SRR6467747	4.923988250301665
RP11-368L12.1	SRR6467748	2.8520444317599383
RP11-368L12.1	SRR6467749	5
RP11-368L12.1	SRR6467750	6.014236015255261
RP11-368L12.1	SRR6467751	4.060467763226464
RP11-368L12.1	SRR6467752	1.0082599653422244
RP11-368L12.1	SRR6467753	1.3304881601060683
RP11-368L12.1	SRR6467754	4.174039749180833
RP11-368L12.1	SRR6467755	4.473072558823759
RP11-368L12.1	SRR6467756	2.0025208138048822
RP11-368L12.1	SRR6467757	1
RP11-368L12.1	SRR6467758	1
RP11-368L12.1	SRR6467759	1.0056828803089768
RP11-368L12.1	SRR6467760	1.0077326390518404
RP11-368L12.1	SRR6467761	2.0073948902040235
RP11-368L12.1	SRR6467762	2.010034979163885
RP11-368L12.1	SRR6467763	5.75261934656954
RP11-368L12.1	SRR6467764	4.521912405152224
RP11-368L12.1	SRR6467765	8.010083255219529
RP11-368L12.1	SRR6467766	1.0148654635807097
RP11-368L12.1	SRR6467767	5.034084619979484
RP11-368L12.1	SRR6467768	5.062453100357165
RP11-368L12.1	SRR6467769	2.035970390615302
RP11-368L12.1	SRR6467770	2
RP11-368L12.1	SRR6467771	0.627084497469601
RP11-368L12.1	SRR6467772	8.057299658823647
RP11-368L12.1	SRR6467773	1.0039530476880079
RP11-368L12.1	SRR6868540	1.0146754396324102
RP11-368L12.1	SRR6868541	1.0274634703565282
RP11-368L12.1	SRR6868542	1.0476955519171316
RP11-368L12.1	SRR6868543	1.0150863239093106
RP11-368L12.1	SRR6868544	1.0078390786606577
RP11-368L12.1	SRR6868545	1.0247076064653797
RP11-368L12.1	SRR6868546	1.0156717592642122
RP11-368L12.1	SRR6868557	1.0591086838663382
RP11-368L12.1	SRR6868558	1.0490872194289762
RP11-368L12.1	SRR6868559	1.0325281504175436
RP11-368L12.1	SRR6868560	1.0099740186645438
RP11-368L12.1	SRR6868569	1.0617761523220262
RP11-368L12.1	SRR6868570	1.0214163604819042
RP11-368L12.1	SRR6868571	1.0443666123323176
RP11-368L12.1	SRR6868572	1.0117513905915592
RP11-368L12.1	SRR6868573	1.0409966836392885
RP11-368L12.1	SRR6868574	1.0122229259475997
RP11-368L12.1	SRR6868575	1.025805444460916
RP11-368L12.1	SRR6868576	1.0158996451240243
RP11-368L12.1	SRR6868577	1.0321919880224188
RP11-368L12.1	SRR6868578	1.0155200621012757
RP11-368L12.1	SRR6868579	1.0437286829000922
RP11-368L12.1	SRR6868580	1.0107527325366503
RP11-368L12.1	SRR6868581	1.0339413032942724
RP11-368L12.1	SRR6868582	1.0328155381530846
RP11-368L12.1	SRR6868585	1.0220689021157627
RP11-368L12.1	SRR6868586	1.059503875848675
RP11-368L12.1	SRR6868587	1.059951714856934
RP11-368L12.1	SRR6868588	1.0071852335562725
RP11-368L12.1	SRR6868589	1.0110174866119757
RP11-368L12.1	SRR6868590	1.032033906477247
RP11-368L12.1	SRR6868591	1.0130236388532423
RP11-368L12.1	SRR6868604	1.075755471099352
RP11-368L12.1	SRR6868605	1.0318130709448758
RP11-368L12.1	SRR6868606	1.0405938775744006
RP11-368L12.1	SRR6868607	1.0342544525714972
RP11-368L12.1	SRR6868608	1.024176000194289
RP11-368L12.1	SRR6868609	1.0438891054924728
RP11-368L12.1	SRR6868610	1.038926954961391
RP11-368L12.1	SRR6868620	1.011281179703731
RP11-368L12.1	SRR6868621	1.0218254974768362
RP11-368L12.1	SRR6868622	1.0239774453836796
RP11-368L12.1	SRR6868623	1.0547630248890674
RP11-368L12.1	SRR6868636	1.0437200357863465
RP11-368L12.1	SRR6868637	1.0258536501967699
RP11-368L12.1	SRR6868638	1.0461253585775165
RP11-368L12.1	SRR6868639	1.0107500209553522
RP11-368L12.1	SRR6868650	1.039600004636465
RP11-368L12.1	SRR6868651	1.0289509945514346
RP11-368L12.1	SRR6868652	1.0304077851358955
RP11-368L12.1	SRR6868653	1.0187981972446098
RP11-368L12.1	SRR6868654	1.0150307958235039
RP11-368L12.1	SRR6868655	1.0348903243422032
RP11-368L12.1	SRR6868665	1.0144233528894921
RP11-368L12.1	SRR6868666	1.0102367475941127
RP11-368L12.1	SRR6868667	1.0114938025774427
RP11-368L12.1	SRR6868668	1.0074530555463053
RP11-368L12.1	SRR6868669	1.0076269288321016
RP11-368L12.1	SRR6868670	1.0177421086096043
RP11-368L12.1	SRR6868671	1.0144459931453216
RP11-368L12.1	SRR6868683	1.0126868266683406
RP11-368L12.1	SRR6868684	1.0156791364509994
RP11-368L12.1	SRR6868685	1.0213121445813669
RP11-368L12.1	SRR6868686	1.010279036701863
RP11-368L12.1	SRR6868687	1.0278872533572148
RP11-368L12.1	SRR6868688	1.0267982277074879
RP11-368L12.1	SRR6868689	1.0146059094716162
RP11-368L12.1	SRR6868698	1.0182196176757388
RP11-368L12.1	SRR6868699	1.0070555785765116
RP11-368L12.1	SRR6868700	1.0160549733839008
RP11-368L12.1	SRR6868701	1.0104876136718064
RP11-368L12.1	SRR6868702	1.007678742360192
RP11-368L12.1	SRR6868713	1.0104534576807476
RP11-368L12.1	SRR6868714	1.0184145111104586
RP11-368L12.1	SRR6868715	1.0082988502433663
RP11-368L12.1	SRR6868716	1.0066973307865115
RP11-368L12.1	SRR6868717	1.010251403767141
RP11-368L12.1	SRR6868718	1.0039014257302832
RP11-368L12.1	SRR6868719	1.001620814861132
RP11-368L12.1	SRR6868720	1.0050609507965924
RP11-368L12.1	SRR6868721	1.011241097215616
RP11-368L12.1	SRR6868722	1.0167639054768582
RP11-368L12.1	SRR6868723	1.0194863017371107
RP11-368L12.1	SRR6868724	1.0096892656036671
RP11-368L12.1	SRR6868725	1.0041780100330324
RP11-368L12.1	SRR6868726	1.002412783311024
RP11-368L12.1	SRR6868741	1.0144414580063614
RP11-368L12.1	SRR7632756	3.0248438280728593
RP11-368L12.1	SRR7632757	1.0277880420258994
RP11-368L12.1	SRR7632758	3.031979760149748
RP11-368L12.1	SRR7632759	1.029856339080279
RP11-368L12.1	SRR7632760	1.0203110449499115
RP11-368L12.1	SRR7632761	1.0071216685573643
RP11-368L12.1	SRR7632762	1.0487026522067118
RP11-368L12.1	SRR7632763	2.0328259511178666
RP11-368L12.1	SRR7632764	2.0740652348148205
RP11-368L12.1	SRR7632765	1.0026279344264644
RP11-368L12.1	SRR7632766	2.0624140057631832
RP11-368L12.1	SRR7632767	3.0071180076276307
RP11-368L12.1	SRR7632768	1.016230093834007
RP11-368L12.1	SRR7632769	1.0114947818507258
RP11-368L12.1	SRR7632770	1.0082739021759193
RP11-368L12.1	SRR7632771	2.052071112114363
RP11-368L12.1	SRR7632772	1.0193139826231485
RP11-368L12.1	SRR7632773	2.0108264687760875
RP11-368L12.1	SRR7632774	2.012689194529097
RP11-368L12.1	SRR7632775	1.0225378532123717
RP11-368L12.1	SRR7632776	2.075918964821439
RP11-368L12.1	SRR7632777	1.0241484491414745
RP11-368L12.1	SRR7632778	1.0041644240028431
RP11-368L12.1	SRR7632779	1.0262203067866917
RP11-368L12.1	SRR7632780	1.0037110248141228
RP11-368L12.1	SRR7632781	1.0615459002112622
RP11-368L12.1	SRR7632782	1.0136901858645806
RP11-368L12.1	SRR7632783	1.0073564665451527
RP11-368L12.1	SRR7632784	1.008719543389948
RP11-368L12.1	SRR7632785	3.0215941552660133
RP11-368L12.1	SRR7632786	2.083254562558609
RP11-368L12.1	SRR7632787	1.0038931609808308
RP11-368L12.1	SRR7632788	2.004534328162457
RP11-368L12.1	SRR7632789	4.0728233666782625
RP11-368L12.1	SRR7632790	1.0098400917692503
RP11-368L12.1	SRR7632791	1.0448790382400983
RP11-368L12.1	SRR7632792	1.0073564665451527
RP11-368L12.1	SRR7632793	1.0121408038615827
RP11-368L12.1	SRR7632794	2.0139008999059707
RP11-368L12.1	SRR7632795	2.006454895998502
RP11-368L12.1	SRR7632796	1.0172279399958117
RP11-368L12.1	SRR7632797	1.150699232136202
RP11-368L12.1	SRR7632798	2.0114609641526155
RP11-368L12.1	SRR7632799	1.0307926732391595
RP11-368L12.1	SRR7632800	3.045163228715672
RP11-368L12.1	SRR7632801	1.0052627748922789
RP11-368L12.1	SRR7632802	2.070062335227295
RP11-368L12.1	SRR7632803	3.0720959028859953
RP11-368L12.1	SRR7632804	1.0405209189801317
RP11-368L12.1	SRR7632805	1.0030944157282213
RP11-368L12.1	SRR7632806	1.004614493841249
RP11-368L12.1	SRR7632807	2.017386325273424
RP11-368L12.1	SRR7632808	1.0082200216621664
RP11-368L12.1	SRR7632809	1.048829496254109
RP11-368L12.1	SRR7632810	2.008356020066065
RP11-368L12.1	SRR7632811	1.006800055374144
RP11-368L12.1	SRR7632812	1.007179332046641
RP11-368L12.1	SRR7632813	1.0061984068651417
RP11-368L12.1	SRR7632814	1.0035384452564864
RP11-368L12.1	SRR7632815	1.0078464493290136
RP11-368L12.1	SRR7632816	1.0754074903933615
RP11-368L12.1	SRR7632817	1.041674851534425
RP11-368L12.1	SRR7632818	1.0054268373142463
RP11-368L12.1	SRR7632819	3.007342599072492
RP11-368L12.1	SRR7632820	2.013761989887811
RP11-368L12.1	SRR7632821	1.0017262519502124
RP11-368L12.1	SRR7632822	1.0125326368597183
RP11-368L12.1	SRR7632823	1.003680628745282
RP11-368L12.1	SRR7632824	2.0091403691618455
RP11-368L12.1	SRR7632825	1.0028083682939712
RP11-368L12.1	SRR7632826	1.0006453033029128
RP11-368L12.1	SRR7632827	1.055040096796364
RP11-368L12.1	SRR7632828	1.0261404595811736
RP11-368L12.1	SRR7632829	1.0144645279374256
RP11-368L12.1	SRR7632830	1.0486021527253222
RP11-368L12.1	SRR7632831	2.018534973187272
RP11-368L12.1	SRR7632832	1.0146195724571643
RP11-368L12.1	SRR7632833	1.0516979198200802
RP11-368L12.1	SRR7632834	1.029304711338354
RP11-368L12.1	SRR7632835	1.110030669431967
RP11-368L12.1	SRR7632836	2.029854462894126
RP11-368L12.1	SRR7632837	1.006427797534363
RP11-368L12.1	SRR7632838	2.050418083929222
RP11-368L12.1	SRR7632839	2.0229876051548854
RP11-368L12.1	SRR7632840	1.0307338553525334
RP11-368L12.1	SRR7632841	1.1191732546509214
RP11-368L12.1	SRR7632842	2.0037794743983843
RP11-368L12.1	SRR7632843	1.037517112746005
RP11-368L12.1	SRR7632844	2.079484384927301
RP11-368L12.1	SRR7632845	1.0050068388547722
RP11-368L12.1	SRR7632846	1.049674009840069
RP11-368L12.1	SRR7632847	1.0235807528043444
RP11-368L12.1	SRR7632848	2.0183225114978987
RP11-368L12.1	SRR7632849	1.0113703922046702
RP11-368L12.1	SRR7632850	1.0129099016527614
RP11-368L12.1	SRR7632851	1.0101546064236944
RP11-368L12.1	SRR7632852	2.0025208138048822
RP11-368L12.1	SRR7632853	1.0050683011475585
RP11-368L12.1	SRR7632854	1.006604989330596
RP11-368L12.1	SRR7632855	2
RP11-368L12.1	SRR7632856	2.012943727552918
RP11-368L12.1	SRR7632857	1.0737804448439001
RP11-368L12.1	SRR7632858	1.0371716501108719
RP11-368L12.1	SRR7632859	1.03970249147232
RP11-368L12.1	SRR7632860	1.0755034509256032
RP11-368L12.1	SRR7632861	1.0544086906801657
RP11-368L12.1	SRR7632862	1.0352861076828388
RP11-368L12.1	SRR7632863	1.1276773456759084
RP11-368L12.1	SRR7632864	1.121531795981538
RP11-368L12.1	SRR7632865	4.0057623786736265
RP11-368L12.1	SRR7632866	1.0056799316660756
RP11-368L12.1	SRR7632867	1.0103238937591081
RP11-368L12.1	SRR7632868	1.02565491505434
RP11-368L12.1	SRR7632869	1.0244411256785808
RP11-368L12.1	SRR7632870	2.0076865442741987
RP11-368L12.1	SRR7632871	1.0509978397928912
RP11-368L12.1	SRR7632872	1.032283347644643
RP11-368L12.1	SRR7632873	1.0041780100330324
RP11-368L12.1	SRR7632874	1.0026585923618834
RP11-368L12.1	SRR7632875	2.003302884002545
RP11-368L12.1	SRR7632876	1.014147795755148
RP11-368L12.1	SRR7632877	1.041135031463042
RP11-368L12.1	SRR7632878	1.022117629031292
RP11-368L12.1	SRR7632879	1.0022671640812284
RP11-368L12.1	SRR7632880	1.0175570139817183
RP11-368L12.1	SRR7632881	1.0138389345446404
RP11-368L12.1	SRR7632882	1.02398215098824
RP11-368L12.1	SRR7632883	1.022587298485006
RP11-368L12.1	SRR7632884	2.0676696094198173
RP11-368L12.1	SRR7632885	1.0050174895819426
RP11-368L12.1	SRR7632886	2.064667945109321
RP11-368L12.1	SRR7632887	1.0101314025983257
RP11-368L12.1	SRR7632888	1.0381219692204027
RP11-368L12.1	SRR7632889	1.034226163866362
RP11-368L12.1	SRR7632890	1.1021455850880635
RP11-368L12.1	SRR7632891	1.0472249706717598
RP11-368L12.1	SRR7632892	1.0058289958076159
RP11-368L12.1	SRR7632893	1.0382330459409663
RP11-368L12.1	SRR7632894	2.09460818335548
RP11-368L12.1	SRR7632895	1.0116312112491015
RP11-368L12.1	SRR7632896	2.045585771885336
RP11-368L12.1	SRR7632897	1.0040894319687015
RP11-368L12.1	SRR7632898	1.003747088789452
RP11-368L12.1	SRR7632899	1.0069401334995287
RP11-368L12.1	SRR7632900	1.006694084239897
RP11-368L12.1	SRR7632901	1.0063642497626564
RP11-368L12.1	SRR7632902	2.0876978013490315
RP11-368L12.1	SRR7632903	2.0088615800394773
RP11-368L12.1	SRR7632904	1.052639407087551
RP11-368L12.1	SRR7632905	1.0931788245138465
RP11-368L12.1	SRR7632906	1.016476826235516
RP11-368L12.1	SRR7632907	1.0277502386473942
RP11-368L12.1	SRR7632908	3.01211252654161
RP11-368L12.1	SRR7632909	1.0034554838462202
RP11-368L12.1	SRR7632910	1.0381442455517274
RP11-368L12.1	SRR7632911	1.0129819287449684
RP11-368L12.1	SRR7632912	1.015658017729299
RP11-368L12.1	SRR7632913	1.0588628832226115
RP11-368L12.1	SRR7632914	2.0625887223008044
RP11-368L12.1	SRR7632915	1.0449661158479286
RP11-368L12.1	SRR7632916	1.0199638203063526
RP11-368L12.1	SRR7632917	1.0525477213847285
RP11-368L12.1	SRR7632918	1.0259071739140957
RP11-368L12.1	SRR7632919	2.017432452762669
RP11-368L12.1	SRR7632920	1.011609827571363
RP11-368L12.1	SRR7632921	1.0121840603993095
RP11-368L12.1	SRR7632922	2.01740630769329
RP11-368L12.1	SRR7632923	1.0104479848105985
RP11-368L12.1	SRR7632924	1.029554096116037
RP11-368L12.1	SRR7632925	1.0351205406829784
RP11-368L12.1	SRR7632926	1.0185058970869778
RP11-368L12.1	SRR7632927	2.0412434146374663
RP11-368L12.1	SRR7632928	2.0066529193759526
RP11-368L12.1	SRR7632929	1.0408852031443403
RP11-368L12.1	SRR7632930	2.0018002572549074
RP11-368L12.1	SRR7632931	4.002880152427062
RP11-368L12.1	SRR7632932	1.0257541376073018
RP11-368L12.1	SRR7632933	5.1064048638107735
RP11-368L12.1	SRR7632934	3.0132555928118645
RP11-368L12.1	SRR7632935	1.0101127750180565
RP11-368L12.1	SRR7632936	1.02112601210436
RP11-368L12.1	SRR7632937	1.0144478283854719
RP11-368L12.1	SRR7632938	1.0267598473930304
RP11-368L12.1	SRR7632939	1.0281771467044196
RP11-368L12.1	SRR7632940	2.0130537278128453
RP11-368L12.1	SRR7632941	1.0215738909036738
RP11-368L12.1	SRR7632942	1.0358766269652808
RP11-368L12.1	SRR7632943	2
RP11-368L12.1	SRR7632944	1.0184271463668109
RP11-368L12.1	SRR7632945	1
RP11-368L12.1	SRR8928966	2.0176942204947927
RP11-368L12.1	SRR8928967	1.0170282299624092
RP11-368L12.1	SRR8928968	2.0166242136504158
RP11-368L12.1	SRR8928969	1.0083022278420297
RP11-368L12.1	SRR8928970	5.047999528067141
RP11-368L12.1	SRR8928971	5.0384471070165215
RP11-368L12.1	SRR8928972	1.0535590264470536
RP11-368L12.1	SRR8928973	3.017896904792221
RP11-368L12.1	SRR8928974	1.084964542884935
RP11-368L12.1	SRR8928975	1.0422268823538081
RP11-368L12.1	SRR8928976	1.0418215850993868
RP11-368L12.1	SRR8928977	1.0194654138015173
RP11-368L12.1	SRR8928978	1.018615945849788
RP11-368L12.1	SRR8928979	1.019328713740916
RP11-368L12.1	SRR8928980	1.0157058979511975
RP11-368L12.1	SRR8928981	1.011720751030811
RP11-368L12.1	SRR8928982	2.022852032721401
RP11-368L12.1	SRR8928983	2.0038130471001825
RP11-368L12.1	SRR8928984	1.005572915612441
RP11-368L12.1	SRR8928985	1.0167967514698188
RP11-368L12.1	SRR8928986	6.05407820531256
RP11-368L12.1	SRR8928987	1
RP11-368L12.1	SRR8928988	19
RP11-368L12.1	SRR8928989	1.0173441049815872
RP11-368L12.1	SRR8928990	9.095104936053575
RP11-368L12.1	SRR8928991	1.0177418771007531
RP11-368L12.1	SRR9835604	1.0142586981600068
RP11-368L12.1	SRR9835605	3.016585692240656
RP11-368L12.1	SRR9835606	3.0063807907634774
RP11-368L12.1	SRR9835607	3.026910638165777
RP11-368L12.1	SRR9835608	2.029096023518285
RP11-368L12.1	SRR9835609	7
RP11-368L12.1	SRR9835610	4.01842274947635
RP11-368L12.1	SRR9835611	10.010802515574014
RP11-368L12.1	SRR9835612	2.0053171847237667
RP11-368L12.1	SRR9835613	7.041351532340202
RP11-368L12.1	SRR9835614	2.0197668209400734
RP11-368L12.1	SRR9835615	4.1564893163243575
RP11-368L12.1	SRR9835616	3.0221741629091063
RP11-368L12.1	SRR9835617	2.045975404149909
RP11-368L12.1	SRR9835618	1.0053242528371136
RP11-368L12.1	SRR9835619	11
RP11-368L12.1	SRR9835620	1.0046895250904808
RP11-368L12.1	SRR9835621	1.0065161971835763
RP11-368L12.1	SRR9835622	7.019134342720274
RP11-368L12.1	SRR9835623	3.0005398828258563
RP11-368L12.1	SRR9835624	2.0438298367322765
RP11-368L12.1	SRR9835625	1.0030776094748917
RP11-368L12.1	SRR9835626	3.0225438229470987
RP11-368L12.1	SRR9835627	2.004085259632136
RP11-368L12.1	SRR9835628	2.0142894267352034
RP11-368L12.1	SRR9835629	2.0400408685818374
RP11-368L12.1	SRR9835630	1.0553618917185172
RP11-368L12.1	SRR9835631	2.1606436466774412
RP11-368L12.1	SRR9835632	10.02275170713174
RP11-368L12.1	SRR9835633	6.044311111252623
RP11-368L12.1	SRR9835634	2.0123968137302835
RP11-368L12.1	SRR9835635	5.04886060273188
RP11-368L12.1	SRR9835636	5.009906762751034
RP11-368L12.1	SRR9835637	2.0088592570467187
RP11-368L12.1	SRR9835638	1.0095554363800798
RP11-368L12.1	SRR9835639	4.041172442816149
RP11-368L12.1	SRR9835640	2.033115338990031
RP11-368L12.1	SRR9835641	4.015199454311029
RP11-368L12.1	SRR9835642	5.02872191972909
RP11-368L12.1	SRR9835643	3.0114500457966886
RP11-368L12.1	SRR9835644	7.022592135994757
RP11-368L12.1	SRR9835645	3.087421840376195
RP11-368L12.1	SRR9835646	2.018377717730723
RP11-368L12.1	SRR9835647	4.009613277356947
RP11-368L12.1	SRR9835648	2.0595413445091366
RP11-368L12.1	SRR9835649	3.0340701265953567
RP11-368L12.1	SRR9835650	3.011382022054272
RP11-368L12.1	SRR9835651	7.0050402667473595
RP11-368L12.1	SRR9835652	3.046559293758804
RP11-368L12.1	SRR9835653	2.0055282773882785
RP11-368L12.1	SRR9835654	7.070322482127564
RP11-368L12.1	SRR9835655	2.01019806740697
RP11-368L12.1	SRR9835656	6.015870161331968
RP11-368L12.1	SRR9835657	1.014825837108375
RP11-368L12.1	SRR9835658	6.0120719442883015
RP11-368L12.1	SRR9835659	8.047022141284996
RP11-368L12.1	SRR9835660	5.037180582400429
RP11-368L12.1	SRR9835661	5.020056038202967
RP11-368L12.1	SRR9835662	1.0119165119784397
RP11-368L12.1	SRR9835663	2.0397967842735047
RP11-368L12.1	SRR9835664	4.0069050078008495
RP11-368L12.1	SRR9835665	3.012216944649585
RP11-368L12.1	SRR9835666	5
RP11-368L12.1	SRR9835667	1.008216661169957
RP11-368L12.1	SRR9835668	5
RP11-368L12.1	SRR9835669	1.0264232618093723
RP11-368L12.1	SRR9835670	1.0135813928307178
RP11-368L12.1	SRR9835671	1.0133167044062266
RP11-368L12.1	SRR9835672	6.010357511701273
RP11-368L12.1	SRR9835673	4.090200458202719
RP11-368L12.1	SRR9835674	2.000930517265158
RP11-368L12.1	SRR9835675	5.026621264185568
RP11-368L12.1	SRR9835676	2.1776205972944194
RP11-368L12.1	SRR9835677	6.015767606558787
RP11-368L12.1	SRR9835678	3.017683862489201
RP11-368L12.1	SRR9835679	3.857831161005041
RP11-368L12.1	SRR9835680	1.024155415648097
RP11-368L12.1	SRR9835681	6.0180277216538585
RP11-368L12.1	SRR9835682	2.1204045000352427
RP11-368L12.1	SRR9835683	5.031145869884829
RP11-368L12.1	SRR9835684	1.0249675723992049
RP11-368L12.1	SRR9835685	6.030041033128633
RP11-368L12.1	SRR9835686	3.0397098842421686
RP11-368L12.1	SRR9835687	3.013894860508918
RP11-368L12.1	SRR9835688	4
RP11-368L12.1	SRR9835689	4.029006406415674
RP11-368L12.1	SRR9835690	5.010004599201334
RP11-368L12.1	SRR9835691	2.0176176509181256
RP11-368L12.1	SRR9835692	3.0536253273428606
RP11-368L12.1	SRR9835693	2.0079674922843656
RP11-368L12.1	SRR9835694	3.030477096752135
RP11-368L12.1	SRR9835695	3.0152697855733184
RP11-368L12.1	SRR9835696	1.0096415363823084
RP11-368L12.1	SRR9835697	2.010034979163885
RP11-368L12.1	SRR9835698	2.0018614674615067
RP11-368L12.1	SRR9835699	7.011036463474518
RP11-368L12.1	SRR9835700	2.004384627472826
RP11-368L12.1	SRR9835701	8.022332534665578
RP11-368L12.1	SRR9835702	5
RP11-368L12.1	SRR9835703	7.007444353351404
RP11-368L12.1	SRR9835704	5.022766768009797
RP11-368L12.1	SRR9835705	1.0039498099915638
RP11-368L12.1	SRR9835706	2.1572851723006212
RP11-368L12.1	SRR9835707	4.004321006229605
RP11-368L12.1	SRR9835708	6.006032939114621
RP11-368L12.1	SRR9835709	3.0010798628095343
RP11-368L12.1	SRR9835710	4.057012290627742
RP11-368L12.1	SRR9835711	3.0010798628095343
RP11-368L12.1	SRR9835712	1.0025056057608568
RP11-368L12.1	SRR9835713	5.009532617750456
RP11-368L12.1	SRR9835714	6.0092760767180575
RP11-368L12.1	SRR9835715	2.0099522182357097
RP11-368L12.1	SRR9835716	6.017648175773108
RP11-368L12.1	SRR9835717	6.020548809267201
RP11-368L12.1	SRR9835718	2.0308180435494125
RP11-368L12.1	SRR9835719	6.051247790559132
RP11-368L12.1	SRR9835720	3.018665445408617
RP11-368L12.1	SRR9835721	3.044243849338691
RP11-368L12.1	SRR9835722	3.068326413902677
RP11-368L12.1	SRR9835723	4
RP11-368L12.1	SRR9835724	3.020718112990796
RP11-368L12.1	SRR9835725	2.0547912004868882
RP11-368L12.1	SRR9835726	6.004320228640594
RP11-368L12.1	SRR9835727	2.0135368031143956
RP11-368L12.1	SRR9835728	4.162363700632234
RP11-368L12.1	SRR9835729	4.01292273346443
RP11-368L12.1	SRR9835730	1.003830557347933
RP11-368L12.1	SRR9835731	5.255054220514201
RP11-368L12.1	SRR9835732	7.0329238879983835
RP11-368L12.1	SRR9835733	1.0044644481525995
RP11-368L12.1	SRR9835734	1.002553057138948
RP11-368L12.1	SRR9835735	11.019811742350987
RP11-368L12.1	SRR9835736	1.0119742595178156
RP11-368L12.1	SRR9835737	6.012520965550903
RP11-368L12.1	SRR9835738	4.007137131609633
RP11-368L12.1	SRR9835739	2.0541287090754223
RP11-368L12.1	SRR9835740	1.0299228329417829
RP11-368L12.1	SRR9835741	1.005276670296832
RP11-368L12.1	SRR9835742	1.0186862015904543
RP11-368L12.1	SRR9835743	4.136847896296013
RP11-368L12.1	SRR9835744	8.046523099523267
RP11-368L12.1	SRR9835745	2.044653231646128
RP11-368L12.1	SRR9835746	5.053970857784411
RP11-368L12.1	SRR9835747	2.010491864618749
RP11-368L12.1	SRR9835748	2.0608549564329586
RP11-368L12.1	SRR9835749	3
RP11-368L12.1	SRR9835750	2.016596338926861
RP11-368L12.1	SRR9835751	2.0160960444861686
RP11-368L12.1	SRR9835752	3.121363536763392
RP11-368L12.1	SRR9835753	2.0209769722649593
RP11-368L12.1	SRR9835754	10.013658060526472
RP11-368L12.1	SRR9835755	3.0432508275678236
RP11-368L12.1	SRR9835756	1.0464063323203885
RP11-368L12.1	SRR9835757	6.023983978367143
RP11-368L12.1	SRR9835758	4.022921928305231
RP11-368L12.1	SRR9835759	1.0065088362437338
RP11-368L12.1	SRR9835760	5
RP11-368L12.1	SRR9835761	3.0005398828258563
RP11-368L12.1	SRR9835762	2.204743982964527
RP11-368L12.1	SRR9835763	3.0086957290098324
RP11-368L12.1	SRR9835764	3.0077795353792
RP11-368L12.1	SRR9835765	4.293207381193816
RP11-368L12.1	SRR9835766	3.0773567826833865
RP11-368L12.1	SRR9835767	3.110900402378363
RP11-368L12.1	SRR9835768	8
RP11-368L12.1	SRR9835769	6
RP11-368L12.1	SRR9835770	4.079588851016239
RP11-368L12.1	SRR9835771	8.04330587510435
RP11-368L12.1	SRR9835772	6.075045504220962
RP11-368L12.1	SRR9835773	8
RP11-368L12.1	SRR9835774	3.1053616220489353
RP11-368L12.1	SRR9835775	1.0050334605858329
RP11-368L12.1	SRR9835776	2.0063386668959495
RP11-368L12.1	SRR9835777	6.014685198144984
RP11-368L12.1	SRR9835778	8.033178445111355
RP11-368L12.1	SRR9835779	5.034990558589562
RP11-368L12.1	SRR9835780	5.007730063931715
RP11-368L12.1	SRR9835781	2.0504472672568923
RP11-368L12.1	SRR9835782	4.0198370853514644
RP11-368L12.1	SRR9835783	9
RP11-368L12.1	SRR9835784	4.016154679560582
RP11-368L12.1	SRR9835785	1.0438963484044135
RP11-368L12.1	SRR9835786	4.0385022726653546
RP11-368L12.1	SRR9835787	5.014041841469856
RP11-368L12.1	SRR9835788	5.008257210006363
RP11-368L12.1	SRR9835789	5
RP11-368L12.1	SRR9835790	1.0070872414225938
RP11-368L12.1	SRR9835791	2.0542522749296372
RP11-368L12.1	SRR9835792	6.949670159852968
RP11-368L12.1	SRR9835793	7.013869467851447
RP11-368L12.1	SRR9835794	8.001439687535616
RP11-368L12.1	SRR9835795	5.283900690283038
RP11-368L12.1	SRR9835796	1.0056787687252229
RP11-368L12.1	SRR9835797	11
RP11-368L12.1	SRR9835798	2.003092025572686
RP11-368L12.1	SRR9835799	9.017681084510327
RP11-368L12.1	SRR9835800	5.005691225430908
RP11-368L12.1	SRR9835801	3.015008190104737
RP11-368L12.1	SRR9835802	5.0198331542917085
RP11-368L12.1	SRR9867812	2
RP11-368L12.1	SRR9867813	9.572502158439782
RP11-368L12.1	SRR9867814	3.9153812884671355
RP11-368L12.1	SRR9867815	17
RP11-368L12.1	SRR9867816	15.008099699842592
RP11-368L12.1	SRR9867817	7.1141903404133355
RP11-368L12.1	SRR9867818	37.010554115224686
RP11-368L12.1	SRR9867819	1.0422191398357938
RP11-368L12.1	SRR9867820	20.046840400327238
RP11-368L12.1	SRR9867821	29
RP11-368L12.1	SRR9867822	3.0393997402938098
RP11-368L12.1	SRR9867823	19.00341925789709
RP11-368L12.1	SRR9867824	47.84172049497488
RP11-368L12.1	SRR9867825	29.45935134261244
RP11-368L12.1	SRR9867826	11.662904467724859
RP11-368L12.1	SRR9867827	51
RP11-368L12.1	SRR9867828	8.11969041236105
RP11-368L12.1	SRR9867829	66.04150979393245
RP11-368L12.1	SRR9867830	40.08047962858868
RP11-368L12.1	SRR9867831	11.017056822935409
RP11-368L12.1	SRR9879292	0.5354692422405893
RP11-368L12.1	SRR9879293	1.015288110518979
RP11-368L12.1	SRR9879294	1.0204975926045814
RP11-368L12.1	SRR9879295	1.0201804361038371
RP11-368L12.1	SRR9879296	1.0125162691935943
RP11-368L12.1	SRR9879297	1.0160326211514135
RP11-368L12.1	SRR9879298	1.0114727203258032
RP11-368L12.1	SRR9879299	1.004672692112038
RP11-368L12.1	SRR9879300	1.0154291543241525
RP11-368L12.1	SRR9879301	1.002412783311024
RP11-368L12.1	SRR9879302	1.0113873374009947
RP11-368L12.1	SRR9879303	1.0055495224370705
RP11-368L12.1	SRR9879304	1.0171630497984254
RP11-368L12.1	SRR9879305	1.0111215743846396
RP11-368L12.1	SRR9879306	1
RP11-368L12.1	SRR9879307	2.3443430141001618
RP11-368L12.1	SRR9879308	1.012128691075505
RP11-368L12.1	SRR9879309	1.0114738899666313
RP11-368L12.1	T50_307	1.006233098409452
RP11-368L12.1	T50_313	1.0171338971063077
RP11-368L12.1	T50_317	1.017912202260729
RP11-368L12.1	T50_324	1.0121465228691218
RP11-368L12.1	T50_427	1.0173634427914857
RP11-368L12.1	T50_428	7.054879641841998
RP11-368L12.1	T50_431	1.006184793499986
RP11-368L12.1	T50_436	1.0087154193912522
RP11-368L12.1	T50_476	1.008350698322557
RP11-368L12.1	UN_307	1.0133098244040084
RP11-368L12.1	UN_313	1.0145310136075893
RP11-368L12.1	UN_317	1.008356876549466
RP11-368L12.1	UN_324	1.0221880902289606
RP11-368L12.1	UN_427	1.0090657297142456
RP11-368L12.1	UN_428	2.0215855736356194
RP11-368L12.1	UN_431	1.010700365800461
RP11-368L12.1	UN_436	1.0085902616518891
RP11-368L12.1	UN_476	1.0102367475941127
