Gene	sample	counts
RP5-1024G6.5	CM317	1.0496947053399786
RP5-1024G6.5	CMCD140	1.0092852040017053
RP5-1024G6.5	CMCD147	1.0387377232738804
RP5-1024G6.5	CMCD152	7
RP5-1024G6.5	CMCD154	3.0291087791496993
RP5-1024G6.5	CMCD159	1.0826308846263835
RP5-1024G6.5	CMCD161	1.0030637444667863
RP5-1024G6.5	CMCD174	1.0883603953024104
RP5-1024G6.5	CMCD196	4.035493913056691
RP5-1024G6.5	CMCD198	1.027928565649914
RP5-1024G6.5	CMCD203	4.012716394205661
RP5-1024G6.5	CMCD211	0.8015566318744244
RP5-1024G6.5	CMCD227	2.4578856019750974
RP5-1024G6.5	CMCD240	3.7026835936853453
RP5-1024G6.5	CMCD259	13
RP5-1024G6.5	CMCD270	1.005170859507078
RP5-1024G6.5	CMCD275	1.0084289351631328
RP5-1024G6.5	CMCD282	1.0127082910163139
RP5-1024G6.5	CMCD286	1.8720519046644661
RP5-1024G6.5	CMCD287	6
RP5-1024G6.5	CMCD294	1.061130699852429
RP5-1024G6.5	CMCD327	10.050818994069227
RP5-1024G6.5	CMCD335	8.037237581271823
RP5-1024G6.5	CMCD337	3.0199073066241824
RP5-1024G6.5	CMCD357	1.0203676217787498
RP5-1024G6.5	CMCD398	4.023222386699665
RP5-1024G6.5	CMCD403	1.007131956762018
RP5-1024G6.5	CMCD422	5.010434137959086
RP5-1024G6.5	CMCD426	1.109996027604914
RP5-1024G6.5	CMCD71	1.0063256548892079
RP5-1024G6.5	CMCD72	1.1440405671509037
RP5-1024G6.5	CMCD76	6.01360298448737
RP5-1024G6.5	CMCD88	3.0005398828258563
RP5-1024G6.5	CMSA256	11
RP5-1024G6.5	CMSA316	14.112203972735538
RP5-1024G6.5	CMUC110	7
RP5-1024G6.5	CMUC192	2.0263076916238716
RP5-1024G6.5	CMUC199	1.0266064941522361
RP5-1024G6.5	CMUC200	1.0023284588262065
RP5-1024G6.5	CMUC208	1.0024434346676425
RP5-1024G6.5	CMUC231	3
RP5-1024G6.5	CMUC234	9
RP5-1024G6.5	CMUC285	3.032719927345234
RP5-1024G6.5	CMUC291	1.0065605922780039
RP5-1024G6.5	CMUC295	5.004500643137268
RP5-1024G6.5	CMUC299	2.0058278607852222
RP5-1024G6.5	CMUC301	3.0016199399685184
RP5-1024G6.5	CMUC307	2.005506119018947
RP5-1024G6.5	CMUC313	1.0406199795536664
RP5-1024G6.5	CMUC314	1.0531743294773983
RP5-1024G6.5	CMUC323	1.0232441215691963
RP5-1024G6.5	CMUC324	4.003600514509815
RP5-1024G6.5	CMUC331	1.008979678815539
RP5-1024G6.5	CMUC333	1.0226855040011238
RP5-1024G6.5	CMUC334	2.0295275562385857
RP5-1024G6.5	CMUC346	1.0107140402598958
RP5-1024G6.5	CMUC352	6.035717359556961
RP5-1024G6.5	CMUC360	21.026468544951264
RP5-1024G6.5	CMUC363	1.0255367303100333
RP5-1024G6.5	CMUC365	1.0065437279509373
RP5-1024G6.5	CMUC366	9.029474401897284
RP5-1024G6.5	CMUC368	5
RP5-1024G6.5	CMUC377	4.0162349211320345
RP5-1024G6.5	CMUC379	1.0664515526402574
RP5-1024G6.5	CMUC380	1.0176874450837656
RP5-1024G6.5	CMUC383	7.096488368136533
RP5-1024G6.5	CMUC394	1.007265338334756
RP5-1024G6.5	CMUC419	1.024221051989512
RP5-1024G6.5	CMUC427	14
RP5-1024G6.5	CMUC428	10.062427879425755
RP5-1024G6.5	CMUC431	11.020148701521109
RP5-1024G6.5	CMUC435	1.0048874606535836
RP5-1024G6.5	CMUC439	5.031589704017857
RP5-1024G6.5	CMUC89	8
RP5-1024G6.5	CS219	7.017132731169148
RP5-1024G6.5	CS256	10.022671640812284
RP5-1024G6.5	CS257	1.089979985878173
RP5-1024G6.5	CS259	4.006116929902354
RP5-1024G6.5	CS261	1.0227433496373879
RP5-1024G6.5	CS266	1.0344406863242126
RP5-1024G6.5	CS270	5.062896808264873
RP5-1024G6.5	CS277	8.491680851582661
RP5-1024G6.5	CS288	4.0356719093311995
RP5-1024G6.5	CS290	2.015870717654586
RP5-1024G6.5	CS292	1.0136016438843358
RP5-1024G6.5	CS293	5.079941939217332
RP5-1024G6.5	CS301	1.0255014806521223
RP5-1024G6.5	CS306	1.0369877958728642
RP5-1024G6.5	CS308	1.0254014198472583
RP5-1024G6.5	CS315	2.053167211086069
RP5-1024G6.5	CS317	10.691022518554174
RP5-1024G6.5	CS322	1.0131677901654654
RP5-1024G6.5	CS327	7.032797922975376
RP5-1024G6.5	CS328	24.22412393528874
RP5-1024G6.5	CS330	1.0732794536999326
RP5-1024G6.5	CS331	1.0183441621534113
RP5-1024G6.5	CS335	4.540792715406335
RP5-1024G6.5	CS338	4.117801450595797
RP5-1024G6.5	CS339	1.1642104248974183
RP5-1024G6.5	CS343	4.031725298198193
RP5-1024G6.5	CS344	1.0136851471582224
RP5-1024G6.5	CS350	7.152667992083999
RP5-1024G6.5	CS351	4.032867691110793
RP5-1024G6.5	CS361	1.0231543575157043
RP5-1024G6.5	CS388	1.0331387058791355
RP5-1024G6.5	CS396	7.074124550888088
RP5-1024G6.5	CS405	1.023931692107002
RP5-1024G6.5	CS415	1.0725849893611923
RP5-1024G6.5	CS424	1.0352517578472156
RP5-1024G6.5	IM293	2.010553340593664
RP5-1024G6.5	IM296	1.064463289332191
RP5-1024G6.5	IM297	1.0944885764691814
RP5-1024G6.5	IM300	7
RP5-1024G6.5	IM305	3.02965023141011
RP5-1024G6.5	IM309	1.0649644397817766
RP5-1024G6.5	IM310	3.040132015588738
RP5-1024G6.5	IM311	1.0123286697107707
RP5-1024G6.5	IM316	3.0151029850120796
RP5-1024G6.5	IM320	1.0454213547260982
RP5-1024G6.5	IM330	6.06071200865196
RP5-1024G6.5	IM332	12.349084946071606
RP5-1024G6.5	IM340	1.0535879064802887
RP5-1024G6.5	IM348	1.034853198121328
RP5-1024G6.5	IM354	1.007131956762018
RP5-1024G6.5	IM356	22.175262435764925
RP5-1024G6.5	IM364	2.033626415109988
RP5-1024G6.5	IM372	8.811011232275069
RP5-1024G6.5	IM374	1.0474599361127908
RP5-1024G6.5	IM376	2.028159069170938
RP5-1024G6.5	IM381	9.11080270951126
RP5-1024G6.5	IM382	2.0615362122906893
RP5-1024G6.5	IM385	7
RP5-1024G6.5	IM390	1.0273630104120455
RP5-1024G6.5	IM397	7.077882031137881
RP5-1024G6.5	IM404	2.0057329238683876
RP5-1024G6.5	IM409	1.0056553730873352
RP5-1024G6.5	IM412	8
RP5-1024G6.5	IM421	1.0155577247460867
RP5-1024G6.5	IM425	16.832054078553163
RP5-1024G6.5	IM432	1.0393271099875068
RP5-1024G6.5	IM438	3
RP5-1024G6.5	IM442	1.0408884293487235
RP5-1024G6.5	IM445	2.022574932267631
RP5-1024G6.5	IM448	1.021809713154857
RP5-1024G6.5	IM449	3.024968377741516
RP5-1024G6.5	IM451	3.015337897135953
RP5-1024G6.5	IMSA256	8.03244393796595
RP5-1024G6.5	IMSA276	4
RP5-1024G6.5	IMSA286	7
RP5-1024G6.5	IMSA343	1.0123997266953233
RP5-1024G6.5	IS_238	8
RP5-1024G6.5	IS238	13.812970409195648
RP5-1024G6.5	IS243	18
RP5-1024G6.5	IS253	4
RP5-1024G6.5	IS283	4
RP5-1024G6.5	IS322	4.041252747188131
RP5-1024G6.5	IS399	3.0208202212275226
RP5-1024G6.5	IS418	1.0908267191361551
RP5-1024G6.5	IS430	1.0818719286848866
RP5-1024G6.5	IS437	2.1583165477967206
RP5-1024G6.5	IS444	2.0733628806533115
RP5-1024G6.5	R276CMSA	1.061719097392973
RP5-1024G6.5	R286CMSA	3
RP5-1024G6.5	R292CMSA	5.020736528194597
RP5-1024G6.5	R292IMSA	1.073657155188672
RP5-1024G6.5	R308CMSA	1.06717128675431
RP5-1024G6.5	R316IMSA	1.0192539459593348
RP5-1024G6.5	R347CMSA	1.063497692354949
RP5-1024G6.5	R347IMSA	4.248792587211509
RP5-1024G6.5	R371CMSA	1.003980508346738
RP5-1024G6.5	SRR10104064	1.1094515272513297
RP5-1024G6.5	SRR10104065	1.0058572527884204
RP5-1024G6.5	SRR10104066	1.0187395055126454
RP5-1024G6.5	SRR10104067	1.023057146473477
RP5-1024G6.5	SRR10104068	1.0046558594156214
RP5-1024G6.5	SRR10104069	2.0229145397657984
RP5-1024G6.5	SRR10104070	1.0293904998541934
RP5-1024G6.5	SRR10104071	1.1606052908522344
RP5-1024G6.5	SRR10104072	1.0698874845957154
RP5-1024G6.5	SRR10104073	1.044654039124863
RP5-1024G6.5	SRR10104074	1.095822342836796
RP5-1024G6.5	SRR10104075	1.1510100695372476
RP5-1024G6.5	SRR10104076	1.0276547583233047
RP5-1024G6.5	SRR10104077	1.100777777658168
RP5-1024G6.5	SRR10104078	1.0414272361609767
RP5-1024G6.5	SRR10104079	1.0895071357309336
RP5-1024G6.5	SRR10104080	1.121518162035866
RP5-1024G6.5	SRR10104081	1.0158440725472526
RP5-1024G6.5	SRR10104082	1.0822514404163561
RP5-1024G6.5	SRR10104083	1.0631988390336564
RP5-1024G6.5	SRR10104084	1.067846735357961
RP5-1024G6.5	SRR10104085	1.0222173271187234
RP5-1024G6.5	SRR10104086	1.024784508800748
RP5-1024G6.5	SRR10104087	1.0032000079380652
RP5-1024G6.5	SRR10104088	1.0091134916012459
RP5-1024G6.5	SRR10104089	1.1347456128596176
RP5-1024G6.5	SRR10104090	1.0263035277348909
RP5-1024G6.5	SRR10104091	1.0420863331254986
RP5-1024G6.5	SRR10104092	1.0127338855518124
RP5-1024G6.5	SRR10104093	1.034297644620457
RP5-1024G6.5	SRR10104094	1.0340224493748036
RP5-1024G6.5	SRR10104095	1.0540616053506102
RP5-1024G6.5	SRR10104096	1.145718575159829
RP5-1024G6.5	SRR10104097	1.0631209277390947
RP5-1024G6.5	SRR10104098	1.0297617779816932
RP5-1024G6.5	SRR10104099	1.0474771062612767
RP5-1024G6.5	SRR10104100	1.0290641027802212
RP5-1024G6.5	SRR10104101	1.0055761585433334
RP5-1024G6.5	SRR10104102	1.0153169306923229
RP5-1024G6.5	SRR10104103	1.05208117298879
RP5-1024G6.5	SRR10104104	1.0154976077084612
RP5-1024G6.5	SRR10104105	1.0808351888270706
RP5-1024G6.5	SRR10104106	1.1304558697538387
RP5-1024G6.5	SRR10104107	1.00957560699629
RP5-1024G6.5	SRR10104108	1.0068572159530078
RP5-1024G6.5	SRR10104109	2.2367929995383564
RP5-1024G6.5	SRR10104110	1.1898566945611233
RP5-1024G6.5	SRR10104111	1.0327102204719922
RP5-1024G6.5	SRR10104112	1.186621143391241
RP5-1024G6.5	SRR10104113	1.0358394085966935
RP5-1024G6.5	SRR10104114	1.1728061185225533
RP5-1024G6.5	SRR10104115	1.14422200397898
RP5-1024G6.5	SRR10104116	1.0467296948207412
RP5-1024G6.5	SRR10104117	1.038848634824914
RP5-1024G6.5	SRR10104118	1.143352850751477
RP5-1024G6.5	SRR10104119	1.1898188257203337
RP5-1024G6.5	SRR10104120	1.0270705483762537
RP5-1024G6.5	SRR10104121	1.0817747165060128
RP5-1024G6.5	SRR10104122	1.0894989096112995
RP5-1024G6.5	SRR10104123	1.082048079369872
RP5-1024G6.5	SRR10104124	1.1164136874736872
RP5-1024G6.5	SRR10104125	1.0998082352268765
RP5-1024G6.5	SRR10104126	1.0394547176893827
RP5-1024G6.5	SRR10104127	1.1858382433832468
RP5-1024G6.5	SRR10104128	1.0287766983431799
RP5-1024G6.5	SRR10104129	1.026295765603751
RP5-1024G6.5	SRR10104130	1.041146918346077
RP5-1024G6.5	SRR10104131	1.0113290464541402
RP5-1024G6.5	SRR10104132	1.007213437136861
RP5-1024G6.5	SRR10104133	1.1637684274221152
RP5-1024G6.5	SRR10104134	1.0301069188305016
RP5-1024G6.5	SRR10104135	1.100806080320317
RP5-1024G6.5	SRR10104136	1.015016246826139
RP5-1024G6.5	SRR10104137	1.107740379806039
RP5-1024G6.5	SRR10104138	1.195501466366171
RP5-1024G6.5	SRR10104139	1.011356708865119
RP5-1024G6.5	SRR10104140	1.1423063013482577
RP5-1024G6.5	SRR10104141	1.059516503163875
RP5-1024G6.5	SRR10104142	1.0513197704930992
RP5-1024G6.5	SRR10104143	1.0081784003065664
RP5-1024G6.5	SRR10104144	1.0594651714413874
RP5-1024G6.5	SRR10104145	1.0623428698869635
RP5-1024G6.5	SRR10104146	1.009621630502804
RP5-1024G6.5	SRR10104147	1.001709468619657
RP5-1024G6.5	SRR10104148	1.0516475471177122
RP5-1024G6.5	SRR10104149	1.0467449900052073
RP5-1024G6.5	SRR10104150	1.0116270753464878
RP5-1024G6.5	SRR10104151	1.0076559805417438
RP5-1024G6.5	SRR10104152	1.0056216750483238
RP5-1024G6.5	SRR10104153	1.1019297495172091
RP5-1024G6.5	SRR10104154	1.0305255485236042
RP5-1024G6.5	SRR10104155	1.0878745919585404
RP5-1024G6.5	SRR10104156	1.0040587302830086
RP5-1024G6.5	SRR10104157	1.048915508528946
RP5-1024G6.5	SRR10104158	1.020515544249276
RP5-1024G6.5	SRR10104159	1.0126004669704767
RP5-1024G6.5	SRR10104160	1.1246452493735022
RP5-1024G6.5	SRR10104161	1.0017262519502124
RP5-1024G6.5	SRR10104162	1.0203379943833408
RP5-1024G6.5	SRR10104163	1.0300988116116585
RP5-1024G6.5	SRR10104164	1.0196346259197715
RP5-1024G6.5	SRR10104165	1.0382728925974472
RP5-1024G6.5	SRR10104166	1.0407462625761652
RP5-1024G6.5	SRR10104167	1.0225819466033605
RP5-1024G6.5	SRR10104168	1.028619155105796
RP5-1024G6.5	SRR10104169	1.0246876051078921
RP5-1024G6.5	SRR10104170	1.0300621533967607
RP5-1024G6.5	SRR10104171	1.0239774453836796
RP5-1024G6.5	SRR10104172	1.0338434316089917
RP5-1024G6.5	SRR10104173	1.0603886751096372
RP5-1024G6.5	SRR10104174	1.0338308135451142
RP5-1024G6.5	SRR10104175	1.0224777066753272
RP5-1024G6.5	SRR10104176	1.02249117212648
RP5-1024G6.5	SRR10104177	1.0253301392642815
RP5-1024G6.5	SRR10104178	1.0384147366527665
RP5-1024G6.5	SRR10104179	1.0346450273897643
RP5-1024G6.5	SRR10104180	1.0219501836121274
RP5-1024G6.5	SRR10104181	1.0267665308530658
RP5-1024G6.5	SRR10104182	1.035134385886849
RP5-1024G6.5	SRR10104183	1.0476481310619528
RP5-1024G6.5	SRR10104184	1.0212735079721074
RP5-1024G6.5	SRR10104185	1.063606994083587
RP5-1024G6.5	SRR10104186	1.0329452604392448
RP5-1024G6.5	SRR10104187	1.0769831789043174
RP5-1024G6.5	SRR10104188	1.0538655428853925
RP5-1024G6.5	SRR10104189	1.0595562598302013
RP5-1024G6.5	SRR10104190	1.1456942406975419
RP5-1024G6.5	SRR10104191	1.1375415852920412
RP5-1024G6.5	SRR10104192	1.026052966107226
RP5-1024G6.5	SRR10104193	1.039842399081235
RP5-1024G6.5	SRR10104194	1.0428799048858834
RP5-1024G6.5	SRR10104195	1.041874169755153
RP5-1024G6.5	SRR10104196	1.0406484493629597
RP5-1024G6.5	SRR10104197	1.016827778198725
RP5-1024G6.5	SRR10104198	1.025845924075245
RP5-1024G6.5	SRR10104199	1.0822812473676409
RP5-1024G6.5	SRR10104200	1.0353416618928366
RP5-1024G6.5	SRR10104201	1.0262034008940275
RP5-1024G6.5	SRR10104202	1.0661565199682426
RP5-1024G6.5	SRR10104203	1.0226367394548255
RP5-1024G6.5	SRR10104204	1.0313459546081654
RP5-1024G6.5	SRR10104205	1.0268650017331544
RP5-1024G6.5	SRR10104206	1.0287660812770658
RP5-1024G6.5	SRR10104207	1.0327220098173928
RP5-1024G6.5	SRR10104208	1.0176351169212208
RP5-1024G6.5	SRR10104209	1.0231628517195777
RP5-1024G6.5	SRR10104210	1.0263049337229564
RP5-1024G6.5	SRR10104211	1.0187630485926629
RP5-1024G6.5	SRR10104212	1.0187543126316272
RP5-1024G6.5	SRR10104213	1.058921503370994
RP5-1024G6.5	SRR10104214	1.0299744390521086
RP5-1024G6.5	SRR10104215	1.0107140402598958
RP5-1024G6.5	SRR10104216	1.060640170595656
RP5-1024G6.5	SRR10104217	1.02491390827642
RP5-1024G6.5	SRR10104218	1.0636360366675373
RP5-1024G6.5	SRR10104219	1.0633498186525099
RP5-1024G6.5	SRR10104220	1.03511691930575
RP5-1024G6.5	SRR10104221	1.0872363603035893
RP5-1024G6.5	SRR10104222	1.0381384685659298
RP5-1024G6.5	SRR10104223	1.1766327257469633
RP5-1024G6.5	SRR10104224	1.0253851067334427
RP5-1024G6.5	SRR10104225	1.0314165053623716
RP5-1024G6.5	SRR10104226	1.0388893560726131
RP5-1024G6.5	SRR10104227	1.074938615735897
RP5-1024G6.5	SRR10104228	1.1189120562490085
RP5-1024G6.5	SRR10104229	1.0371677751979662
RP5-1024G6.5	SRR10104230	1.101165214661461
RP5-1024G6.5	SRR10104231	1.0760855121352966
RP5-1024G6.5	SRR10104232	1.0597726421651714
RP5-1024G6.5	SRR10104233	1.0718133708527031
RP5-1024G6.5	SRR10104234	1.0233588556108677
RP5-1024G6.5	SRR10104235	1.043603481105794
RP5-1024G6.5	SRR10104236	1.0093078766201782
RP5-1024G6.5	SRR10104237	1.0184909964241078
RP5-1024G6.5	SRR10104238	1.0703034082552154
RP5-1024G6.5	SRR10104239	1.0611784078973197
RP5-1024G6.5	SRR10104240	1.0723812048685664
RP5-1024G6.5	SRR10104241	1.0400598513679928
RP5-1024G6.5	SRR10104242	1.063845639897752
RP5-1024G6.5	SRR10104243	1.06730685614599
RP5-1024G6.5	SRR10104244	1.039511551636178
RP5-1024G6.5	SRR10104245	1.040779809770632
RP5-1024G6.5	SRR10104246	1.1058002069903252
RP5-1024G6.5	SRR10104247	1.0564288046419525
RP5-1024G6.5	SRR10104248	1.0740857704182307
RP5-1024G6.5	SRR10104249	1.0271816644146015
RP5-1024G6.5	SRR10104250	1.153013547676236
RP5-1024G6.5	SRR10104251	1.0466047478518792
RP5-1024G6.5	SRR10104252	1.1796947867396619
RP5-1024G6.5	SRR10104253	1.0961853754741664
RP5-1024G6.5	SRR10104254	1.0372141130641137
RP5-1024G6.5	SRR10104255	1.0309957549391915
RP5-1024G6.5	SRR10104256	1.0293845436631004
RP5-1024G6.5	SRR10104257	1.037517112746005
RP5-1024G6.5	SRR10104258	1.0307926732391595
RP5-1024G6.5	SRR10224277	8.195338450324142
RP5-1024G6.5	SRR10224278	1.0926635070500108
RP5-1024G6.5	SRR10224279	1.089250843220296
RP5-1024G6.5	SRR10224280	1.0227917534671278
RP5-1024G6.5	SRR10224281	1.0161102598101706
RP5-1024G6.5	SRR10224282	1.0501757282099426
RP5-1024G6.5	SRR10224283	1.042245924204279
RP5-1024G6.5	SRR10224284	1.1092008744415571
RP5-1024G6.5	SRR10224285	1.1279661106950958
RP5-1024G6.5	SRR10224286	1.0254224279077875
RP5-1024G6.5	SRR10224287	1.033803410459708
RP5-1024G6.5	SRR10224288	1.0962707234129587
RP5-1024G6.5	SRR10224289	1.0935047184878017
RP5-1024G6.5	SRR10224290	1.095529172881304
RP5-1024G6.5	SRR10224291	2.0624226999797406
RP5-1024G6.5	SRR10224292	5.059290952663988
RP5-1024G6.5	SRR10224293	3.091857781067434
RP5-1024G6.5	SRR10224294	1.0580047935764523
RP5-1024G6.5	SRR10224295	1.0860783600082067
RP5-1024G6.5	SRR10224296	1.0547229540206002
RP5-1024G6.5	SRR10224297	1.1274808217665389
RP5-1024G6.5	SRR10224298	1.0332224020270313
RP5-1024G6.5	SRR10318388	3.0220074782415507
RP5-1024G6.5	SRR10318389	4.01881365028479
RP5-1024G6.5	SRR10318390	2.0246044227775393
RP5-1024G6.5	SRR10318391	8.094813313304664
RP5-1024G6.5	SRR10318392	8.11084261313833
RP5-1024G6.5	SRR10318393	5.014041841469856
RP5-1024G6.5	SRR10318394	9.11860140349563
RP5-1024G6.5	SRR10318395	13.0574197819954
RP5-1024G6.5	SRR10318396	2.0158985823481257
RP5-1024G6.5	SRR10318397	9.052375496244387
RP5-1024G6.5	SRR10318398	4.013699206178134
RP5-1024G6.5	SRR10318399	4.20042978320807
RP5-1024G6.5	SRR10318400	9.132980809357653
RP5-1024G6.5	SRR10318401	2.007210757633995
RP5-1024G6.5	SRR10318402	6.025252292196069
RP5-1024G6.5	SRR10318403	5.02404587077231
RP5-1024G6.5	SRR10318404	5.008631259751061
RP5-1024G6.5	SRR10318405	5.012016596696184
RP5-1024G6.5	SRR10318406	8.036266266614941
RP5-1024G6.5	SRR10318407	7.06868729588319
RP5-1024G6.5	SRR10318408	9.027024287446613
RP5-1024G6.5	SRR10318409	5.015762629697215
RP5-1024G6.5	SRR10318410	8.03244393796595
RP5-1024G6.5	SRR10318411	7.0254560252068545
RP5-1024G6.5	SRR10318412	23.110998216651243
RP5-1024G6.5	SRR10318413	4.0152667277289185
RP5-1024G6.5	SRR10318414	4.023578483318934
RP5-1024G6.5	SRR10318415	4.025912242323104
RP5-1024G6.5	SRR10318416	6.059409322655136
RP5-1024G6.5	SRR10318417	7.050096070563396
RP5-1024G6.5	SRR10318418	3.0112412663683554
RP5-1024G6.5	SRR10318419	1.0039837461421828
RP5-1024G6.5	SRR10318420	5.009005337432267
RP5-1024G6.5	SRR10318421	6.028461719684271
RP5-1024G6.5	SRR10318422	10.020868275918172
RP5-1024G6.5	SRR10318423	11.016183379276347
RP5-1024G6.5	SRR10318424	7.01460779314272
RP5-1024G6.5	SRR10318425	12.077796054128932
RP5-1024G6.5	SRR10318426	2.1906828557814144
RP5-1024G6.5	SRR10318427	1.108018223770156
RP5-1024G6.5	SRR10318428	8.010547286942332
RP5-1024G6.5	SRR10318429	7.02788622299528
RP5-1024G6.5	SRR10318430	4.034398896723305
RP5-1024G6.5	SRR10318431	13.066951608381206
RP5-1024G6.5	SRR10318432	12.02014607646309
RP5-1024G6.5	SRR10318433	1.2750020383966563
RP5-1024G6.5	SRR10318434	10.030469387273355
RP5-1024G6.5	SRR10318435	14.08314583911018
RP5-1024G6.5	SRR10318436	9.02460129778321
RP5-1024G6.5	SRR10318437	11.007920419174422
RP5-1024G6.5	SRR10318438	9.011343662121972
RP5-1024G6.5	SRR10318439	5.020501437141639
RP5-1024G6.5	SRR10318440	17.267475854291867
RP5-1024G6.5	SRR10318441	9.024848143486786
RP5-1024G6.5	SRR10318442	6.17179824483506
RP5-1024G6.5	SRR10318443	8.018222286193916
RP5-1024G6.5	SRR10318444	17.144320489297677
RP5-1024G6.5	SRR10318445	3.0361495213289524
RP5-1024G6.5	SRR10318446	3.011849429974691
RP5-1024G6.5	SRR10318447	6.062560789287728
RP5-1024G6.5	SRR10318448	4.027649631420747
RP5-1024G6.5	SRR10318449	7.01460779314272
RP5-1024G6.5	SRR10318450	9.046689307489448
RP5-1024G6.5	SRR10318451	12
RP5-1024G6.5	SRR10318452	6.0375401813610905
RP5-1024G6.5	SRR10318453	5.099020119621093
RP5-1024G6.5	SRR10318454	4.019003871910387
RP5-1024G6.5	SRR10318455	8.048138904262963
RP5-1024G6.5	SRR10318456	2.0131211845560077
RP5-1024G6.5	SRR10318457	8.012368102290743
RP5-1024G6.5	SRR10318458	5.063465308689596
RP5-1024G6.5	SRR10318459	4.025783294982244
RP5-1024G6.5	SRR10318460	9.035699677725075
RP5-1024G6.5	SRR10318461	7.024595304821223
RP5-1024G6.5	SRR10318462	7.046665845520162
RP5-1024G6.5	SRR10318463	7.021660910097549
RP5-1024G6.5	SRR10318464	7.043368196975086
RP5-1024G6.5	SRR10318465	10.009001286274536
RP5-1024G6.5	SRR10318466	7.065592866227521
RP5-1024G6.5	SRR10318467	4.02024380318637
RP5-1024G6.5	SRR10318468	5.0486715606641175
RP5-1024G6.5	SRR10318469	9.031622534770143
RP5-1024G6.5	SRR10318470	12
RP5-1024G6.5	SRR10318471	1
RP5-1024G6.5	SRR10318472	5.022000389482309
RP5-1024G6.5	SRR10318473	5.019374169925088
RP5-1024G6.5	SRR10318474	7.029246070231227
RP5-1024G6.5	SRR10318475	7.027981308095001
RP5-1024G6.5	SRR10318476	5.017874929737533
RP5-1024G6.5	SRR10318495	5.005401257787007
RP5-1024G6.5	SRR10318496	5.044027241445687
RP5-1024G6.5	SRR10318497	3.01641094869248
RP5-1024G6.5	SRR10318498	7.0063009003921755
RP5-1024G6.5	SRR10318499	4.004021959409747
RP5-1024G6.5	SRR10318500	4.022923106893468
RP5-1024G6.5	SRR10318501	7.033782065937335
RP5-1024G6.5	SRR10318502	4.002159919958025
RP5-1024G6.5	SRR10318503	8.014408539891626
RP5-1024G6.5	SRR10318504	6.039629935983576
RP5-1024G6.5	SRR10318505	7.003779859926543
RP5-1024G6.5	SRR10318506	7.083438427570166
RP5-1024G6.5	SRR10318507	3.035922778553447
RP5-1024G6.5	SRR10318508	7.216779118558955
RP5-1024G6.5	SRR10318509	8.054748749395934
RP5-1024G6.5	SRR10318510	5.039639937543585
RP5-1024G6.5	SRR10318511	12.015124882829294
RP5-1024G6.5	SRR10318512	5.0380856021639
RP5-1024G6.5	SRR10318513	4.013222445052914
RP5-1024G6.5	SRR10318514	6.027585972719461
RP5-1024G6.5	SRR10318515	2.0238612175839314
RP5-1024G6.5	SRR10318516	4.023701514610064
RP5-1024G6.5	SRR10318517	5.013139672132322
RP5-1024G6.5	SRR10318518	2.0143462618493038
RP5-1024G6.5	SRR10318519	5.023596125996876
RP5-1024G6.5	SRR10318520	10.019813525502068
RP5-1024G6.5	SRR10318521	8.02895401049544
RP5-1024G6.5	SRR10318522	11.015023866579119
RP5-1024G6.5	SRR10318523	5.011335820406142
RP5-1024G6.5	SRR10318524	5.038373113083276
RP5-1024G6.5	SRR10318525	12.074380882381702
RP5-1024G6.5	SRR10318526	8.05212957746861
RP5-1024G6.5	SRR10318527	10.003599542698447
RP5-1024G6.5	SRR10318528	20.050725199115227
RP5-1024G6.5	SRR10318529	5.011335820406142
RP5-1024G6.5	SRR10318530	4.0269613242978135
RP5-1024G6.5	SRR10318531	4.0356719093311995
RP5-1024G6.5	SRR10318532	6.049522186391308
RP5-1024G6.5	SRR10318533	12.278288594936706
RP5-1024G6.5	SRR10318534	6.1053993638168915
RP5-1024G6.5	SRR10318535	3.0464928231253836
RP5-1024G6.5	SRR10318536	5.020277461228718
RP5-1024G6.5	SRR10318537	5.054207516083477
RP5-1024G6.5	SRR10318538	9.016485301244543
RP5-1024G6.5	SRR10318539	5.036083426791836
RP5-1024G6.5	SRR10318540	2.010900455270923
RP5-1024G6.5	SRR10318541	3.0212714677113715
RP5-1024G6.5	SRR10318542	5.040170442658037
RP5-1024G6.5	SRR10318543	5.05003931274552
RP5-1024G6.5	SRR10318544	4.009912741773379
RP5-1024G6.5	SRR10318545	1.0086306245764651
RP5-1024G6.5	SRR10318546	3.00432178400522
RP5-1024G6.5	SRR10318547	5.019765238440039
RP5-1024G6.5	SRR10318548	3.014519696360737
RP5-1024G6.5	SRR10318549	8.055001998844435
RP5-1024G6.5	SRR10318568	6.018915155636658
RP5-1024G6.5	SRR10318569	8.00660304299404
RP5-1024G6.5	SRR10318570	5.053177979604027
RP5-1024G6.5	SRR10318571	6.004952282245531
RP5-1024G6.5	SRR10318572	5.023754839887984
RP5-1024G6.5	SRR10318573	5.007356081489249
RP5-1024G6.5	SRR10318574	11.026738113698684
RP5-1024G6.5	SRR10318575	3.0140912128695265
RP5-1024G6.5	SRR10318576	4.01722832014637
RP5-1024G6.5	SRR10318577	5.014485635816032
RP5-1024G6.5	SRR10318578	10.009001286274536
RP5-1024G6.5	SRR10318579	10.03152525939443
RP5-1024G6.5	SRR10318580	13.017755478684414
RP5-1024G6.5	SRR10318581	5
RP5-1024G6.5	SRR10875803	3.2446003756359816
RP5-1024G6.5	SRR10875804	3.8688990809987365
RP5-1024G6.5	SRR10875805	2.5970335942963754
RP5-1024G6.5	SRR10875806	4.315706117413962
RP5-1024G6.5	SRR10875807	4.803453000697601
RP5-1024G6.5	SRR10875808	5.453600884667482
RP5-1024G6.5	SRR10875809	7.587131487156832
RP5-1024G6.5	SRR10875810	8.132817517575994
RP5-1024G6.5	SRR10875812	3
RP5-1024G6.5	SRR10875813	8.905816886249063
RP5-1024G6.5	SRR10875814	5.019986648639287
RP5-1024G6.5	SRR10875815	5
RP5-1024G6.5	SRR10875816	5
RP5-1024G6.5	SRR10875817	12.275693520365866
RP5-1024G6.5	SRR10875818	3.612185548127571
RP5-1024G6.5	SRR10875819	2
RP5-1024G6.5	SRR10875820	3.100890179441433
RP5-1024G6.5	SRR10875821	11.371726023023697
RP5-1024G6.5	SRR10875822	2.5502988291100213
RP5-1024G6.5	SRR10875823	6
RP5-1024G6.5	SRR10875824	7.2388077272969475
RP5-1024G6.5	SRR10875825	3.0052706469430905
RP5-1024G6.5	SRR10875826	4.209164071840265
RP5-1024G6.5	SRR10875827	7.014680156469372
RP5-1024G6.5	SRR10875829	9.762909991892776
RP5-1024G6.5	SRR10875830	4
RP5-1024G6.5	SRR10875831	1.0035717494702923
RP5-1024G6.5	SRR10875832	3
RP5-1024G6.5	SRR10875834	4.013345159681459
RP5-1024G6.5	SRR10875835	5
RP5-1024G6.5	SRR10875836	5.625104560388599
RP5-1024G6.5	SRR10875837	1.6054067879693428
RP5-1024G6.5	SRR10875838	1
RP5-1024G6.5	SRR10875839	6.647927888992764
RP5-1024G6.5	SRR10875840	2.436754599310849
RP5-1024G6.5	SRR10875841	3.0114500457966886
RP5-1024G6.5	SRR10875842	4.851565676948526
RP5-1024G6.5	SRR10875843	8.82074714836302
RP5-1024G6.5	SRR10875844	4.799268532403949
RP5-1024G6.5	SRR10875845	1.8009546751183771
RP5-1024G6.5	SRR10875846	4.80500829920416
RP5-1024G6.5	SRR10875847	6.021632272901985
RP5-1024G6.5	SRR10875848	8
RP5-1024G6.5	SRR10875849	5.7663489346189944
RP5-1024G6.5	SRR10875850	2.000359921883904
RP5-1024G6.5	SRR10875851	7.841204094230028
RP5-1024G6.5	SRR10875852	3.22738277348838
RP5-1024G6.5	SRR10875853	4.008769254945652
RP5-1024G6.5	SRR10875854	4.19281931346007
RP5-1024G6.5	SRR10875855	5.83094806012834
RP5-1024G6.5	SRR10875856	6.0613257562114224
RP5-1024G6.5	SRR10875857	2.3144687487669193
RP5-1024G6.5	SRR10875858	10.237688391541235
RP5-1024G6.5	SRR10875859	5
RP5-1024G6.5	SRR10875860	6.526066699460261
RP5-1024G6.5	SRR10875861	6.490941923296109
RP5-1024G6.5	SRR10875862	4.057768246646489
RP5-1024G6.5	SRR10875863	4.021656545455686
RP5-1024G6.5	SRR10875864	2
RP5-1024G6.5	SRR10875865	8.428758251468421
RP5-1024G6.5	SRR10875866	2.9624342392437084
RP5-1024G6.5	SRR10875867	6.705581612242684
RP5-1024G6.5	SRR10875868	1.8420590371729382
RP5-1024G6.5	SRR10875869	4
RP5-1024G6.5	SRR10875870	4.044551593178276
RP5-1024G6.5	SRR10875871	5.000899804709761
RP5-1024G6.5	SRR10875872	4.081429956060716
RP5-1024G6.5	SRR10875873	5.623893820910809
RP5-1024G6.5	SRR10875874	2.9198054285863106
RP5-1024G6.5	SRR10875875	4.927677376755219
RP5-1024G6.5	SRR10875876	7
RP5-1024G6.5	SRR10875877	8.859153932759389
RP5-1024G6.5	SRR10875878	4.031673885867307
RP5-1024G6.5	SRR10875879	9
RP5-1024G6.5	SRR10875880	4.015989318911429
RP5-1024G6.5	SRR10875881	2.3317175735079756
RP5-1024G6.5	SRR10875882	3
RP5-1024G6.5	SRR10875883	4.025751135186134
RP5-1024G6.5	SRR10875884	2.9144720000396176
RP5-1024G6.5	SRR10875885	5.009158500691413
RP5-1024G6.5	SRR10875886	6.045149938679444
RP5-1024G6.5	SRR10875887	10
RP5-1024G6.5	SRR10875888	1.0282214633828897
RP5-1024G6.5	SRR10875889	3.0066972618616625
RP5-1024G6.5	SRR10875890	7.0153461961548915
RP5-1024G6.5	SRR10875891	7
RP5-1024G6.5	SRR10875892	4.9659725044428
RP5-1024G6.5	SRR10875893	27
RP5-1024G6.5	SRR10875894	14.51816606158691
RP5-1024G6.5	SRR10875895	20
RP5-1024G6.5	SRR10875896	11.110874092534052
RP5-1024G6.5	SRR10875897	9.022977514250533
RP5-1024G6.5	SRR10875898	49.18159269849141
RP5-1024G6.5	SRR10875899	8.064682743559715
RP5-1024G6.5	SRR10875900	2.007471071821922
RP5-1024G6.5	SRR10875901	7.0153461961548915
RP5-1024G6.5	SRR10875902	4.018441546501731
RP5-1024G6.5	SRR12430469	6
RP5-1024G6.5	SRR12430470	4.240829110797453
RP5-1024G6.5	SRR12430471	3.880019493174524
RP5-1024G6.5	SRR12430472	8.642556238268101
RP5-1024G6.5	SRR12430473	13
RP5-1024G6.5	SRR12430474	8.134637173153864
RP5-1024G6.5	SRR12430475	3.2503009236864786
RP5-1024G6.5	SRR12430476	5
RP5-1024G6.5	SRR12765534	4
RP5-1024G6.5	SRR12765535	9.02365140983818
RP5-1024G6.5	SRR12765536	6.027846631076649
RP5-1024G6.5	SRR12765537	1.0041780100330324
RP5-1024G6.5	SRR12765538	4.136828694247197
RP5-1024G6.5	SRR12765539	2.062066790271604
RP5-1024G6.5	SRR12765540	10.031250879275094
RP5-1024G6.5	SRR12765541	10.094847905369882
RP5-1024G6.5	SRR12765542	9
RP5-1024G6.5	SRR12765543	5.081239989432922
RP5-1024G6.5	SRR12765544	6.069148389657901
RP5-1024G6.5	SRR12765545	1.009281141666664
RP5-1024G6.5	SRR12765546	6.181040192289504
RP5-1024G6.5	SRR12765547	6.048275622104381
RP5-1024G6.5	SRR12765548	2.0408834374166
RP5-1024G6.5	SRR12765549	2.01521747359897
RP5-1024G6.5	SRR12765550	6.2403770093099284
RP5-1024G6.5	SRR12765551	6.081410942696406
RP5-1024G6.5	SRR12765552	1.0414272361609767
RP5-1024G6.5	SRR12765553	4.177297250375519
RP5-1024G6.5	SRR12765554	3.095502761119098
RP5-1024G6.5	SRR12765555	6.1242836421958575
RP5-1024G6.5	SRR12765556	8.12291389131036
RP5-1024G6.5	SRR12765557	4.041950454687226
RP5-1024G6.5	SRR12765558	2.102990480207401
RP5-1024G6.5	SRR12765559	7.013345664850639
RP5-1024G6.5	SRR12765560	1.0189547489838953
RP5-1024G6.5	SRR12765561	8.02271225397297
RP5-1024G6.5	SRR12765562	6.092900665512372
RP5-1024G6.5	SRR12765563	6.043770033919074
RP5-1024G6.5	SRR12765564	3.0062604827754513
RP5-1024G6.5	SRR12765565	7.029771060779384
RP5-1024G6.5	SRR12765566	6.042580497699643
RP5-1024G6.5	SRR12765567	9.118968993736669
RP5-1024G6.5	SRR12765568	5.051395183509315
RP5-1024G6.5	SRR12765569	9.103321058113893
RP5-1024G6.5	SRR12765570	11.078330172061774
RP5-1024G6.5	SRR12765571	11.122942106161881
RP5-1024G6.5	SRR12765572	3.0197520269249245
RP5-1024G6.5	SRR12765573	4.136848137936278
RP5-1024G6.5	SRR12765574	5.034700667497644
RP5-1024G6.5	SRR12765575	1.0239395312536899
RP5-1024G6.5	SRR12765576	3.0745039862694243
RP5-1024G6.5	SRR12765577	1.0456385621694768
RP5-1024G6.5	SRR12765578	4.060402609974265
RP5-1024G6.5	SRR12765579	3.025149874787331
RP5-1024G6.5	SRR12765580	4.045378326985122
RP5-1024G6.5	SRR12765581	2.03179988550065
RP5-1024G6.5	SRR12765582	5.005027449262184
RP5-1024G6.5	SRR12765583	4.034976707188693
RP5-1024G6.5	SRR12765584	9.11176444102264
RP5-1024G6.5	SRR12765585	3.032988174301784
RP5-1024G6.5	SRR12765586	5.02638335148416
RP5-1024G6.5	SRR12765587	3.035162253092433
RP5-1024G6.5	SRR12765588	4.027803840084513
RP5-1024G6.5	SRR12765589	3.054347798660261
RP5-1024G6.5	SRR12765590	3.0879141340150618
RP5-1024G6.5	SRR12765591	3.083217518271903
RP5-1024G6.5	SRR12765592	2.0330664676223016
RP5-1024G6.5	SRR12765593	4.033439332164565
RP5-1024G6.5	SRR12765594	3.0696954932926914
RP5-1024G6.5	SRR12765595	5.058587441419635
RP5-1024G6.5	SRR12765596	2.0088206093172727
RP5-1024G6.5	SRR12765597	6.048486106399263
RP5-1024G6.5	SRR12765598	6.04305128606921
RP5-1024G6.5	SRR12765599	7.021446211267503
RP5-1024G6.5	SRR12765600	1.0429920540407125
RP5-1024G6.5	SRR12765601	6.130725684343031
RP5-1024G6.5	SRR12765602	8.069291249603564
RP5-1024G6.5	SRR12765603	6.058946685713807
RP5-1024G6.5	SRR12765604	2.016275264637985
RP5-1024G6.5	SRR12765605	3.023026477945729
RP5-1024G6.5	SRR12765606	5.0663558750321736
RP5-1024G6.5	SRR12765607	7.060152531794929
RP5-1024G6.5	SRR12765608	5.044282875930351
RP5-1024G6.5	SRR12765609	3.0144151984281744
RP5-1024G6.5	SRR12765610	7.061298676765001
RP5-1024G6.5	SRR12765611	5.027542371605511
RP5-1024G6.5	SRR12765612	7.031776277367995
RP5-1024G6.5	SRR12765613	10.0593898850787
RP5-1024G6.5	SRR12765614	5.023379660698733
RP5-1024G6.5	SRR12765615	6.054952095700675
RP5-1024G6.5	SRR12765616	9.055109366379574
RP5-1024G6.5	SRR12765617	4.033957762187689
RP5-1024G6.5	SRR12765618	1.0231825824178566
RP5-1024G6.5	SRR12765619	4.087052041768175
RP5-1024G6.5	SRR12765620	3.0240009323559733
RP5-1024G6.5	SRR12765621	8.020669702278406
RP5-1024G6.5	SRR12765622	2.0436715481953116
RP5-1024G6.5	SRR12765623	6
RP5-1024G6.5	SRR12765624	5.019812631456082
RP5-1024G6.5	SRR12765625	7.0577806493725594
RP5-1024G6.5	SRR12765626	9.044577754961505
RP5-1024G6.5	SRR12765627	13.00701973986358
RP5-1024G6.5	SRR12765628	4.166416605111747
RP5-1024G6.5	SRR12765629	2.064385355032988
RP5-1024G6.5	SRR12765630	4.007027529257454
RP5-1024G6.5	SRR12765631	7.0419062167826
RP5-1024G6.5	SRR12765632	5.032841541118613
RP5-1024G6.5	SRR12765633	3.0579419478694456
RP5-1024G6.5	SRR12765634	8.043525879892629
RP5-1024G6.5	SRR12765635	6.138688242809543
RP5-1024G6.5	SRR12765636	5.0610214176732145
RP5-1024G6.5	SRR12765637	7.247823567007683
RP5-1024G6.5	SRR12765638	6
RP5-1024G6.5	SRR12765639	2.0618849962337755
RP5-1024G6.5	SRR12765640	7.035240298361519
RP5-1024G6.5	SRR12765641	8.150385577956879
RP5-1024G6.5	SRR12765642	5.01223766512082
RP5-1024G6.5	SRR12765643	3.041935135136748
RP5-1024G6.5	SRR12765644	9.032174873527559
RP5-1024G6.5	SRR12765645	1.0285351424147229
RP5-1024G6.5	SRR12765646	15.102253859938452
RP5-1024G6.5	SRR12765647	3.0870342901364287
RP5-1024G6.5	SRR12765648	7.083101209764866
RP5-1024G6.5	SRR12765649	4.197858721853205
RP5-1024G6.5	SRR12765650	2.036054878812187
RP5-1024G6.5	SRR12765651	3.084659132761347
RP5-1024G6.5	SRR12765652	2.021169317530378
RP5-1024G6.5	SRR12774664	1.0053041671599932
RP5-1024G6.5	SRR12774665	1.0134052600429255
RP5-1024G6.5	SRR12774666	4.0426219681134015
RP5-1024G6.5	SRR12774667	2.029854462894126
RP5-1024G6.5	SRR12774668	1.0531044481489285
RP5-1024G6.5	SRR12774669	3.055237222197073
RP5-1024G6.5	SRR12774670	2.0978191491005087
RP5-1024G6.5	SRR12774671	1.0483423562302514
RP5-1024G6.5	SRR12774672	2.012369586999972
RP5-1024G6.5	SRR12774673	2.0284285213348263
RP5-1024G6.5	SRR12774674	1.0242203683654911
RP5-1024G6.5	SRR12774675	1.0343842942005177
RP5-1024G6.5	SRR12774676	2.0130874559018745
RP5-1024G6.5	SRR12774677	1.010883125191728
RP5-1024G6.5	SRR12774678	5.218770215719115
RP5-1024G6.5	SRR12774679	1.0232632446385574
RP5-1024G6.5	SRR12774680	1.0140488490623458
RP5-1024G6.5	SRR12774681	2.017411791830132
RP5-1024G6.5	SRR12774682	1.010589221555441
RP5-1024G6.5	SRR12774683	1.007131661704458
RP5-1024G6.5	SRR12774684	2.010572322793468
RP5-1024G6.5	SRR12774685	1.0073683070661372
RP5-1024G6.5	SRR12774686	2.0359514820895828
RP5-1024G6.5	SRR12774687	1.029309138639411
RP5-1024G6.5	SRR1609360	1.0493034237080798
RP5-1024G6.5	SRR1609361	3.0777255125568415
RP5-1024G6.5	SRR1609362	3.204296562666649
RP5-1024G6.5	SRR1609363	3.022123528169453
RP5-1024G6.5	SRR1609364	1.0085688845855312
RP5-1024G6.5	SRR1609365	3.0429497380862354
RP5-1024G6.5	SRR1609366	3.017058370783502
RP5-1024G6.5	SRR1609367	5.013363329598137
RP5-1024G6.5	SRR1609368	2.0111121356666253
RP5-1024G6.5	SRR1609369	4.003600514509815
RP5-1024G6.5	SRR1609370	4.008347310367268
RP5-1024G6.5	SRR1609371	3.0903430727907804
RP5-1024G6.5	SRR1609372	6.004320228640594
RP5-1024G6.5	SRR1609373	5.03748716086642
RP5-1024G6.5	SRR1609374	6.015767606558787
RP5-1024G6.5	SRR1609375	2.013051399972401
RP5-1024G6.5	SRR1609376	5.080442105290664
RP5-1024G6.5	SRR1609377	3.0158584841902023
RP5-1024G6.5	SRR1609378	3.052220525284962
RP5-1024G6.5	SRR1609379	7.012607472405174
RP5-1024G6.5	SRR1609380	3.0475959185946504
RP5-1024G6.5	SRR1609381	4.002880152427062
RP5-1024G6.5	SRR1609382	2.02853119478828
RP5-1024G6.5	SRR1609383	2.0208581571132163
RP5-1024G6.5	SRR1609384	4.038566145529233
RP5-1024G6.5	SRR1609385	1.0073364170587717
RP5-1024G6.5	SRR1609386	3.019814967991788
RP5-1024G6.5	SRR1609387	1.0073913876363687
RP5-1024G6.5	SRR1609388	3.038028283994868
RP5-1024G6.5	SRR1609389	10.025224024304421
RP5-1024G6.5	SRR1609390	2.025648201367603
RP5-1024G6.5	SRR1609391	3.1908758451538968
RP5-1024G6.5	SRR1609392	5.077193278043463
RP5-1024G6.5	SRR1609393	3.13434303503874
RP5-1024G6.5	SRR1609394	4.11079401836309
RP5-1024G6.5	SRR1609395	6.032890299610609
RP5-1024G6.5	SRR1609396	4.004321006229605
RP5-1024G6.5	SRR1609397	2.0290620272151787
RP5-1024G6.5	SRR1609398	3.0138311598762986
RP5-1024G6.5	SRR1609399	1.0038093407347115
RP5-1024G6.5	SRR1609400	4.008769254945652
RP5-1024G6.5	SRR1609401	3.0319788718763245
RP5-1024G6.5	SRR1609402	9.040180033373396
RP5-1024G6.5	SRR1609403	2.0063386668959495
RP5-1024G6.5	SRR1609404	6.07167459930124
RP5-1024G6.5	SRR1609405	5.0330043698846865
RP5-1024G6.5	SRR1609406	5.019682207343209
RP5-1024G6.5	SRR1609407	6.01378686591098
RP5-1024G6.5	SRR1609408	3.023354451437776
RP5-1024G6.5	SRR1609409	2.0371760657734357
RP5-1024G6.5	SRR1609410	2
RP5-1024G6.5	SRR1609411	2.1051289954488186
RP5-1024G6.5	SRR1609412	6
RP5-1024G6.5	SRR1609413	9.604328801072967
RP5-1024G6.5	SRR1609414	3.0048624445833965
RP5-1024G6.5	SRR1609415	2.000359921883904
RP5-1024G6.5	SRR1609416	6.015767606558787
RP5-1024G6.5	SRR1609417	5.033554755430681
RP5-1024G6.5	SRR1609418	3.00432178400522
RP5-1024G6.5	SRR1609419	6.029245494579557
RP5-1024G6.5	SRR1609420	1.004672692112038
RP5-1024G6.5	SRR1609421	3.0193230885497693
RP5-1024G6.5	SRR1609422	3.0494631376701395
RP5-1024G6.5	SRR1609423	1.0538854443534305
RP5-1024G6.5	SRR1609424	2.1574908229124508
RP5-1024G6.5	SRR1609425	8.012966518889057
RP5-1024G6.5	SRR1609426	5.023601230321762
RP5-1024G6.5	SRR1609427	3.0154300988703575
RP5-1024G6.5	SRR1609428	5.043151346112584
RP5-1024G6.5	SRR1609429	4.0050416276097645
RP5-1024G6.5	SRR1609430	4.01639564743821
RP5-1024G6.5	SRR1609431	3.021973924356727
RP5-1024G6.5	SRR1609432	5.00750919431814
RP5-1024G6.5	SRR1609433	1.0082248728722447
RP5-1024G6.5	SRR1609434	2.030006655546397
RP5-1024G6.5	SRR1609435	2.008956665044309
RP5-1024G6.5	SRR1609436	3.009720465447814
RP5-1024G6.5	SRR1609437	1.0214548244785666
RP5-1024G6.5	SRR1609438	5.161416738223215
RP5-1024G6.5	SRR1609439	4.058805431494345
RP5-1024G6.5	SRR1609440	7.017656817013095
RP5-1024G6.5	SRR1609441	2.004534328162457
RP5-1024G6.5	SRR1609442	3.0216082894140532
RP5-1024G6.5	SRR1609443	2.0172612491529303
RP5-1024G6.5	SRR1609444	3.0016199399685184
RP5-1024G6.5	SRR1609445	5.0175388020905904
RP5-1024G6.5	SRR1609446	5.055016078316853
RP5-1024G6.5	SRR1609447	1.2338363336906928
RP5-1024G6.5	SRR1609448	4.035291079517855
RP5-1024G6.5	SRR1609449	3.007434556330034
RP5-1024G6.5	SRR1609450	3.006127889448204
RP5-1024G6.5	SRR1609451	5.064303944168333
RP5-1024G6.5	SRR1609452	1.2632705659263332
RP5-1024G6.5	SRR1609453	1.0018317001382826
RP5-1024G6.5	SRR1609454	1.0160098618742288
RP5-1024G6.5	SRR1609455	1.2516237980743048
RP5-1024G6.5	SRR1609456	4.01933020042527
RP5-1024G6.5	SRR1609457	1.0065683082237227
RP5-1024G6.5	SRR1609458	1.240500376538707
RP5-1024G6.5	SRR1609459	11.042808189551556
RP5-1024G6.5	SRR1609460	3.0289246091469253
RP5-1024G6.5	SRR1609461	2.003364140155833
RP5-1024G6.5	SRR1609462	4.014776832919492
RP5-1024G6.5	SRR1609463	3.0193036142608336
RP5-1024G6.5	SRR1609464	6.066652604446183
RP5-1024G6.5	SRR1609465	4.04778981574431
RP5-1024G6.5	SRR1609466	2.2431992818477084
RP5-1024G6.5	SRR1609467	2.0238915331004135
RP5-1024G6.5	SRR1609468	4.006662005689645
RP5-1024G6.5	SRR1609469	11.001979570361472
RP5-1024G6.5	SRR1609470	5.0241300470980965
RP5-1024G6.5	SRR1609471	5.010531984708285
RP5-1024G6.5	SRR1609472	1.0870773664114952
RP5-1024G6.5	SRR1609473	2.114973198797288
RP5-1024G6.5	SRR1609474	7.017871399972637
RP5-1024G6.5	SRR1609475	7.152381454227862
RP5-1024G6.5	SRR1609476	14.299638188405833
RP5-1024G6.5	SRR1609477	3.0169311791096467
RP5-1024G6.5	SRR1609478	4.09199273176543
RP5-1024G6.5	SRR1609479	2.020777287324627
RP5-1024G6.5	SRR1609480	8
RP5-1024G6.5	SRR1609481	4.041703279901203
RP5-1024G6.5	SRR1609482	2.0072721332806
RP5-1024G6.5	SRR1609483	6.027135826386597
RP5-1024G6.5	SRR1609484	4.031603717714935
RP5-1024G6.5	SRR1609485	2.0018002572549074
RP5-1024G6.5	SRR1609486	3.009732770289235
RP5-1024G6.5	SRR1609487	2.007783307191192
RP5-1024G6.5	SRR1609488	3.00432178400522
RP5-1024G6.5	SRR1609489	4.008769254945652
RP5-1024G6.5	SRR1609490	6.098355648113319
RP5-1024G6.5	SRR1609491	3.010578977247447
RP5-1024G6.5	SRR1609492	7
RP5-1024G6.5	SRR1609493	3.0134094748288063
RP5-1024G6.5	SRR1609494	3.0178046276311683
RP5-1024G6.5	SRR1609495	6.013394523723325
RP5-1024G6.5	SRR1609496	3.0024761411227656
RP5-1024G6.5	SRR1609497	2.0018002572549074
RP5-1024G6.5	SRR1609498	5.001799771349224
RP5-1024G6.5	SRR1609499	5.010487236868412
RP5-1024G6.5	SRR1609500	2.0034525039004247
RP5-1024G6.5	SRR1609501	3.0038511008865716
RP5-1024G6.5	SRR1609502	1.012926575887802
RP5-1024G6.5	SRR1609503	1.2571824597395216
RP5-1024G6.5	SRR1609504	3
RP5-1024G6.5	SRR1609505	5
RP5-1024G6.5	SRR1609506	2.0393867911666272
RP5-1024G6.5	SRR1609507	4.024179520623416
RP5-1024G6.5	SRR1609508	3.0016199399685184
RP5-1024G6.5	SRR1609509	3.018983209669052
RP5-1024G6.5	SRR1609510	5.028018317991283
RP5-1024G6.5	SRR1609511	5.184877229226184
RP5-1024G6.5	SRR1609512	3.0099168337896858
RP5-1024G6.5	SRR1609513	3.009602055827516
RP5-1024G6.5	SRR1609514	4.198315218515358
RP5-1024G6.5	SRR1609515	7.013869467851447
RP5-1024G6.5	SRR1609516	7.029246070231227
RP5-1024G6.5	SRR1609517	2.044993897903842
RP5-1024G6.5	SRR1609518	5.008104074305661
RP5-1024G6.5	SRR1609519	1.0016788397052576
RP5-1024G6.5	SRR1609520	1.0789502444393222
RP5-1024G6.5	SRR1609521	3.0048501596535724
RP5-1024G6.5	SRR1609522	1.0240545069445746
RP5-1024G6.5	SRR1609523	6.028404803818288
RP5-1024G6.5	SRR1609524	2.033432340178866
RP5-1024G6.5	SRR1609525	4.022075104426841
RP5-1024G6.5	SRR1609526	5.101864866737048
RP5-1024G6.5	SRR1609527	4
RP5-1024G6.5	SRR1609528	1.0086549004496244
RP5-1024G6.5	SRR1609529	2.050660278528563
RP5-1024G6.5	SRR1609530	5.0239764260592965
RP5-1024G6.5	SRR1609531	7.026558051459968
RP5-1024G6.5	SRR1609532	4.028824045300403
RP5-1024G6.5	SRR1609533	4.1529065359618
RP5-1024G6.5	SRR1609534	5.006455115110893
RP5-1024G6.5	SRR1609535	1.0442329013337999
RP5-1024G6.5	SRR1609536	3.032285640498054
RP5-1024G6.5	SRR1609537	2.0076865442741987
RP5-1024G6.5	SRR1609538	5
RP5-1024G6.5	SRR1609539	3.0185828795212037
RP5-1024G6.5	SRR1609540	4
RP5-1024G6.5	SRR1609541	1.1002496061772749
RP5-1024G6.5	SRR1609542	4.009368080065448
RP5-1024G6.5	SRR1609543	3.0060359721441507
RP5-1024G6.5	SRR1609544	7.040920937116972
RP5-1024G6.5	SRR1609545	51.19607872474363
RP5-1024G6.5	SRR1609546	5
RP5-1024G6.5	SRR1609547	2.010341719014156
RP5-1024G6.5	SRR1609548	4.071989028321788
RP5-1024G6.5	SRR1609549	2.021391875203379
RP5-1024G6.5	SRR1609550	4
RP5-1024G6.5	SRR1609551	1.0113111021667518
RP5-1024G6.5	SRR1609552	3.0133933444577985
RP5-1024G6.5	SRR1609553	6.015666815932518
RP5-1024G6.5	SRR1609554	5.045201385627049
RP5-1024G6.5	SRR1609555	5.01719335771704
RP5-1024G6.5	SRR1609556	1.0221686455571868
RP5-1024G6.5	SRR1609557	4.025217303284722
RP5-1024G6.5	SRR1609558	4.017177437491137
RP5-1024G6.5	SRR1609559	1.0424968298454986
RP5-1024G6.5	SRR1609560	3.021365005672093
RP5-1024G6.5	SRR1609561	5.012697465467826
RP5-1024G6.5	SRR1609562	1.0009887185978241
RP5-1024G6.5	SRR1609563	1.0044644481525995
RP5-1024G6.5	SRR1609564	5.004500643137268
RP5-1024G6.5	SRR1609565	4.099143423526533
RP5-1024G6.5	SRR1609566	6.020099188476957
RP5-1024G6.5	SRR1609567	3.774333955416887
RP5-1024G6.5	SRR1609568	5
RP5-1024G6.5	SRR1609569	2
RP5-1024G6.5	SRR1609570	5.088832726611851
RP5-1024G6.5	SRR1609571	1.024176000194289
RP5-1024G6.5	SRR1609572	4.052946512322891
RP5-1024G6.5	SRR1609573	1.0198308819278206
RP5-1024G6.5	SRR1609574	5.0255469547130325
RP5-1024G6.5	SRR1609575	2.1465064432834318
RP5-1024G6.5	SRR1609576	3.0119512384265485
RP5-1024G6.5	SRR1609577	2.008402742602882
RP5-1024G6.5	SRR1609578	6.010598041097741
RP5-1024G6.5	SRR1609579	4.026805530887076
RP5-1024G6.5	SRR1609580	1.007678742360192
RP5-1024G6.5	SRR1609581	2.083608478227445
RP5-1024G6.5	SRR1609582	1.0082780243695308
RP5-1024G6.5	SRR1609583	4.143039371332151
RP5-1024G6.5	SRR1609584	4.008047962858868
RP5-1024G6.5	SRR1609585	6.005300154828636
RP5-1024G6.5	SRR1609586	3.2339077489272965
RP5-1024G6.5	SRR1609587	3.036014720267902
RP5-1024G6.5	SRR1609588	2.026810520085851
RP5-1024G6.5	SRR1609589	4.0105117377058574
RP5-1024G6.5	SRR1609590	6.001711478144544
RP5-1024G6.5	SRR1609591	5.016354159024591
RP5-1024G6.5	SRR1609592	3.02053491901006
RP5-1024G6.5	SRR1609593	11.06089509636099
RP5-1024G6.5	SRR1609594	1.0253331007022206
RP5-1024G6.5	SRR1609595	2.0486124192547837
RP5-1024G6.5	SRR1609596	3.0078838032793933
RP5-1024G6.5	SRR1609597	10.042087153660116
RP5-1024G6.5	SRR1609598	1.0275370706123974
RP5-1024G6.5	SRR1609599	1.0212178151540763
RP5-1024G6.5	SRR1609600	5.154373509663785
RP5-1024G6.5	SRR1609601	3.0844912151565125
RP5-1024G6.5	SRR1609602	1.1632163838991925
RP5-1024G6.5	SRR1609603	4
RP5-1024G6.5	SRR1609604	5.034990558589562
RP5-1024G6.5	SRR1609605	5.037832375978045
RP5-1024G6.5	SRR1609606	3.048248946225097
RP5-1024G6.5	SRR1609607	4.0198880016945155
RP5-1024G6.5	SRR1609608	1.019977620097426
RP5-1024G6.5	SRR1609609	2.0648357265658634
RP5-1024G6.5	SRR1609610	3
RP5-1024G6.5	SRR1609611	4.068539722341837
RP5-1024G6.5	SRR1609612	6.014052120098172
RP5-1024G6.5	SRR1609613	4.00330152149702
RP5-1024G6.5	SRR1609614	2.022738293105301
RP5-1024G6.5	SRR1609615	6.019016000687849
RP5-1024G6.5	SRR1609616	10
RP5-1024G6.5	SRR1609617	9
RP5-1024G6.5	SRR1609618	3.009600023814196
RP5-1024G6.5	SRR1609619	5.0181803332015
RP5-1024G6.5	SRR1609620	3.0376302871734757
RP5-1024G6.5	SRR1609621	4.034100831004641
RP5-1024G6.5	SRR1609622	3.118808212223611
RP5-1024G6.5	SRR1609623	3.0570039090142527
RP5-1024G6.5	SRR1609624	1.233166099790781
RP5-1024G6.5	SRR1609625	4.006184051145372
RP5-1024G6.5	SRR1609626	2.015357484720384
RP5-1024G6.5	SRR1609627	5.0269966854791885
RP5-1024G6.5	SRR1609628	6.0114391413005475
RP5-1024G6.5	SRR1609629	5.080274866919504
RP5-1024G6.5	SRR1609630	5.013957834165986
RP5-1024G6.5	SRR1609631	3
RP5-1024G6.5	SRR1609632	2
RP5-1024G6.5	SRR1609633	4.014337843925312
RP5-1024G6.5	SRR1609634	2.016617710142049
RP5-1024G6.5	SRR1609635	4.099722028232433
RP5-1024G6.5	SRR1609636	1.033526030779779
RP5-1024G6.5	SRR1609637	6.024332953474462
RP5-1024G6.5	SRR1609638	6.145929307534889
RP5-1024G6.5	SRR1609639	5.027663375249405
RP5-1024G6.5	SRR1609640	3.0005398828258563
RP5-1024G6.5	SRR1609641	6.0010797656517125
RP5-1024G6.5	SRR1609642	3
RP5-1024G6.5	SRR1609643	2.0235464818988795
RP5-1024G6.5	SRR1609644	4.004182196963581
RP5-1024G6.5	SRR1609645	6.019016000687849
RP5-1024G6.5	SRR1609646	3.007026060049086
RP5-1024G6.5	SRR1609647	3.0620010707921774
RP5-1024G6.5	SRR1609648	6.021791780547821
RP5-1024G6.5	SRR1609649	1.0081274315088424
RP5-1024G6.5	SRR1609650	4.029729531111772
RP5-1024G6.5	SRR1609651	6.020367770686212
RP5-1024G6.5	SRR1609652	6.021182571197559
RP5-1024G6.5	SRR1609653	3.152419000463081
RP5-1024G6.5	SRR1609654	2.068715941176942
RP5-1024G6.5	SRR1609655	8.054646727063385
RP5-1024G6.5	SRR1609656	3.042939924731349
RP5-1024G6.5	SRR1609657	2.0257018589742537
RP5-1024G6.5	SRR1609658	5.1002481421467545
RP5-1024G6.5	SRR1609659	7.055763253356327
RP5-1024G6.5	SRR1609660	5.019611750862442
RP5-1024G6.5	SRR1609661	2.0029424325956993
RP5-1024G6.5	SRR1609662	3.01402779641924
RP5-1024G6.5	SRR1609663	2.0053171847237667
RP5-1024G6.5	SRR1609664	1.0072181752717069
RP5-1024G6.5	SRR1609665	5
RP5-1024G6.5	SRR1609666	2.033268820348686
RP5-1024G6.5	SRR1609667	5.01441632324906
RP5-1024G6.5	SRR1609668	1.1259515593418852
RP5-1024G6.5	SRR1609669	2.0384816951979126
RP5-1024G6.5	SRR1746771	1.735972274629461
RP5-1024G6.5	SRR1746772	3.5130819633671875
RP5-1024G6.5	SRR1746773	4.545481966058726
RP5-1024G6.5	SRR1746774	3.2122345341574916
RP5-1024G6.5	SRR1746775	4.2190184496983045
RP5-1024G6.5	SRR1746776	0.8118965753799068
RP5-1024G6.5	SRR1746777	3.564904233052179
RP5-1024G6.5	SRR1746778	2.692573761188705
RP5-1024G6.5	SRR1746779	2.373824705171407
RP5-1024G6.5	SRR1746780	4.227026189211312
RP5-1024G6.5	SRR1746781	1.467549999002131
RP5-1024G6.5	SRR1746782	1.0044644481525995
RP5-1024G6.5	SRR1746783	7
RP5-1024G6.5	SRR1746784	2.990478686409788
RP5-1024G6.5	SRR1782685	3.048421538892358
RP5-1024G6.5	SRR1782686	1.0241060513820852
RP5-1024G6.5	SRR1782687	3.036648441406472
RP5-1024G6.5	SRR1782688	2.033510367769477
RP5-1024G6.5	SRR1782689	5.089381204225429
RP5-1024G6.5	SRR1782690	1.0202611034833844
RP5-1024G6.5	SRR1782691	3.0051787558506367
RP5-1024G6.5	SRR1782692	2.016534678177334
RP5-1024G6.5	SRR1782693	2.0176931298474456
RP5-1024G6.5	SRR1782694	5.080414910375162
RP5-1024G6.5	SRR1782695	4.002880152427062
RP5-1024G6.5	SRR1782696	6.0202242845428975
RP5-1024G6.5	SRR1782697	4.035304332639777
RP5-1024G6.5	SRR1782698	4.008347310367268
RP5-1024G6.5	SRR1782699	2.0484155580656553
RP5-1024G6.5	SRR1782700	5.037851885315876
RP5-1024G6.5	SRR1782701	4.024935868787012
RP5-1024G6.5	SRR1782702	2.021332836950557
RP5-1024G6.5	SRR1782703	1.003891653595596
RP5-1024G6.5	SRR1782704	3.0475322176417574
RP5-1024G6.5	SRR1782705	1.0242058267974272
RP5-1024G6.5	SRR1782706	7.017871399972637
RP5-1024G6.5	SRR1782707	4.0152667277289185
RP5-1024G6.5	SRR1782708	2.1054671118699275
RP5-1024G6.5	SRR1782709	2.0987778693872223
RP5-1024G6.5	SRR1782710	6
RP5-1024G6.5	SRR1782711	6.067266414349425
RP5-1024G6.5	SRR1782712	6.070945707878737
RP5-1024G6.5	SRR1782713	7.1523410730943064
RP5-1024G6.5	SRR1782714	1.0870554088778994
RP5-1024G6.5	SRR1782715	10.024781854433446
RP5-1024G6.5	SRR1782716	2.0298426206060474
RP5-1024G6.5	SRR1782717	6.004952282245531
RP5-1024G6.5	SRR1782718	3.0430033491064483
RP5-1024G6.5	SRR1782719	1.007268477791188
RP5-1024G6.5	SRR1782720	3.0521669330097234
RP5-1024G6.5	SRR1782721	2.2430575728793647
RP5-1024G6.5	SRR1782722	4.0035334365524236
RP5-1024G6.5	SRR1782723	4.008769254945652
RP5-1024G6.5	SRR1782724	5.055649210367104
RP5-1024G6.5	SRR1782725	3.205724482287896
RP5-1024G6.5	SRR1782726	1.0074358213334167
RP5-1024G6.5	SRR1782727	7
RP5-1024G6.5	SRR1782728	3.0909152413904994
RP5-1024G6.5	SRR1782729	9.529845937579667
RP5-1024G6.5	SRR1782730	5.006829030263236
RP5-1024G6.5	SRR1782731	2.064203269436082
RP5-1024G6.5	SRR1782732	2.15846688140263
RP5-1024G6.5	SRR1782733	3.0289727426045197
RP5-1024G6.5	SRR1782734	3.018716022209169
RP5-1024G6.5	SRR1782735	2.00915641922119
RP5-1024G6.5	SRR1782736	4.0730616390591745
RP5-1024G6.5	SRR1782737	4.006483259444528
RP5-1024G6.5	SRR1782738	1.049672343546831
RP5-1024G6.5	SRR1782739	2.020906915361495
RP5-1024G6.5	SRR1782740	2.0231583889804203
RP5-1024G6.5	SRR1782741	1.0543086561909183
RP5-1024G6.5	SRR1782742	4
RP5-1024G6.5	SRR1782743	3.0060359721441507
RP5-1024G6.5	SRR1782744	3.0150524687458278
RP5-1024G6.5	SRR1782745	4.048110305278283
RP5-1024G6.5	SRR1782746	1.0198965760233896
RP5-1024G6.5	SRR1782747	3.0218978328695725
RP5-1024G6.5	SRR1782748	2.02928378720651
RP5-1024G6.5	SRR1782749	3.038041774911453
RP5-1024G6.5	SRR1782750	4.0054632242105885
RP5-1024G6.5	SRR1782751	5.07741722126031
RP5-1024G6.5	SRR1782752	3.0199490497731256
RP5-1024G6.5	SRR1782753	6.0057486703292495
RP5-1024G6.5	SRR1782754	1.0083102826852068
RP5-1024G6.5	SRR1782755	5.013430088069909
RP5-1024G6.5	SRR1782756	3.135786946607676
RP5-1024G6.5	SRR1782757	5.007202973342033
RP5-1024G6.5	SRR1782758	3.0051787558506367
RP5-1024G6.5	SRR1782759	4.0177185140934375
RP5-1024G6.5	SRR1782760	2.0284124983379446
RP5-1024G6.5	SRR1782761	1.123350924195671
RP5-1024G6.5	SRR1782762	3.1928287617284234
RP5-1024G6.5	SRR1782763	2.010934147282541
RP5-1024G6.5	SRR1782764	4.004603703095173
RP5-1024G6.5	SRR1782765	2.0064000158761304
RP5-1024G6.5	SRR1782766	3.032030560027502
RP5-1024G6.5	SRR1782767	4.0386335707754055
RP5-1024G6.5	SRR1782768	2.0129148762288875
RP5-1024G6.5	SRR1782769	1.0085350889190154
RP5-1024G6.5	SRR1782770	3.0139356375625392
RP5-1024G6.5	SRR1782771	3.0199004912805103
RP5-1024G6.5	SRR1782772	3.0161057860729232
RP5-1024G6.5	SRR1782773	9.039228505682448
RP5-1024G6.5	SRR1782774	6.015318342833688
RP5-1024G6.5	SRR1782775	5.100153087592448
RP5-1024G6.5	SRR1782776	2.0292135709760983
RP5-1024G6.5	SRR1782777	2.000359921883904
RP5-1024G6.5	SRR1782778	6.010990200829696
RP5-1024G6.5	SRR1782779	3.0846235598664995
RP5-1024G6.5	SRR1782780	1.0128988705381583
RP5-1024G6.5	SRR1782781	2.0689996968180693
RP5-1024G6.5	SRR1782782	5.102641938010114
RP5-1024G6.5	SRR1782783	3.0189955523799696
RP5-1024G6.5	SRR1782784	6.020074576203539
RP5-1024G6.5	SRR1782785	2.0021605031148026
RP5-1024G6.5	SRR1782786	4.100344320938842
RP5-1024G6.5	SRR1782787	4
RP5-1024G6.5	SRR1782788	6.022266148884737
RP5-1024G6.5	SRR1782789	4.068078222939081
RP5-1024G6.5	SRR1782790	11.061532623830894
RP5-1024G6.5	SRR1782791	7.0414758645338695
RP5-1024G6.5	SRR1782792	5.034238550102388
RP5-1024G6.5	SRR1782793	5.184856166662818
RP5-1024G6.5	SRR1782794	4.027377851955591
RP5-1024G6.5	SRR1782795	1.0212178151540763
RP5-1024G6.5	SRR1782796	1.079602691613202
RP5-1024G6.5	SRR1782797	1.0253628024973167
RP5-1024G6.5	SRR1782798	3.057900105984543
RP5-1024G6.5	SRR1782799	5.008104074305661
RP5-1024G6.5	SRR1782800	6.010598041097741
RP5-1024G6.5	SRR1782801	3.016690265415712
RP5-1024G6.5	SRR1782802	5.036888790653874
RP5-1024G6.5	SRR1782803	4.014667021607847
RP5-1024G6.5	SRR1782804	5.013514086531558
RP5-1024G6.5	SRR1782805	7.012607472405174
RP5-1024G6.5	SRR1782806	3.0079757770856506
RP5-1024G6.5	SRR1782807	4.140728368950739
RP5-1024G6.5	SRR1782808	3.0788961810142434
RP5-1024G6.5	SRR1782809	3.040253824185755
RP5-1024G6.5	SRR1782810	2.033289389841438
RP5-1024G6.5	SRR1782811	6.018566494369328
RP5-1024G6.5	SRR1782812	2.025113450099487
RP5-1024G6.5	SRR1782813	8.05005357514812
RP5-1024G6.5	SRR1782814	1.0129566741382754
RP5-1024G6.5	SRR1782815	3.186364004683773
RP5-1024G6.5	SRR1782816	3.0016199399685184
RP5-1024G6.5	SRR1782817	3.010398354397943
RP5-1024G6.5	SRR1782818	2.026761739680301
RP5-1024G6.5	SRR1782819	1.027675196028744
RP5-1024G6.5	SRR1782820	4.142351010071265
RP5-1024G6.5	SRR1782821	2.005405634612623
RP5-1024G6.5	SRR1782822	4.031437805381575
RP5-1024G6.5	SRR1782823	2.007571977172635
RP5-1024G6.5	SRR1782824	3.0170486409269306
RP5-1024G6.5	SRR1782825	3.017428935062889
RP5-1024G6.5	SRR1782826	5.034084619979484
RP5-1024G6.5	SRR1782827	4.053122966338821
RP5-1024G6.5	SRR1782828	5
RP5-1024G6.5	SRR1782829	8
RP5-1024G6.5	SRR1782830	3.1179786378822762
RP5-1024G6.5	SRR1782831	2.146800613916077
RP5-1024G6.5	SRR1782832	5.16288614835889
RP5-1024G6.5	SRR1782833	4.092228585893908
RP5-1024G6.5	SRR1782834	11.001979570361472
RP5-1024G6.5	SRR1782835	1.1149797381951183
RP5-1024G6.5	SRR1782836	1.668811471319684
RP5-1024G6.5	SRR1782837	5.138101653860726
RP5-1024G6.5	SRR1782838	2.025963857489937
RP5-1024G6.5	SRR1782839	5.068626632604815
RP5-1024G6.5	SRR1782840	4.033302995888987
RP5-1024G6.5	SRR1782841	4.059405742541475
RP5-1024G6.5	SRR1782842	4
RP5-1024G6.5	SRR1782843	6.1448924951064745
RP5-1024G6.5	SRR1782844	6.0010797656517125
RP5-1024G6.5	SRR1782845	3.056388807056819
RP5-1024G6.5	SRR1782846	5.027107502011177
RP5-1024G6.5	SRR1782847	1.2337368978097534
RP5-1024G6.5	SRR1782848	1.2335837199439401
RP5-1024G6.5	SRR1782849	1.2403822504664612
RP5-1024G6.5	SRR1782850	1.2517458229536382
RP5-1024G6.5	SRR1782851	1.2634697131512598
RP5-1024G6.5	SRR1782852	1.2639231424855961
RP5-1024G6.5	SRR1782853	3.7753005963099473
RP5-1024G6.5	SRR1782854	6.019649601264856
RP5-1024G6.5	SRR1782855	6.01441991603542
RP5-1024G6.5	SRR1782856	2.010587026789483
RP5-1024G6.5	SRR1782857	3.020959890968758
RP5-1024G6.5	SRR1782858	5.005027449262184
RP5-1024G6.5	SRR1782859	8.012966518889057
RP5-1024G6.5	SRR1782860	2.004534328162457
RP5-1024G6.5	SRR1782861	1.0018591027727843
RP5-1024G6.5	SRR1782862	1.0046056873690874
RP5-1024G6.5	SRR1782863	7.018277951921272
RP5-1024G6.5	SRR1782864	2.0258091846072817
RP5-1024G6.5	SRR1782865	4.016944732071601
RP5-1024G6.5	SRR1782866	5.017568074872302
RP5-1024G6.5	SRR1782867	3.049618916564227
RP5-1024G6.5	SRR1782868	5.0181803332015
RP5-1024G6.5	SRR1782869	3.0102744046336003
RP5-1024G6.5	SRR1782870	3.007434556330034
RP5-1024G6.5	SRR1782871	3.0157475225572776
RP5-1024G6.5	SRR1782872	6.0162169038378694
RP5-1024G6.5	SRR1782873	5.0230724692062445
RP5-1024G6.5	SRR1782874	3.0193248410096367
RP5-1024G6.5	SRR1782875	6.030917136788763
RP5-1024G6.5	SRR1782876	5.0196811352440385
RP5-1024G6.5	SRR1782877	5.016926622033344
RP5-1024G6.5	SRR1782878	2.0156564883445576
RP5-1024G6.5	SRR1782879	3.0430874744831877
RP5-1024G6.5	SRR1782880	7.029653281125302
RP5-1024G6.5	SRR1782881	2.008322371249443
RP5-1024G6.5	SRR1782882	6.021176453261316
RP5-1024G6.5	SRR1782883	1.0018010674864533
RP5-1024G6.5	SRR1782884	2.001440076213531
RP5-1024G6.5	SRR1782885	4
RP5-1024G6.5	SRR1782886	4.022198089748282
RP5-1024G6.5	SRR1782887	1.0009001286274537
RP5-1024G6.5	SRR1782888	3.009732770289235
RP5-1024G6.5	SRR1782889	4.017257699496986
RP5-1024G6.5	SRR1782890	2.003092025572686
RP5-1024G6.5	SRR1782891	4.002880152427062
RP5-1024G6.5	SRR1782892	2.003663400276565
RP5-1024G6.5	SRR1782893	3.011624501955053
RP5-1024G6.5	SRR1782894	3.0335750364755043
RP5-1024G6.5	SRR1782895	7.025667287813733
RP5-1024G6.5	SRR1782896	4.008579517730009
RP5-1024G6.5	SRR1782897	6.0165183570568415
RP5-1024G6.5	SRR1782898	4.009068656324914
RP5-1024G6.5	SRR1782899	2.0075251467094204
RP5-1024G6.5	SRR1782900	3.0030164695573105
RP5-1024G6.5	SRR1782901	2.0019657575437457
RP5-1024G6.5	SRR1782902	3
RP5-1024G6.5	SRR1782903	3.007659171416844
RP5-1024G6.5	SRR1782904	3
RP5-1024G6.5	SRR1782905	5.010434137959086
RP5-1024G6.5	SRR1782906	4.025394846281815
RP5-1024G6.5	SRR1782907	5.0244210997185315
RP5-1024G6.5	SRR1782908	6.018301041072343
RP5-1024G6.5	SRR1782909	4.013699206178134
RP5-1024G6.5	SRR1782910	5
RP5-1024G6.5	SRR1782911	3.020718112990796
RP5-1024G6.5	SRR1782912	14.307118842581241
RP5-1024G6.5	SRR1782913	4
RP5-1024G6.5	SRR1782914	5.013514086531558
RP5-1024G6.5	SRR1782915	2
RP5-1024G6.5	SRR1782916	5.052850570157228
RP5-1024G6.5	SRR1782917	5.016153416830537
RP5-1024G6.5	SRR1782918	7.00756176090181
RP5-1024G6.5	SRR1782919	4
RP5-1024G6.5	SRR1782920	2.0020109797048735
RP5-1024G6.5	SRR1782921	5.010434137959086
RP5-1024G6.5	SRR1782922	1.1863691226303883
RP5-1024G6.5	SRR1782923	4.0223046341733335
RP5-1024G6.5	SRR1782924	3.0153795771235066
RP5-1024G6.5	SRR1782925	2.0069658617906376
RP5-1024G6.5	SRR1782926	1.0073409688920356
RP5-1024G6.5	SRR1782927	2.0056780634932423
RP5-1024G6.5	SRR1782928	5.03583000238794
RP5-1024G6.5	SRR1782929	4.034496236668898
RP5-1024G6.5	SRR1782930	5.014195158733106
RP5-1024G6.5	SRR1782931	4.010676872812484
RP5-1024G6.5	SRR1782932	7.026123171642798
RP5-1024G6.5	SRR1782933	1.0649351792796355
RP5-1024G6.5	SRR1782934	4.023405911760144
RP5-1024G6.5	SRR1782935	5.022475811220815
RP5-1024G6.5	SRR1782936	2.0504658877940893
RP5-1024G6.5	SRR1782937	7.054997844155907
RP5-1024G6.5	SRR1782938	1.2574474178148516
RP5-1024G6.5	SRR1782939	6.028446743309019
RP5-1024G6.5	SRR1782940	4.0106343694475335
RP5-1024G6.5	SRR1782941	1.0078123826132555
RP5-1024G6.5	SRR1782942	2.0078636569717463
RP5-1024G6.5	SRR1782943	3.0138434815237467
RP5-1024G6.5	SRR1782944	3.0038730690665356
RP5-1024G6.5	SRR1782945	5.026245870928796
RP5-1024G6.5	SRR1782946	3.0062604827754513
RP5-1024G6.5	SRR1782947	4.008347310367268
RP5-1024G6.5	SRR1782948	5
RP5-1024G6.5	SRR1782949	3.007342599072492
RP5-1024G6.5	SRR1782950	5
RP5-1024G6.5	SRR1782951	3.009894821409948
RP5-1024G6.5	SRR1782952	51.546662858386256
RP5-1024G6.5	SRR1782953	7.013345664850639
RP5-1024G6.5	SRR1782954	1.126108257274077
RP5-1024G6.5	SRR1782955	1.033842034247493
RP5-1024G6.5	SRR1782956	6.0910003302483515
RP5-1024G6.5	SRR1782957	2.038623931699124
RP5-1024G6.5	SRR1782958	5.027372134811753
RP5-1024G6.5	SRR1782959	2.1158331356635864
RP5-1024G6.5	SRR1782960	5
RP5-1024G6.5	SRR1782961	6.0218163998418
RP5-1024G6.5	SRR1782962	1.007295005653179
RP5-1024G6.5	SRR1782963	8.055136957897338
RP5-1024G6.5	SRR1782964	3.0010798628095343
RP5-1024G6.5	SRR1782965	5.015298217954883
RP5-1024G6.5	SRR1782966	7
RP5-1024G6.5	SRR1782967	4.016082747171626
RP5-1024G6.5	SRR1782968	2.0020910984817903
RP5-1024G6.5	SRR1782969	2.0239567936796914
RP5-1024G6.5	SRR1782970	3.037522752110481
RP5-1024G6.5	SRR1782971	2.0335935029396377
RP5-1024G6.5	SRR1782972	6.033613216263314
RP5-1024G6.5	SRR1782973	3.15378364669925
RP5-1024G6.5	SRR1782974	4
RP5-1024G6.5	SRR1782975	2.0789426948960594
RP5-1024G6.5	SRR1782976	5.048976280960898
RP5-1024G6.5	SRR1782977	3.0010798628095343
RP5-1024G6.5	SRR1782978	4.066803202115469
RP5-1024G6.5	SRR1782979	3.025148988514846
RP5-1024G6.5	SRR1782980	4.0069050078008495
RP5-1024G6.5	SRR1782981	4.049215426850632
RP5-1024G6.5	SRR1782982	6.034833580049496
RP5-1024G6.5	SRR1782983	4.003832446886166
RP5-1024G6.5	SRR1782984	6.002159725619069
RP5-1024G6.5	SRR1782985	4.027323363531693
RP5-1024G6.5	SRR1782986	1.0029888346325269
RP5-1024G6.5	SRR1782987	4.0050416276097645
RP5-1024G6.5	SRR1782988	2
RP5-1024G6.5	SRR1782989	2.0861958981316455
RP5-1024G6.5	SRR1782990	5.067059282871537
RP5-1024G6.5	SRR1782991	6.024802320144872
RP5-1024G6.5	SRR1782992	3.007342599072492
RP5-1024G6.5	SRR1782993	3.0623433303396475
RP5-1024G6.5	SRR1782994	3
RP5-1024G6.5	SRR1782995	1.0083014810209638
RP5-1024G6.5	SRR1782996	3
RP5-1024G6.5	SRR1782997	1.004495162244163
RP5-1024G6.5	SRR1782998	4.0145442665612
RP5-1024G6.5	SRR1782999	2.042624248220593
RP5-1024G6.5	SRR1783000	3.011699019614429
RP5-1024G6.5	SRR1783001	5.08176899721215
RP5-1024G6.5	SRR1783002	5.28326166077897
RP5-1024G6.5	SRR1783003	4
RP5-1024G6.5	SRR1783004	3.013773177849507
RP5-1024G6.5	SRR1783005	1.015882624326654
RP5-1024G6.5	SRR1783006	2.0475598703648488
RP5-1024G6.5	SRR1813867	1.0482498991450804
RP5-1024G6.5	SRR1813868	2.0377334756003838
RP5-1024G6.5	SRR1813869	2.0201797430371355
RP5-1024G6.5	SRR1813870	1.8755813793059868
RP5-1024G6.5	SRR1813871	2.810964601324575
RP5-1024G6.5	SRR1813872	1.6711575378275008
RP5-1024G6.5	SRR1813873	1.689886794325361
RP5-1024G6.5	SRR1813874	2.020356805364274
RP5-1024G6.5	SRR1813875	4
RP5-1024G6.5	SRR1813876	3.016001233158767
RP5-1024G6.5	SRR1813877	3.527649232125425
RP5-1024G6.5	SRR1813878	4.002880152427062
RP5-1024G6.5	SRR1813879	2
RP5-1024G6.5	SRR1813880	5
RP5-1024G6.5	SRR1813881	2.0395143061329364
RP5-1024G6.5	SRR1813882	1.2990054955828958
RP5-1024G6.5	SRR1813883	2.00165076074851
RP5-1024G6.5	SRR1813884	1.012768265660338
RP5-1024G6.5	SRR1813885	2
RP5-1024G6.5	SRR1813886	2.0025208138048822
RP5-1024G6.5	SRR1813887	2.0210726307249955
RP5-1024G6.5	SRR1928188	23.188103207051025
RP5-1024G6.5	SRR1928189	25.182822651674197
RP5-1024G6.5	SRR1928190	18.158313181972293
RP5-1024G6.5	SRR1928191	28.31703065792564
RP5-1024G6.5	SRR1928192	21.270876281301323
RP5-1024G6.5	SRR1928193	9.138278127724154
RP5-1024G6.5	SRR2046996	4.03435289809952
RP5-1024G6.5	SRR2046997	5.0555768788700615
RP5-1024G6.5	SRR2046998	1.0202431892752137
RP5-1024G6.5	SRR2046999	2.015357484720384
RP5-1024G6.5	SRR2047000	3.0320948252645836
RP5-1024G6.5	SRR2047001	2.0188799414696534
RP5-1024G6.5	SRR2047002	1.0188427709986354
RP5-1024G6.5	SRR2047003	2.0475598703648488
RP5-1024G6.5	SRR2047004	3.0238478735221888
RP5-1024G6.5	SRR2047005	4.032577289481478
RP5-1024G6.5	SRR2047006	3.0456414964964624
RP5-1024G6.5	SRR2047007	2.0525680943583016
RP5-1024G6.5	SRR2047008	2.025034880082311
RP5-1024G6.5	SRR2047009	3.0555310785114234
RP5-1024G6.5	SRR2313973	4.050736986722685
RP5-1024G6.5	SRR2313974	3.022221727708557
RP5-1024G6.5	SRR2313975	3.0307444372764776
RP5-1024G6.5	SRR2313976	3.0439966878653215
RP5-1024G6.5	SRR2313977	5.043459765550758
RP5-1024G6.5	SRR2313978	9.236883802067991
RP5-1024G6.5	SRR2313979	4.041406114706459
RP5-1024G6.5	SRR2313980	3.0175090553266655
RP5-1024G6.5	SRR2313981	5.01792230490664
RP5-1024G6.5	SRR2313982	10.131505784433957
RP5-1024G6.5	SRR2313983	1.0167862737972515
RP5-1024G6.5	SRR2313984	6.032757043242941
RP5-1024G6.5	SRR2313985	2.0379094979677905
RP5-1024G6.5	SRR2313986	3.018565645773102
RP5-1024G6.5	SRR2313987	5.016665271064663
RP5-1024G6.5	SRR2313988	6.054228779793811
RP5-1024G6.5	SRR2313989	3.0317686692144967
RP5-1024G6.5	SRR2313990	4.061846372916169
RP5-1024G6.5	SRR2313991	8.132080598407953
RP5-1024G6.5	SRR2313992	3.044058578472558
RP5-1024G6.5	SRR2313993	3.0311018653189876
RP5-1024G6.5	SRR2313994	3.0638818467341604
RP5-1024G6.5	SRR2313995	4.016534880096581
RP5-1024G6.5	SRR2313996	3.013606083859029
RP5-1024G6.5	SRR2313997	8.097529330433225
RP5-1024G6.5	SRR2313998	2.0481879255190463
RP5-1024G6.5	SRR2313999	5.046475463078655
RP5-1024G6.5	SRR2314000	2.017076091866415
RP5-1024G6.5	SRR2314001	4.054900118127023
RP5-1024G6.5	SRR2314002	3.0322683285179
RP5-1024G6.5	SRR2314003	3.065089328879268
RP5-1024G6.5	SRR2314004	4.031741435309172
RP5-1024G6.5	SRR2314005	4.038013865782727
RP5-1024G6.5	SRR2314006	1.0187871020034116
RP5-1024G6.5	SRR2314007	5.030090211364288
RP5-1024G6.5	SRR2314008	10.013184108677915
RP5-1024G6.5	SRR2314009	3.024668606150752
RP5-1024G6.5	SRR2314010	2.0131490112436885
RP5-1024G6.5	SRR2314011	3.021179087367508
RP5-1024G6.5	SRR2314012	2.014509109709879
RP5-1024G6.5	SRR2314013	1.0115556615875927
RP5-1024G6.5	SRR2314014	8.091534343071409
RP5-1024G6.5	SRR2314015	2.015534955416421
RP5-1024G6.5	SRR2314016	3.0096920500983226
RP5-1024G6.5	SRR2314017	1.0193139826231485
RP5-1024G6.5	SRR2314018	3.1115515464221253
RP5-1024G6.5	SRR2314019	1.00338054475646
RP5-1024G6.5	SRR2314020	6.099381783458286
RP5-1024G6.5	SRR2314021	6.030205970024159
RP5-1024G6.5	SRR2314022	7.085513029948434
RP5-1024G6.5	SRR2314023	2.019439687283373
RP5-1024G6.5	SRR2314024	3.0388404415751196
RP5-1024G6.5	SRR2314025	6.029140407401107
RP5-1024G6.5	SRR2314026	2.0438661228831303
RP5-1024G6.5	SRR2314027	3.0221520608880263
RP5-1024G6.5	SRR2314028	9.025798157407744
RP5-1024G6.5	SRR2314029	9.021078180147258
RP5-1024G6.5	SRR2314030	4.018902496895788
RP5-1024G6.5	SRR2314031	3.0518307225145875
RP5-1024G6.5	SRR2314032	4.069149537118132
RP5-1024G6.5	SRR2314033	1.024065959569855
RP5-1024G6.5	SRR2314034	2.0586595727187027
RP5-1024G6.5	SRR2314035	4.187424711941496
RP5-1024G6.5	SRR2314036	4.069121410451212
RP5-1024G6.5	SRR2314037	5.066600354949602
RP5-1024G6.5	SRR2314038	2.0114609641526155
RP5-1024G6.5	SRR2314039	1.0107759115674844
RP5-1024G6.5	SRR2314040	4.1566441503007265
RP5-1024G6.5	SRR2314041	4.03004425319212
RP5-1024G6.5	SRR2314042	3.012216944649585
RP5-1024G6.5	SRR2314043	1.0088969487682873
RP5-1024G6.5	SRR2314044	2.0084788432757708
RP5-1024G6.5	SRR2314045	7.052438603649446
RP5-1024G6.5	SRR3493774	7
RP5-1024G6.5	SRR3493775	5
RP5-1024G6.5	SRR3493776	9.1904809301052
RP5-1024G6.5	SRR3493777	4.002581213211651
RP5-1024G6.5	SRR3493778	5
RP5-1024G6.5	SRR3493779	5.016749323730797
RP5-1024G6.5	SRR3493780	5.249071246854914
RP5-1024G6.5	SRR3493781	6
RP5-1024G6.5	SRR3493782	4.033063241677594
RP5-1024G6.5	SRR3493783	1.0025837127848007
RP5-1024G6.5	SRR3493784	6.124024048811843
RP5-1024G6.5	SRR3493785	4.00330152149702
RP5-1024G6.5	SRR3493786	2.0813306008748564
RP5-1024G6.5	SRR3493787	4
RP5-1024G6.5	SRR3493788	4
RP5-1024G6.5	SRR3493789	3.0546446220292163
RP5-1024G6.5	SRR3493790	3
RP5-1024G6.5	SRR3493791	9.01296535201566
RP5-1024G6.5	SRR3493792	6.004320228640594
RP5-1024G6.5	SRR3493793	2.0191256392014814
RP5-1024G6.5	SRR3493794	6.018566494369328
RP5-1024G6.5	SRR3493795	1.0036053788169974
RP5-1024G6.5	SRR3493796	2.0162334956477888
RP5-1024G6.5	SRR3493797	8
RP5-1024G6.5	SRR3493798	6.065932346373228
RP5-1024G6.5	SRR3493799	5
RP5-1024G6.5	SRR3493800	3.0214047289867243
RP5-1024G6.5	SRR3493801	7.062523462833791
RP5-1024G6.5	SRR3493802	5
RP5-1024G6.5	SRR3493803	2
RP5-1024G6.5	SRR3493804	5.003600190533828
RP5-1024G6.5	SRR3493805	10.023420200163619
RP5-1024G6.5	SRR3493806	3
RP5-1024G6.5	SRR3493807	6
RP5-1024G6.5	SRR3493808	5.009685797132558
RP5-1024G6.5	SRR3493809	2.006461366732215
RP5-1024G6.5	SRR3493810	12
RP5-1024G6.5	SRR3493811	4
RP5-1024G6.5	SRR3493812	6.004320228640594
RP5-1024G6.5	SRR3493813	3.00540320245936
RP5-1024G6.5	SRR3493814	12
RP5-1024G6.5	SRR3493815	7.40058073222207
RP5-1024G6.5	SRR3493816	2
RP5-1024G6.5	SRR3493817	3.0084251048819137
RP5-1024G6.5	SRR3493818	1.0034513813688428
RP5-1024G6.5	SRR3493819	12
RP5-1024G6.5	SRR3493820	8.974994077099215
RP5-1024G6.5	SRR3493821	11.126512494427365
RP5-1024G6.5	SRR3493822	2
RP5-1024G6.5	SRR3493823	4.720804299774932
RP5-1024G6.5	SRR3493824	5.447766989053429
RP5-1024G6.5	SRR3493825	5.006455115110893
RP5-1024G6.5	SRR3493826	10.007200381067657
RP5-1024G6.5	SRR3493827	6
RP5-1024G6.5	SRR3493828	4
RP5-1024G6.5	SRR3493829	13.030446260212704
RP5-1024G6.5	SRR3493830	6.210192465068754
RP5-1024G6.5	SRR3493831	10.044169063073385
RP5-1024G6.5	SRR3493832	6.0010797656517125
RP5-1024G6.5	SRR3493833	7.065151776703824
RP5-1024G6.5	SRR3493834	2
RP5-1024G6.5	SRR3493835	5.025255836874527
RP5-1024G6.5	SRR3493836	7
RP5-1024G6.5	SRR3493837	3.0019359099087386
RP5-1024G6.5	SRR3493838	3
RP5-1024G6.5	SRR3493839	2.0163224270297953
RP5-1024G6.5	SRR3493840	5.095698657749236
RP5-1024G6.5	SRR3493841	6.01297002034938
RP5-1024G6.5	SRR3493846	3.0682691278587524
RP5-1024G6.5	SRR3493847	1.0366265711095628
RP5-1024G6.5	SRR3493848	6.0010797656517125
RP5-1024G6.5	SRR3493849	3.7150942669387654
RP5-1024G6.5	SRR3493850	7
RP5-1024G6.5	SRR3714631	5
RP5-1024G6.5	SRR3714632	6.033196050299286
RP5-1024G6.5	SRR3714633	2.0227429952367757
RP5-1024G6.5	SRR3714634	5.031283484467576
RP5-1024G6.5	SRR3714635	9
RP5-1024G6.5	SRR3714636	2
RP5-1024G6.5	SRR3714637	7
RP5-1024G6.5	SRR3714638	3
RP5-1024G6.5	SRR3714639	4.027328921756996
RP5-1024G6.5	SRR3714640	3.705525371991241
RP5-1024G6.5	SRR3714641	3.7876890244033956
RP5-1024G6.5	SRR3714642	2.9272041186521682
RP5-1024G6.5	SRR3714643	6.509238380690622
RP5-1024G6.5	SRR3714644	13.336569958180098
RP5-1024G6.5	SRR3714645	9.056406247796374
RP5-1024G6.5	SRR3714646	7.0012597265936645
RP5-1024G6.5	SRR3714648	7.489843450569548
RP5-1024G6.5	SRR3714649	9.50704107482473
RP5-1024G6.5	SRR3714650	7.046637036282799
RP5-1024G6.5	SRR3714651	2.4183931420321376
RP5-1024G6.5	SRR3714652	3.520271431114992
RP5-1024G6.5	SRR3714653	13
RP5-1024G6.5	SRR3714654	10
RP5-1024G6.5	SRR3714655	5.0026998999475305
RP5-1024G6.5	SRR3714656	3.8472220528303223
RP5-1024G6.5	SRR3714657	1.6778277256609129
RP5-1024G6.5	SRR3714658	6.97558993134229
RP5-1024G6.5	SRR3714659	8.34132463118982
RP5-1024G6.5	SRR3714660	3
RP5-1024G6.5	SRR3714661	6
RP5-1024G6.5	SRR3714662	3.032359690344212
RP5-1024G6.5	SRR3714663	6.003239879937037
RP5-1024G6.5	SRR3714664	5.331864643769495
RP5-1024G6.5	SRR3714665	4
RP5-1024G6.5	SRR3714666	9
RP5-1024G6.5	SRR3714667	4.137848008407966
RP5-1024G6.5	SRR3714668	3
RP5-1024G6.5	SRR3714669	2.3446750997711963
RP5-1024G6.5	SRR3714670	4.0527156585020165
RP5-1024G6.5	SRR3714671	4.004021959409747
RP5-1024G6.5	SRR3714672	8.020070710398418
RP5-1024G6.5	SRR3714673	6.7497082689398855
RP5-1024G6.5	SRR3714674	5.369956747458135
RP5-1024G6.5	SRR3714675	3.718392614157936
RP5-1024G6.5	SRR3714676	8
RP5-1024G6.5	SRR3714677	2.004384627472826
RP5-1024G6.5	SRR3714678	5.048058322892438
RP5-1024G6.5	SRR3714679	8.010926448421177
RP5-1024G6.5	SRR3714680	4.005695264495481
RP5-1024G6.5	SRR3714681	9.029323118397095
RP5-1024G6.5	SRR3714682	4.625947602324819
RP5-1024G6.5	SRR3714683	5.009559433240658
RP5-1024G6.5	SRR3714684	5.837388314511332
RP5-1024G6.5	SRR3714685	4.006344375224278
RP5-1024G6.5	SRR3714686	4.095272719118744
RP5-1024G6.5	SRR3714688	1.0072151869090182
RP5-1024G6.5	SRR3714689	6.886268697821068
RP5-1024G6.5	SRR3714690	6.28771365386912
RP5-1024G6.5	SRR3714691	4
RP5-1024G6.5	SRR3714692	3.63794966427857
RP5-1024G6.5	SRR3714693	2.6908335223041067
RP5-1024G6.5	SRR3714694	6.646615697564374
RP5-1024G6.5	SRR3714695	3.641660327112475
RP5-1024G6.5	SRR3714696	12
RP5-1024G6.5	SRR3714697	2.017882897744288
RP5-1024G6.5	SRR3714698	3.0387297049582838
RP5-1024G6.5	SRR3714699	2.462730945297939
RP5-1024G6.5	SRR3714700	3.2271511895243368
RP5-1024G6.5	SRR3714701	3.71813587746857
RP5-1024G6.5	SRR3714702	11.551436214720193
RP5-1024G6.5	SRR3714703	6.005400771764722
RP5-1024G6.5	SRR3714704	5.0576413135917075
RP5-1024G6.5	SRR3714705	7.16072055448749
RP5-1024G6.5	SRR3714706	5.174312581084344
RP5-1024G6.5	SRR3714707	10.004652586325792
RP5-1024G6.5	SRR3714708	3.0689585560499335
RP5-1024G6.5	SRR3714709	2.6597747367080644
RP5-1024G6.5	SRR3714710	2.637819392514658
RP5-1024G6.5	SRR3714711	4.693100169803689
RP5-1024G6.5	SRR3714712	3
RP5-1024G6.5	SRR3714713	1
RP5-1024G6.5	SRR3714714	4
RP5-1024G6.5	SRR3714715	5.02298831059955
RP5-1024G6.5	SRR3714716	3
RP5-1024G6.5	SRR3714717	7
RP5-1024G6.5	SRR3714718	7
RP5-1024G6.5	SRR3714719	2.6468465253763567
RP5-1024G6.5	SRR3714720	2.430573052083572
RP5-1024G6.5	SRR3714721	4.140457248773197
RP5-1024G6.5	SRR3714723	5.4721921544245555
RP5-1024G6.5	SRR3714724	7.019415242507665
RP5-1024G6.5	SRR3714725	1.0122888422733813
RP5-1024G6.5	SRR3714726	3.6327213811949
RP5-1024G6.5	SRR3714727	1.8758532965579864
RP5-1024G6.5	SRR3714728	4.032289136376334
RP5-1024G6.5	SRR3714729	3.077427917267606
RP5-1024G6.5	SRR3714730	3.210545586515925
RP5-1024G6.5	SRR3714731	1.000179960941952
RP5-1024G6.5	SRR3714732	4.34533261556343
RP5-1024G6.5	SRR3714734	6.4269387207913775
RP5-1024G6.5	SRR3714735	11.512018708428185
RP5-1024G6.5	SRR3714736	1.6706846047842436
RP5-1024G6.5	SRR3714737	7
RP5-1024G6.5	SRR3714738	11.729524262890466
RP5-1024G6.5	SRR3714739	5.410994017357468
RP5-1024G6.5	SRR3714740	13.13350190850708
RP5-1024G6.5	SRR3714741	4.003832446886166
RP5-1024G6.5	SRR3714744	7.527916360589546
RP5-1024G6.5	SRR3714745	1.0402451473540792
RP5-1024G6.5	SRR3714746	2.016711421026134
RP5-1024G6.5	SRR3714747	8.836745715777992
RP5-1024G6.5	SRR3714748	6.972434964815245
RP5-1024G6.5	SRR3714749	2.0411551381882846
RP5-1024G6.5	SRR3714750	3.465557684228858
RP5-1024G6.5	SRR3714751	7.005777662619786
RP5-1024G6.5	SRR3714752	4
RP5-1024G6.5	SRR3714753	5.037826550366043
RP5-1024G6.5	SRR3714754	4
RP5-1024G6.5	SRR3714755	3.44588506447839
RP5-1024G6.5	SRR3714756	2.042839491318789
RP5-1024G6.5	SRR3714757	5.079875509780397
RP5-1024G6.5	SRR3714758	5.646812649821514
RP5-1024G6.5	SRR3714759	2.6184918885399537
RP5-1024G6.5	SRR3714760	2.0012906066058256
RP5-1024G6.5	SRR3714761	3.0003741379378046
RP5-1024G6.5	SRR3714762	3.7184814950097183
RP5-1024G6.5	SRR3714764	3
RP5-1024G6.5	SRR3714765	5.9709421889840435
RP5-1024G6.5	SRR3714766	6
RP5-1024G6.5	SRR3714767	11.543017828527509
RP5-1024G6.5	SRR3714768	8
RP5-1024G6.5	SRR5176628	4.027234766289928
RP5-1024G6.5	SRR5176629	2.0113657606179536
RP5-1024G6.5	SRR5176630	5.01109863117305
RP5-1024G6.5	SRR5176631	2.0191108727601597
RP5-1024G6.5	SRR5176632	7.019658578057799
RP5-1024G6.5	SRR5176633	7.044753758830651
RP5-1024G6.5	SRR5176634	5.197927199089292
RP5-1024G6.5	SRR5176635	11.067017489634086
RP5-1024G6.5	SRR5176636	1.0259454268844617
RP5-1024G6.5	SRR5176637	3.0886049750339706
RP5-1024G6.5	SRR5176638	2.244944929958522
RP5-1024G6.5	SRR5176639	7
RP5-1024G6.5	SRR5176640	1.0439825147124846
RP5-1024G6.5	SRR5176641	1.0145674663519957
RP5-1024G6.5	SRR5176642	6.0114391413005475
RP5-1024G6.5	SRR5176643	5.008631259751061
RP5-1024G6.5	SRR5176644	2.000359921883904
RP5-1024G6.5	SRR5176645	2.076265810100314
RP5-1024G6.5	SRR5176646	2.036709908450168
RP5-1024G6.5	SRR5176647	6.0347324699841245
RP5-1024G6.5	SRR5176648	2.0056167365879425
RP5-1024G6.5	SRR5176649	3.019935818418785
RP5-1024G6.5	SRR5176650	7.166605254889211
RP5-1024G6.5	SRR5176651	6.095191837189301
RP5-1024G6.5	SRR5176652	2.0110103438732425
RP5-1024G6.5	SRR5176653	10.026692182031208
RP5-1024G6.5	SRR5176654	5.0403779745487025
RP5-1024G6.5	SRR5176655	4.00474252697316
RP5-1024G6.5	SRR5176656	3.2090635524899165
RP5-1024G6.5	SRR5176657	3.2394560362536935
RP5-1024G6.5	SRR5176658	3.0048624445833965
RP5-1024G6.5	SRR5176659	6.012869276595013
RP5-1024G6.5	SRR5176660	2.002249828003708
RP5-1024G6.5	SRR5176661	2.010737190715282
RP5-1024G6.5	SRR5176662	9.673827506103251
RP5-1024G6.5	SRR5176663	6.037641338468792
RP5-1024G6.5	SRR5176664	5
RP5-1024G6.5	SRR5176665	2.017411791830132
RP5-1024G6.5	SRR5176666	2.007588014702848
RP5-1024G6.5	SRR5176667	2.1568652553978422
RP5-1024G6.5	SRR5176668	5.021619534446595
RP5-1024G6.5	SRR5176669	3.0282779628177376
RP5-1024G6.5	SRR5176670	3.019180182355993
RP5-1024G6.5	SRR5176671	4.007137131609633
RP5-1024G6.5	SRR5176672	4.021897707849402
RP5-1024G6.5	SRR5176673	1.0047509679775968
RP5-1024G6.5	SRR5176674	4.009191243940653
RP5-1024G6.5	SRR5176675	1.0041780100330324
RP5-1024G6.5	SRR5176676	2.0364309096748254
RP5-1024G6.5	SRR5176677	5.007202973342033
RP5-1024G6.5	SRR5176678	5.110656986520851
RP5-1024G6.5	SRR5176679	2.017687214009918
RP5-1024G6.5	SRR5176680	7.019658578057799
RP5-1024G6.5	SRR5176681	6.006481509344408
RP5-1024G6.5	SRR5176682	1.0097140318888853
RP5-1024G6.5	SRR5176683	3.0134854867324887
RP5-1024G6.5	SRR5176684	4.0105117377058574
RP5-1024G6.5	SRR5176685	7.02058953840196
RP5-1024G6.5	SRR5176686	3.0127830935360262
RP5-1024G6.5	SRR5176687	4.017680582040595
RP5-1024G6.5	SRR5176688	2.0261135944111177
RP5-1024G6.5	SRR5176689	1.0073300783969779
RP5-1024G6.5	SRR5176690	1.0250785821196775
RP5-1024G6.5	SRR5176691	4.003600514509815
RP5-1024G6.5	SRR5176692	4.038671700651309
RP5-1024G6.5	SRR5176693	4.029019399794014
RP5-1024G6.5	SRR5176694	7
RP5-1024G6.5	SRR5176695	2.0276551917793135
RP5-1024G6.5	SRR5176696	1.1276067886443841
RP5-1024G6.5	SRR5176697	2.054218604019587
RP5-1024G6.5	SRR5176698	1.164477770967963
RP5-1024G6.5	SRR5176699	1.0242455710874605
RP5-1024G6.5	SRR5176700	1.0887470529698755
RP5-1024G6.5	SRR5176701	5.169639521860646
RP5-1024G6.5	SRR5176702	5
RP5-1024G6.5	SRR5176703	5.111193469932273
RP5-1024G6.5	SRR5176704	4.017434891414422
RP5-1024G6.5	SRR5176705	3.0061181948418674
RP5-1024G6.5	SRR5176706	4.107492492615719
RP5-1024G6.5	SRR5176707	4.077319087793499
RP5-1024G6.5	SRR5176708	5.047501054247127
RP5-1024G6.5	SRR5176709	9.042758711798372
RP5-1024G6.5	SRR5176710	4
RP5-1024G6.5	SRR5176711	1.001902427405406
RP5-1024G6.5	SRR5176712	2.024897863819215
RP5-1024G6.5	SRR5176713	1.0086581533197898
RP5-1024G6.5	SRR5176714	2.1195475060961355
RP5-1024G6.5	SRR5176715	1.0012604069024411
RP5-1024G6.5	SRR5176716	8.015716519564736
RP5-1024G6.5	SRR5176717	5.032138987671815
RP5-1024G6.5	SRR5176718	3.0257066537565933
RP5-1024G6.5	SRR5176719	3.0069853764786196
RP5-1024G6.5	SRR5176720	2
RP5-1024G6.5	SRR5176721	3
RP5-1024G6.5	SRR5176722	3.0581852253524104
RP5-1024G6.5	SRR5176723	1.0093325243947782
RP5-1024G6.5	SRR5176724	5.026584503071499
RP5-1024G6.5	SRR5176725	2.0242597229497616
RP5-1024G6.5	SRR5176726	6
RP5-1024G6.5	SRR5176727	3.0017117222409966
RP5-1024G6.5	SRR5176728	4.097499733384523
RP5-1024G6.5	SRR5176729	4.007487170363897
RP5-1024G6.5	SRR5176730	2.0127589665564636
RP5-1024G6.5	SRR5176731	2.0090789363908557
RP5-1024G6.5	SRR5176732	5
RP5-1024G6.5	SRR5176733	7.01553808364227
RP5-1024G6.5	SRR5176734	2.1612955584515516
RP5-1024G6.5	SRR5176735	2.004656917652413
RP5-1024G6.5	SRR5176736	1.0019371594265116
RP5-1024G6.5	SRR5176737	3.0086913814896197
RP5-1024G6.5	SRR5176738	2.021279455539775
RP5-1024G6.5	SRR5176739	5.039045662353284
RP5-1024G6.5	SRR5176740	4.01628925953278
RP5-1024G6.5	SRR5176741	3.1226541987838177
RP5-1024G6.5	SRR5176742	1.010291833169212
RP5-1024G6.5	SRR5176743	3.034388623472823
RP5-1024G6.5	SRR5176744	6.078982248642837
RP5-1024G6.5	SRR5176745	1.0088524506271404
RP5-1024G6.5	SRR5176746	4.00887890493844
RP5-1024G6.5	SRR5176747	3
RP5-1024G6.5	SRR5176748	4.0050416276097645
RP5-1024G6.5	SRR5176749	2.0323358979426405
RP5-1024G6.5	SRR5176750	3.047726816668192
RP5-1024G6.5	SRR5176751	6.021366684386584
RP5-1024G6.5	SRR5176752	6.026834834025566
RP5-1024G6.5	SRR5176753	3.007833407966259
RP5-1024G6.5	SRR5176754	5.0260921851952025
RP5-1024G6.5	SRR5176755	6.002791551795474
RP5-1024G6.5	SRR5176756	3.0851443994874193
RP5-1024G6.5	SRR5176757	1.0554499963578214
RP5-1024G6.5	SRR5176758	1.010940517584876
RP5-1024G6.5	SRR5176759	6.161423340289536
RP5-1024G6.5	SRR5176760	4.022744494378003
RP5-1024G6.5	SRR5176761	4.023222386699665
RP5-1024G6.5	SRR5176762	2.1480636393565242
RP5-1024G6.5	SRR5176763	4.029726810332104
RP5-1024G6.5	SRR5176764	6.004320228640594
RP5-1024G6.5	SRR5176765	4.00660576800509
RP5-1024G6.5	SRR5176766	4.011233473175885
RP5-1024G6.5	SRR5176767	2.0020109797048735
RP5-1024G6.5	SRR5176768	2.0297328991507557
RP5-1024G6.5	SRR5176769	5.01441632324906
RP5-1024G6.5	SRR5176770	5.011489054925817
RP5-1024G6.5	SRR5176771	6.014476699866144
RP5-1024G6.5	SRR5176772	3.0185952205954254
RP5-1024G6.5	SRR5176773	8.059216509073531
RP5-1024G6.5	SRR5176774	5.030498965890269
RP5-1024G6.5	SRR5176775	2.0185019253173775
RP5-1024G6.5	SRR5176776	1.0081167478238944
RP5-1024G6.5	SRR5176777	1.0097815941634372
RP5-1024G6.5	SRR5176778	3.0167187468373236
RP5-1024G6.5	SRR5176779	6.030225417187983
RP5-1024G6.5	SRR5176780	6.017933007795161
RP5-1024G6.5	SRR5176781	6.0371087609999154
RP5-1024G6.5	SRR5176782	4.03203643928237
RP5-1024G6.5	SRR5176783	4.036262918856982
RP5-1024G6.5	SRR5176784	11.044425368791602
RP5-1024G6.5	SRR5176785	3.0051787558506367
RP5-1024G6.5	SRR5176786	8
RP5-1024G6.5	SRR5176787	5.03748716086642
RP5-1024G6.5	SRR5176788	1.0264449971198473
RP5-1024G6.5	SRR5176789	3.0418486428243874
RP5-1024G6.5	SRR5176790	5.046613496964603
RP5-1024G6.5	SRR5176791	7.060719275249145
RP5-1024G6.5	SRR5176792	4
RP5-1024G6.5	SRR5176793	3.0266525099060924
RP5-1024G6.5	SRR5176794	7.031251137068196
RP5-1024G6.5	SRR5176795	4.016534880096581
RP5-1024G6.5	SRR5176796	2.044476569696381
RP5-1024G6.5	SRR5176797	3.020718112990796
RP5-1024G6.5	SRR5176798	3.0156332567702635
RP5-1024G6.5	SRR5176799	9
RP5-1024G6.5	SRR5176800	3.023262893122918
RP5-1024G6.5	SRR5176801	2.0337238324144606
RP5-1024G6.5	SRR5176802	3.041503544844155
RP5-1024G6.5	SRR5176803	2.00805605907214
RP5-1024G6.5	SRR5176804	3.06337932230283
RP5-1024G6.5	SRR5176805	6.022900091593377
RP5-1024G6.5	SRR5176806	2.0586632064565697
RP5-1024G6.5	SRR5176807	3.0019359099087386
RP5-1024G6.5	SRR5176808	11.003959496968292
RP5-1024G6.5	SRR5176809	3.00432178400522
RP5-1024G6.5	SRR5176810	5
RP5-1024G6.5	SRR5176811	2
RP5-1024G6.5	SRR5176812	2.0021605031148026
RP5-1024G6.5	SRR5176813	3.003240754672204
RP5-1024G6.5	SRR5176814	3
RP5-1024G6.5	SRR5176815	2.027534134478128
RP5-1024G6.5	SRR5176816	4.056096246295516
RP5-1024G6.5	SRR5176817	5.025750618608156
RP5-1024G6.5	SRR5176818	3.007342599072492
RP5-1024G6.5	SRR5176819	3.157575323397819
RP5-1024G6.5	SRR5176820	1.0220622993353137
RP5-1024G6.5	SRR5176821	3.0268874350925334
RP5-1024G6.5	SRR5176822	4.1153304637530645
RP5-1024G6.5	SRR5176823	5.018651358004857
RP5-1024G6.5	SRR5176824	3.016740809122738
RP5-1024G6.5	SRR5176825	6.006481509344408
RP5-1024G6.5	SRR5176826	3.0241805890757676
RP5-1024G6.5	SRR5176827	4.014966863471297
RP5-1024G6.5	SRR5176828	6.023617362292847
RP5-1024G6.5	SRR5176829	3.0079757770856506
RP5-1024G6.5	SRR5176830	3.0010798628095343
RP5-1024G6.5	SRR5176831	6.030491396441536
RP5-1024G6.5	SRR5176832	1.0098220047641269
RP5-1024G6.5	SRR5176833	5.028399658330378
RP5-1024G6.5	SRR5176834	3.01140536032657
RP5-1024G6.5	SRR5176835	5.017430835430486
RP5-1024G6.5	SRR5176836	3.0024761411227656
RP5-1024G6.5	SRR5176837	4.203461253148717
RP5-1024G6.5	SRR5176838	1.0246586529675596
RP5-1024G6.5	SRR5176839	4.161003112343828
RP5-1024G6.5	SRR5176840	5.002326293162896
RP5-1024G6.5	SRR5176841	3.040494675976115
RP5-1024G6.5	SRR5176842	3.0184106263911907
RP5-1024G6.5	SRR5176843	2.0152321932487585
RP5-1024G6.5	SRR5176844	6.017299587898872
RP5-1024G6.5	SRR5176845	5.0720395878764934
RP5-1024G6.5	SRR5176846	2.0088674700003395
RP5-1024G6.5	SRR5176847	5.099060939599028
RP5-1024G6.5	SRR5176848	1.0084182482829835
RP5-1024G6.5	SRR5176849	3.0576785675425917
RP5-1024G6.5	SRR5176850	6.080889407288193
RP5-1024G6.5	SRR5176851	4.004182196963581
RP5-1024G6.5	SRR5176852	2.0438787068796334
RP5-1024G6.5	SRR5176853	4.009790132096656
RP5-1024G6.5	SRR5176854	1.0464063323203885
RP5-1024G6.5	SRR5176855	5.011335820406142
RP5-1024G6.5	SRR5176856	3.047303538869271
RP5-1024G6.5	SRR5176857	6.020796708795886
RP5-1024G6.5	SRR5176858	4.0273790318492715
RP5-1024G6.5	SRR5176859	2.003513764628727
RP5-1024G6.5	SRR5176860	10
RP5-1024G6.5	SRR5176861	3.0057195706502737
RP5-1024G6.5	SRR5176862	5.028853652774685
RP5-1024G6.5	SRR5176863	4.009790132096656
RP5-1024G6.5	SRR5176864	4.01921324815901
RP5-1024G6.5	SRR5176865	2.0038130471001825
RP5-1024G6.5	SRR5176866	4
RP5-1024G6.5	SRR5176867	2.008410953690105
RP5-1024G6.5	SRR5176868	5.17297104094676
RP5-1024G6.5	SRR5176869	6.014685198144984
RP5-1024G6.5	SRR5176870	10.04495162244163
RP5-1024G6.5	SRR5176871	5.016942801413351
RP5-1024G6.5	SRR5176872	1.0190046497146266
RP5-1024G6.5	SRR5861974	3.0391301032776967
RP5-1024G6.5	SRR5861975	4.036092629321414
RP5-1024G6.5	SRR5861976	3.1198758868562058
RP5-1024G6.5	SRR5861977	4
RP5-1024G6.5	SRR5861978	5.0241300470980965
RP5-1024G6.5	SRR5861979	3.0279360091231697
RP5-1024G6.5	SRR5861980	7
RP5-1024G6.5	SRR5861981	3.0593447764175745
RP5-1024G6.5	SRR5861982	1.2333293129099616
RP5-1024G6.5	SRR5861983	4.006483259444528
RP5-1024G6.5	SRR5861984	2.0160291389622196
RP5-1024G6.5	SRR5861985	1.016870477919848
RP5-1024G6.5	SRR5861986	6.0118881153012405
RP5-1024G6.5	SRR5861987	4.05016723785109
RP5-1024G6.5	SRR5861988	5.085322070539883
RP5-1024G6.5	SRR5861989	2.024649655071217
RP5-1024G6.5	SRR5861990	5.014923670314874
RP5-1024G6.5	SRR5861991	3
RP5-1024G6.5	SRR5861992	2
RP5-1024G6.5	SRR5861993	4.014776832919492
RP5-1024G6.5	SRR5861994	5
RP5-1024G6.5	SRR5861995	2.0173400427991455
RP5-1024G6.5	SRR5861996	6.024782890470254
RP5-1024G6.5	SRR5861997	6.152035318424029
RP5-1024G6.5	SRR5861998	5.028498651064044
RP5-1024G6.5	SRR5861999	2.053485289278796
RP5-1024G6.5	SRR5862000	6.002159725619069
RP5-1024G6.5	SRR5862001	3
RP5-1024G6.5	SRR5862002	4.004321006229605
RP5-1024G6.5	SRR5862003	3.007238349933072
RP5-1024G6.5	SRR5862004	4.022039846830364
RP5-1024G6.5	SRR5862005	3.0157475225572776
RP5-1024G6.5	SRR5862006	6.022450295206945
RP5-1024G6.5	SRR5862007	1.008386543590015
RP5-1024G6.5	SRR5862008	2.0079674922843656
RP5-1024G6.5	SRR5862009	6.021182571197559
RP5-1024G6.5	SRR5862010	3.15378364669925
RP5-1024G6.5	SRR5862011	2.0710247930159857
RP5-1024G6.5	SRR5862012	8.055852280591663
RP5-1024G6.5	SRR5862013	5.1032535153660525
RP5-1024G6.5	SRR5862014	1.0048549166779728
RP5-1024G6.5	SRR5862015	4
RP5-1024G6.5	SRR5862016	5.020822120014215
RP5-1024G6.5	SRR5862017	7.057344284512186
RP5-1024G6.5	SRR5862018	5.01990254173369
RP5-1024G6.5	SRR5862019	2.0157753054039076
RP5-1024G6.5	SRR5862020	5.01681866854604
RP5-1024G6.5	SRR5862021	7.041651880267471
RP5-1024G6.5	SRR5862022	3.0144275224633863
RP5-1024G6.5	SRR5862023	1.0074832063331325
RP5-1024G6.5	SRR5862024	2.0053720352279636
RP5-1024G6.5	SRR5862025	5
RP5-1024G6.5	SRR5862026	2.0153427458366506
RP5-1024G6.5	SRR5862027	3.0016199399685184
RP5-1024G6.5	SRR5862028	1.1262536898298274
RP5-1024G6.5	SRR5862029	2.04049037879216
RP5-1024G6.5	SRR5862030	6.016400865188806
RP5-1024G6.5	SRR5862031	5.034530188317993
RP5-1024G6.5	SRR5862032	2.1466323358189947
RP5-1024G6.5	SRR5862033	3.0044958272166156
RP5-1024G6.5	SRR5862034	2.4910323249985717
RP5-1024G6.5	SRR5862035	3.0197356711882
RP5-1024G6.5	SRR5862036	3.0520306176797263
RP5-1024G6.5	SRR5862037	1.0542964573472537
RP5-1024G6.5	SRR5862038	2.158189012575337
RP5-1024G6.5	SRR5862039	8.013810015601699
RP5-1024G6.5	SRR5862040	6.038525529162303
RP5-1024G6.5	SRR5862041	3.0160135636782712
RP5-1024G6.5	SRR5862042	5.04406039412815
RP5-1024G6.5	SRR5862043	10
RP5-1024G6.5	SRR5862044	4.0054632242105885
RP5-1024G6.5	SRR5862045	4.016644742498886
RP5-1024G6.5	SRR5862046	3.023354451437776
RP5-1024G6.5	SRR5862047	1.0087045754820203
RP5-1024G6.5	SRR5862048	1.2470733792685733
RP5-1024G6.5	SRR5862049	2.030863840203127
RP5-1024G6.5	SRR5862050	3.009824800632428
RP5-1024G6.5	SRR5862051	2.009345384224076
RP5-1024G6.5	SRR5862052	6.020732903077321
RP5-1024G6.5	SRR5862053	7.018395540985251
RP5-1024G6.5	SRR5862054	4.104063998027025
RP5-1024G6.5	SRR5862055	1.022637922005436
RP5-1024G6.5	SRR5862056	5.163244335016862
RP5-1024G6.5	SRR5862057	3.022967941625231
RP5-1024G6.5	SRR5862058	2.004534328162457
RP5-1024G6.5	SRR5862059	3.0828609923164354
RP5-1024G6.5	SRR5862060	2.0181662948897268
RP5-1024G6.5	SRR5862061	5.017805570322154
RP5-1024G6.5	SRR5862062	3.0016199399685184
RP5-1024G6.5	SRR5862063	5.0597372696803875
RP5-1024G6.5	SRR5862064	7.013560115985582
RP5-1024G6.5	SRR5862065	3.007554911303485
RP5-1024G6.5	SRR5862066	4.036096730273705
RP5-1024G6.5	SRR5862067	1.2340297724805442
RP5-1024G6.5	SRR5862068	8.037761968514818
RP5-1024G6.5	SRR5862069	3.0063807907634774
RP5-1024G6.5	SRR5862070	5.066376888818591
RP5-1024G6.5	SRR5862071	1.2517458229536382
RP5-1024G6.5	SRR5862072	1.2634612941586179
RP5-1024G6.5	SRR5862073	1.0018591027727843
RP5-1024G6.5	SRR5862074	4.020112561687943
RP5-1024G6.5	SRR5862075	1.0067831870350152
RP5-1024G6.5	SRR5862076	1.240670619317905
RP5-1024G6.5	SRR5862077	11.043164868384606
RP5-1024G6.5	SRR5862078	2.1548782600559933
RP5-1024G6.5	SRR5862079	3.0303079967696975
RP5-1024G6.5	SRR5862080	5.091631105855169
RP5-1024G6.5	SRR5862081	2.0034525039004247
RP5-1024G6.5	SRR5862082	4.015009412750573
RP5-1024G6.5	SRR5862083	2
RP5-1024G6.5	SRR5862084	3.0204507719876905
RP5-1024G6.5	SRR5862085	7
RP5-1024G6.5	SRR5862086	1.0247352824726355
RP5-1024G6.5	SRR5862087	6.070521752612143
RP5-1024G6.5	SRR5862088	2.243442630960256
RP5-1024G6.5	SRR5862089	2.0245061359246903
RP5-1024G6.5	SRR5862090	4.006837874478628
RP5-1024G6.5	SRR5862091	4.055204152909548
RP5-1024G6.5	SRR5862092	1.0205242153246368
RP5-1024G6.5	SRR5862093	11.001979570361472
RP5-1024G6.5	SRR5862094	5.024728373687996
RP5-1024G6.5	SRR5862095	1.0873315399586785
RP5-1024G6.5	SRR5862096	5.010808350291151
RP5-1024G6.5	SRR5862097	5.026245870928796
RP5-1024G6.5	SRR5862098	14.307118842581241
RP5-1024G6.5	SRR5862099	7.156642936255942
RP5-1024G6.5	SRR5862100	7.018395540985251
RP5-1024G6.5	SRR5862101	2.116298018770499
RP5-1024G6.5	SRR5862102	3.017346402996241
RP5-1024G6.5	SRR5862103	4.093214251145866
RP5-1024G6.5	SRR5862104	3.012401160072436
RP5-1024G6.5	SRR5862105	2.0220129522135095
RP5-1024G6.5	SRR5862106	2.0085060173655385
RP5-1024G6.5	SRR5862107	8
RP5-1024G6.5	SRR5862108	4.02739084008191
RP5-1024G6.5	SRR5862109	6.01080640491872
RP5-1024G6.5	SRR5862110	1.0079096360319266
RP5-1024G6.5	SRR5862111	2.029096023518285
RP5-1024G6.5	SRR5862112	2.0074220496282456
RP5-1024G6.5	SRR5862113	1.0086741821784493
RP5-1024G6.5	SRR5862114	6.027853601522203
RP5-1024G6.5	SRR5862115	4.026419957322384
RP5-1024G6.5	SRR5862116	4.101942815389761
RP5-1024G6.5	SRR5862117	6.019548745598063
RP5-1024G6.5	SRR5862118	4.033057531472728
RP5-1024G6.5	SRR5862119	2.00814462976639
RP5-1024G6.5	SRR5862120	2.0018002572549074
RP5-1024G6.5	SRR5862121	3.00432178400522
RP5-1024G6.5	SRR5862122	4.0081575931224895
RP5-1024G6.5	SRR5862123	4.009068656324914
RP5-1024G6.5	SRR5862124	6.019016000687849
RP5-1024G6.5	SRR5862125	7
RP5-1024G6.5	SRR5862126	6.005400771764722
RP5-1024G6.5	SRR5862127	3.0111330744423683
RP5-1024G6.5	SRR5862128	4.014776832919492
RP5-1024G6.5	SRR5862129	3.2349371086184298
RP5-1024G6.5	SRR5862130	3.0185029220822184
RP5-1024G6.5	SRR5862131	6.01360298448737
RP5-1024G6.5	SRR5862132	3.002700385882361
RP5-1024G6.5	SRR5862133	2.0018002572549074
RP5-1024G6.5	SRR5862134	3.0005398828258563
RP5-1024G6.5	SRR5862135	3.0374875611496943
RP5-1024G6.5	SRR5862136	5.001799771349224
RP5-1024G6.5	SRR5862137	5.010808350291151
RP5-1024G6.5	SRR5862138	2.0035326803659137
RP5-1024G6.5	SRR5862139	3.0039649202342478
RP5-1024G6.5	SRR5862140	6.01946554057847
RP5-1024G6.5	SRR5862141	3.0128511489270764
RP5-1024G6.5	SRR5862142	4.010744070455927
RP5-1024G6.5	SRR5862143	6.002159725619069
RP5-1024G6.5	SRR5862144	4.022321078830317
RP5-1024G6.5	SRR5862145	5.016374667720713
RP5-1024G6.5	SRR5862146	1.0133733985581923
RP5-1024G6.5	SRR5862147	3.0214873720588677
RP5-1024G6.5	SRR5862148	3
RP5-1024G6.5	SRR5862149	11.062547359539508
RP5-1024G6.5	SRR5862150	5.012016596696184
RP5-1024G6.5	SRR5862151	2.024093153269608
RP5-1024G6.5	SRR5862152	5.119423491058217
RP5-1024G6.5	SRR5862153	2.0406895307938524
RP5-1024G6.5	SRR5862154	5
RP5-1024G6.5	SRR5862155	4.024849260810467
RP5-1024G6.5	SRR5862156	2.050544530591609
RP5-1024G6.5	SRR5862157	1.025782636703574
RP5-1024G6.5	SRR5862158	3.0016199399685184
RP5-1024G6.5	SRR5862159	5.029181758877775
RP5-1024G6.5	SRR5862160	5.189022156312824
RP5-1024G6.5	SRR5862161	3.008159733135259
RP5-1024G6.5	SRR5862162	3.0097743727990314
RP5-1024G6.5	SRR5862163	3.0101416342693805
RP5-1024G6.5	SRR5862164	4.2001292816571745
RP5-1024G6.5	SRR5862165	10.042943593727843
RP5-1024G6.5	SRR5862166	7.029771060779384
RP5-1024G6.5	SRR5862167	7.01460779314272
RP5-1024G6.5	SRR5862168	5.008257210006363
RP5-1024G6.5	SRR5862169	6.021791780547821
RP5-1024G6.5	SRR5862170	3.032533681725814
RP5-1024G6.5	SRR5862171	3.00504621023375
RP5-1024G6.5	SRR5862172	1.0017262519502124
RP5-1024G6.5	SRR5862173	1.024784508800748
RP5-1024G6.5	SRR5862174	1.0281268623068158
RP5-1024G6.5	SRR5862175	6.028956056517716
RP5-1024G6.5	SRR5862176	2.0342698611709187
RP5-1024G6.5	SRR5862177	5.159341416160103
RP5-1024G6.5	SRR5862178	3.0856054272441686
RP5-1024G6.5	SRR5862179	4.022408810842209
RP5-1024G6.5	SRR5862180	1.163410651901285
RP5-1024G6.5	SRR5862181	5.104433586234351
RP5-1024G6.5	SRR5862182	1.0091326280382285
RP5-1024G6.5	SRR5862183	5.0244210997185315
RP5-1024G6.5	SRR5862184	2.0534473384305447
RP5-1024G6.5	SRR5862185	4
RP5-1024G6.5	SRR5862186	5.036241766349048
RP5-1024G6.5	SRR5862187	4.029628970278075
RP5-1024G6.5	SRR5862188	4.15545303555551
RP5-1024G6.5	SRR5862189	5.040499287121814
RP5-1024G6.5	SRR5862190	5.0066082003904135
RP5-1024G6.5	SRR5862191	3.0345331385458905
RP5-1024G6.5	SRR5862192	1.0447528439170217
RP5-1024G6.5	SRR5862193	4.014244456257723
RP5-1024G6.5	SRR5862194	4.020750803328643
RP5-1024G6.5	SRR5862195	3.018803941673725
RP5-1024G6.5	SRR5862196	4
RP5-1024G6.5	SRR5862197	5
RP5-1024G6.5	SRR5862198	1.1006263597390016
RP5-1024G6.5	SRR5862199	4.009790132096656
RP5-1024G6.5	SRR5862200	3.0063524069444965
RP5-1024G6.5	SRR5862201	51.49437437313044
RP5-1024G6.5	SRR5862202	1.0211835799356648
RP5-1024G6.5	SRR5862203	2.066964378375724
RP5-1024G6.5	SRR5862204	3
RP5-1024G6.5	SRR5862205	5
RP5-1024G6.5	SRR5862206	4.071096954499579
RP5-1024G6.5	SRR5862207	2.0105255497845578
RP5-1024G6.5	SRR5862208	4.075709484543761
RP5-1024G6.5	SRR5862209	2.0222531624643754
RP5-1024G6.5	SRR5862210	4
RP5-1024G6.5	SRR5862211	5.1608841469724265
RP5-1024G6.5	SRR5862212	3.0263428115894904
RP5-1024G6.5	SRR5862213	3.0137249096941092
RP5-1024G6.5	SRR5862214	6.016192307436591
RP5-1024G6.5	SRR5862215	6.014236015255261
RP5-1024G6.5	SRR5862216	5.017805570322154
RP5-1024G6.5	SRR5862217	4.025751135186134
RP5-1024G6.5	SRR5862218	4.003600514509815
RP5-1024G6.5	SRR5862219	1.022945581707591
RP5-1024G6.5	SRR5862220	4.017857792610398
RP5-1024G6.5	SRR5862221	10
RP5-1024G6.5	SRR5862222	6.019384100196645
RP5-1024G6.5	SRR5862223	1.0429841423303001
RP5-1024G6.5	SRR5862224	3.022934929563117
RP5-1024G6.5	SRR5862225	5.013119176661995
RP5-1024G6.5	SRR5862226	1.0010802515574013
RP5-1024G6.5	SRR5862227	9
RP5-1024G6.5	SRR5862228	1.0088969487682873
RP5-1024G6.5	SRR5862229	3.0175090553266655
RP5-1024G6.5	SRR5862230	2.0104646636614536
RP5-1024G6.5	SRR5862231	5.010196991403112
RP5-1024G6.5	SRR5862232	3.0445031042155293
RP5-1024G6.5	SRR5862233	5.013667387657339
RP5-1024G6.5	SRR5862234	2.0115496850293297
RP5-1024G6.5	SRR5862235	4.003600514509815
RP5-1024G6.5	SRR5862236	4.008469875925996
RP5-1024G6.5	SRR5862237	3.092088701438565
RP5-1024G6.5	SRR5862238	6.004952282245531
RP5-1024G6.5	SRR5862239	5.03821905653931
RP5-1024G6.5	SRR5862240	6.0162169038378694
RP5-1024G6.5	SRR5862241	1.0061466694539738
RP5-1024G6.5	SRR5862242	2.0136681757411443
RP5-1024G6.5	SRR5862243	3.0165254229633067
RP5-1024G6.5	SRR5862244	3.0421886150608715
RP5-1024G6.5	SRR5862245	3.0537339701711494
RP5-1024G6.5	SRR5862246	7.0131872448165256
RP5-1024G6.5	SRR5862247	6.032846561774103
RP5-1024G6.5	SRR5862248	4.002880152427062
RP5-1024G6.5	SRR5862249	2.029648979028344
RP5-1024G6.5	SRR5862250	2.0210593469865143
RP5-1024G6.5	SRR5862251	4.040333186443009
RP5-1024G6.5	SRR5862252	7.017656817013095
RP5-1024G6.5	SRR5862253	1.0076222154653056
RP5-1024G6.5	SRR5862254	3.020851349858956
RP5-1024G6.5	SRR5862255	1.0077540024677532
RP5-1024G6.5	SRR5862256	6.092582901359581
RP5-1024G6.5	SRR5862257	3.0399996085504775
RP5-1024G6.5	SRR5862258	10.025530571389481
RP5-1024G6.5	SRR5862259	2.0268290258529236
RP5-1024G6.5	SRR5862260	3.1923405587415945
RP5-1024G6.5	SRR5862261	5.0810609504842965
RP5-1024G6.5	SRR5862262	4.03873350007289
RP5-1024G6.5	SRR5862263	3.135068156869374
RP5-1024G6.5	SRR5862264	6.033932238524011
RP5-1024G6.5	SRR5862265	4.00474252697316
RP5-1024G6.5	SRR5862266	6.032561023885479
RP5-1024G6.5	SRR5862267	1.0548744221196733
RP5-1024G6.5	SRR5862268	3.014478028258858
RP5-1024G6.5	SRR5862269	1.0038780714396673
RP5-1024G6.5	SRR5862270	4.00887890493844
RP5-1024G6.5	SRR5862271	3.017591591842267
RP5-1024G6.5	SRR5862272	3.0331381883500113
RP5-1024G6.5	SRR5862273	2.0066301675076152
RP5-1024G6.5	SRR5862274	9.040855213758851
RP5-1024G6.5	SRR5862275	4.05118559254815
RP5-1024G6.5	SRR5862276	2.0342651494955435
RP5-1024G6.5	SRR5862277	6.074447392512695
RP5-1024G6.5	SRR5949109	1.1543930374941627
RP5-1024G6.5	SRR5949110	1.1528629477900991
RP5-1024G6.5	SRR5949111	1.1543861423812125
RP5-1024G6.5	SRR5949112	1.1544080735423528
RP5-1024G6.5	SRR5949113	1.1538715423531325
RP5-1024G6.5	SRR5949114	1.1544080735423528
RP5-1024G6.5	SRR5949115	1.1543930374941627
RP5-1024G6.5	SRR5949116	1.154328975937927
RP5-1024G6.5	SRR5949117	1.1544080735423528
RP5-1024G6.5	SRR5949118	1.1542881659876676
RP5-1024G6.5	SRR5949119	1.1544066367558048
RP5-1024G6.5	SRR5949120	1.1542612816136126
RP5-1024G6.5	SRR5949121	1.1542612816136126
RP5-1024G6.5	SRR5949122	1.1542193125787963
RP5-1024G6.5	SRR5949123	1.154119770897195
RP5-1024G6.5	SRR5949124	1.1536303593625774
RP5-1024G6.5	SRR5949125	1.1538715423531325
RP5-1024G6.5	SRR5949126	1.1542193125787963
RP5-1024G6.5	SRR5949127	1.1542612816136126
RP5-1024G6.5	SRR5949128	1.1542612816136126
RP5-1024G6.5	SRR5949129	1.1544066367558048
RP5-1024G6.5	SRR5949130	1.1543861423812125
RP5-1024G6.5	SRR5949131	1.1541454974839138
RP5-1024G6.5	SRR5949132	1.1543930374941627
RP5-1024G6.5	SRR5949133	1.154243037085462
RP5-1024G6.5	SRR5949134	1.1544080735423528
RP5-1024G6.5	SRR5949135	1.1543244711383844
RP5-1024G6.5	SRR5949136	1.1544018504729736
RP5-1024G6.5	SRR5949137	1.1537285180296166
RP5-1024G6.5	SRR5949138	1.154127700715507
RP5-1024G6.5	SRR5949139	1.1542342444976637
RP5-1024G6.5	SRR5949140	1.1543861423812125
RP5-1024G6.5	SRR5949141	1.1544066367558048
RP5-1024G6.5	SRR5949142	1.1543861423812125
RP5-1024G6.5	SRR5949143	1.1544080735423528
RP5-1024G6.5	SRR5949144	1.154243037085462
RP5-1024G6.5	SRR5949145	1.1542881659876676
RP5-1024G6.5	SRR5949146	1.1542763738511965
RP5-1024G6.5	SRR5949147	1.1542763738511965
RP5-1024G6.5	SRR5949148	1.1535426695350546
RP5-1024G6.5	SRR5949149	1.1542881659876676
RP5-1024G6.5	SRR5949150	1.1544066367558048
RP5-1024G6.5	SRR5949151	1.1540843659274789
RP5-1024G6.5	SRR5949152	1.1521642390280358
RP5-1024G6.5	SRR5949153	1.1542129775631536
RP5-1024G6.5	SRR5949154	1.1532523441137337
RP5-1024G6.5	SRR5949155	1.1542881659876676
RP5-1024G6.5	SRR5949156	1.1544066367558048
RP5-1024G6.5	SRR5949157	1.1543930374941627
RP5-1024G6.5	SRR5949158	1.1544080735423528
RP5-1024G6.5	SRR5949159	1.1533709738650642
RP5-1024G6.5	SRR5949160	1.1543930374941627
RP5-1024G6.5	SRR5949161	1.1543861423812125
RP5-1024G6.5	SRR5949162	1.1543930374941627
RP5-1024G6.5	SRR5949163	1.1544066367558048
RP5-1024G6.5	SRR5949164	1.1544080735423528
RP5-1024G6.5	SRR5949165	1.154328975937927
RP5-1024G6.5	SRR5949166	1.1544066367558048
RP5-1024G6.5	SRR5949167	1.1542881659876676
RP5-1024G6.5	SRR5949168	1.1543244711383844
RP5-1024G6.5	SRR5949169	1.1496389762158161
RP5-1024G6.5	SRR5949170	1.1544080735423528
RP5-1024G6.5	SRR5949171	1.1541360045743105
RP5-1024G6.5	SRR5949172	1.1541312616794417
RP5-1024G6.5	SRR5949173	1.1543930374941627
RP5-1024G6.5	SRR5949174	1.1543244711383844
RP5-1024G6.5	SRR5949175	1.1544080735423528
RP5-1024G6.5	SRR5949176	1.1542612816136126
RP5-1024G6.5	SRR5949177	1.153448318699057
RP5-1024G6.5	SRR5949178	1.1542129775631536
RP5-1024G6.5	SRR5949179	1.1543861423812125
RP5-1024G6.5	SRR5949180	1.1544080735423528
RP5-1024G6.5	SRR5949181	1.1544018504729736
RP5-1024G6.5	SRR5949182	1.154243037085462
RP5-1024G6.5	SRR5949183	1.1544066367558048
RP5-1024G6.5	SRR5949184	1.154328975937927
RP5-1024G6.5	SRR5949185	1.1541312616794417
RP5-1024G6.5	SRR5949186	1.1537962707798937
RP5-1024G6.5	SRR5949187	1.1543861423812125
RP5-1024G6.5	SRR5949188	1.1543244711383844
RP5-1024G6.5	SRR5949189	1.1542612816136126
RP5-1024G6.5	SRR5949190	1.1542881659876676
RP5-1024G6.5	SRR5949191	1.1541360045743105
RP5-1024G6.5	SRR5949192	1.1544018504729736
RP5-1024G6.5	SRR5949193	1.1544066367558048
RP5-1024G6.5	SRR5949194	1.1543930374941627
RP5-1024G6.5	SRR5949195	1.154328975937927
RP5-1024G6.5	SRR5949196	1.1541454974839138
RP5-1024G6.5	SRR5949197	1.153987572083333
RP5-1024G6.5	SRR5949198	1.153664101949279
RP5-1024G6.5	SRR5949199	1.1542193125787963
RP5-1024G6.5	SRR5949200	1.1544066367558048
RP5-1024G6.5	SRR5949201	1.1543244711383844
RP5-1024G6.5	SRR5949202	1.1543861423812125
RP5-1024G6.5	SRR5949203	1.1543930374941627
RP5-1024G6.5	SRR5949204	1.1544080735423528
RP5-1024G6.5	SRR5949205	1.1544080735423528
RP5-1024G6.5	SRR5949206	1.154328975937927
RP5-1024G6.5	SRR5949207	1.1543930374941627
RP5-1024G6.5	SRR5949208	1.1542881659876676
RP5-1024G6.5	SRR5949209	1.1543930374941627
RP5-1024G6.5	SRR5949210	1.1543244711383844
RP5-1024G6.5	SRR5949211	1.153987572083333
RP5-1024G6.5	SRR5949212	1.1543244711383844
RP5-1024G6.5	SRR5949213	1.1542193125787963
RP5-1024G6.5	SRR5949214	1.1540843659274789
RP5-1024G6.5	SRR5949215	1.1542612816136126
RP5-1024G6.5	SRR5949216	1.1543861423812125
RP5-1024G6.5	SRR5949217	1.1543861423812125
RP5-1024G6.5	SRR5949218	1.154243037085462
RP5-1024G6.5	SRR5949219	1.1542612816136126
RP5-1024G6.5	SRR5949220	1.1541312616794417
RP5-1024G6.5	SRR5949221	1.1540843659274789
RP5-1024G6.5	SRR5949222	1.1542612816136126
RP5-1024G6.5	SRR5949223	1.153448318699057
RP5-1024G6.5	SRR5949224	1.1542881659876676
RP5-1024G6.5	SRR5949225	1.1544018504729736
RP5-1024G6.5	SRR5949226	1.1541312616794417
RP5-1024G6.5	SRR5949227	1.1544018504729736
RP5-1024G6.5	SRR5949228	1.1541312616794417
RP5-1024G6.5	SRR5949229	1.154127700715507
RP5-1024G6.5	SRR5949230	1.1544018504729736
RP5-1024G6.5	SRR5949231	1.1540286696356532
RP5-1024G6.5	SRR5949232	1.1531855179973023
RP5-1024G6.5	SRR5949233	1.1534681238443258
RP5-1024G6.5	SRR5949234	1.1542763738511965
RP5-1024G6.5	SRR5949235	1.1541312616794417
RP5-1024G6.5	SRR5949236	1.1524349692227331
RP5-1024G6.5	SRR5949237	1.1540286696356532
RP5-1024G6.5	SRR5949238	1.1537962707798937
RP5-1024G6.5	SRR5949239	1.152631812552955
RP5-1024G6.5	SRR5949240	1.1544066367558048
RP5-1024G6.5	SRR5949241	1.1542881659876676
RP5-1024G6.5	SRR5949242	1.1543244711383844
RP5-1024G6.5	SRR5949243	1.1542129775631536
RP5-1024G6.5	SRR5949244	1.1542193125787963
RP5-1024G6.5	SRR5949245	1.1542342444976637
RP5-1024G6.5	SRR5949246	1.1543244711383844
RP5-1024G6.5	SRR5949247	1.1542763738511965
RP5-1024G6.5	SRR5949248	1.154328975937927
RP5-1024G6.5	SRR5949249	1.1543244711383844
RP5-1024G6.5	SRR5949250	1.1544080735423528
RP5-1024G6.5	SRR5949251	1.1541312616794417
RP5-1024G6.5	SRR5949252	1.1543930374941627
RP5-1024G6.5	SRR5949253	1.1539534513664238
RP5-1024G6.5	SRR5949254	1.154099487946561
RP5-1024G6.5	SRR5949255	1.1543244711383844
RP5-1024G6.5	SRR5949256	1.1542342444976637
RP5-1024G6.5	SRR5949257	1.1544066367558048
RP5-1024G6.5	SRR5949258	1.1544066367558048
RP5-1024G6.5	SRR5949259	1.154243037085462
RP5-1024G6.5	SRR5949260	1.1544080735423528
RP5-1024G6.5	SRR5949261	1.1544080735423528
RP5-1024G6.5	SRR5949262	1.1542193125787963
RP5-1024G6.5	SRR5949263	1.154328975937927
RP5-1024G6.5	SRR5949264	1.1542612816136126
RP5-1024G6.5	SRR5949265	1.1543930374941627
RP5-1024G6.5	SRR5949266	1.1537626724135772
RP5-1024G6.5	SRR5949267	1.1537779842987672
RP5-1024G6.5	SRR5949268	1.1544018504729736
RP5-1024G6.5	SRR5949269	1.1542612816136126
RP5-1024G6.5	SRR5949270	1.1543244711383844
RP5-1024G6.5	SRR5949271	1.154119770897195
RP5-1024G6.5	SRR5949272	1.1544080735423528
RP5-1024G6.5	SRR5949273	1.1544080735423528
RP5-1024G6.5	SRR5949274	1.154328975937927
RP5-1024G6.5	SRR5949275	1.154099487946561
RP5-1024G6.5	SRR5949276	1.154328975937927
RP5-1024G6.5	SRR5949277	1.1537779842987672
RP5-1024G6.5	SRR5949278	1.1543861423812125
RP5-1024G6.5	SRR5949279	1.1543861423812125
RP5-1024G6.5	SRR5949280	1.1539394876265088
RP5-1024G6.5	SRR5949281	1.1543244711383844
RP5-1024G6.5	SRR5949282	1.1544080735423528
RP5-1024G6.5	SRR5949283	1.154043329391819
RP5-1024G6.5	SRR5949284	1.1544080735423528
RP5-1024G6.5	SRR5949285	1.15317802952035
RP5-1024G6.5	SRR5949286	1.1537626724135772
RP5-1024G6.5	SRR5949287	1.1544080735423528
RP5-1024G6.5	SRR5949288	1.1543861423812125
RP5-1024G6.5	SRR5949289	1.1542342444976637
RP5-1024G6.5	SRR5949290	1.1544080735423528
RP5-1024G6.5	SRR5949291	1.1543244711383844
RP5-1024G6.5	SRR5949292	1.1542763738511965
RP5-1024G6.5	SRR5949293	1.1544080735423528
RP5-1024G6.5	SRR5949294	1.1544066367558048
RP5-1024G6.5	SRR5949295	1.1543861423812125
RP5-1024G6.5	SRR5949296	1.154328975937927
RP5-1024G6.5	SRR5949297	1.1543930374941627
RP5-1024G6.5	SRR5949298	1.1541360045743105
RP5-1024G6.5	SRR5949299	1.1542763738511965
RP5-1024G6.5	SRR5949300	1.1544066367558048
RP5-1024G6.5	SRR5949301	1.1544066367558048
RP5-1024G6.5	SRR5949302	1.1542342444976637
RP5-1024G6.5	SRR5949303	1.1541454974839138
RP5-1024G6.5	SRR5949304	1.1543930374941627
RP5-1024G6.5	SRR5949305	1.1537652995205527
RP5-1024G6.5	SRR5949306	1.1543930374941627
RP5-1024G6.5	SRR5949307	1.1542763738511965
RP5-1024G6.5	SRR5949308	1.154328975937927
RP5-1024G6.5	SRR5949309	1.154119770897195
RP5-1024G6.5	SRR5949310	1.154119770897195
RP5-1024G6.5	SRR5949311	1.1542763738511965
RP5-1024G6.5	SRR5949312	1.1540148338403267
RP5-1024G6.5	SRR5949313	1.1543244711383844
RP5-1024G6.5	SRR5949314	1.1544066367558048
RP5-1024G6.5	SRR5949315	1.1543244711383844
RP5-1024G6.5	SRR5949316	1.1543861423812125
RP5-1024G6.5	SRR5949317	1.1538444146289202
RP5-1024G6.5	SRR5949318	1.1537833054890896
RP5-1024G6.5	SRR5949319	1.1543930374941627
RP5-1024G6.5	SRR5949320	1.1544080735423528
RP5-1024G6.5	SRR5949321	1.154328975937927
RP5-1024G6.5	SRR5949322	1.1541312616794417
RP5-1024G6.5	SRR5949323	1.1543244711383844
RP5-1024G6.5	SRR5949324	1.1544080735423528
RP5-1024G6.5	SRR5949325	1.1543861423812125
RP5-1024G6.5	SRR5949326	1.1542881659876676
RP5-1024G6.5	SRR5949327	1.1537250692562184
RP5-1024G6.5	SRR5949328	1.1543930374941627
RP5-1024G6.5	SRR5949329	1.1544018504729736
RP5-1024G6.5	SRR5949330	1.1543861423812125
RP5-1024G6.5	SRR5949331	1.1544018504729736
RP5-1024G6.5	SRR5949332	1.1544080735423528
RP5-1024G6.5	SRR5949333	1.154243037085462
RP5-1024G6.5	SRR5949334	1.1540148338403267
RP5-1024G6.5	SRR5949335	1.1544066367558048
RP5-1024G6.5	SRR5949336	1.154328975937927
RP5-1024G6.5	SRR5949337	1.1544018504729736
RP5-1024G6.5	SRR5949338	1.1543861423812125
RP5-1024G6.5	SRR5949339	1.1543861423812125
RP5-1024G6.5	SRR5949340	1.1541454974839138
RP5-1024G6.5	SRR5949341	1.154243037085462
RP5-1024G6.5	SRR5949342	1.1543930374941627
RP5-1024G6.5	SRR5949343	1.1542612816136126
RP5-1024G6.5	SRR5949344	1.1543930374941627
RP5-1024G6.5	SRR5949345	1.1544018504729736
RP5-1024G6.5	SRR5949346	1.1537070312898285
RP5-1024G6.5	SRR5949347	1.1539830975965506
RP5-1024G6.5	SRR5949348	1.1532222126984653
RP5-1024G6.5	SRR5949349	1.1543861423812125
RP5-1024G6.5	SRR5949350	1.1543244711383844
RP5-1024G6.5	SRR5949351	1.1543244711383844
RP5-1024G6.5	SRR5949352	1.154328975937927
RP5-1024G6.5	SRR5949353	1.1543861423812125
RP5-1024G6.5	SRR5949354	1.154118135098547
RP5-1024G6.5	SRR5949355	1.1542763738511965
RP5-1024G6.5	SRR5949356	1.1513016641508953
RP5-1024G6.5	SRR5949357	1.1542763738511965
RP5-1024G6.5	SRR5949358	1.1542881659876676
RP5-1024G6.5	SRR5949359	1.1543861423812125
RP5-1024G6.5	SRR5949360	1.154243037085462
RP5-1024G6.5	SRR5949361	1.1542342444976637
RP5-1024G6.5	SRR5949362	1.1524373005233322
RP5-1024G6.5	SRR5949363	1.1544018504729736
RP5-1024G6.5	SRR5949364	1.1541344162995835
RP5-1024G6.5	SRR5949365	1.1539534513664238
RP5-1024G6.5	SRR5949366	1.151926209413139
RP5-1024G6.5	SRR5949367	1.1544080735423528
RP5-1024G6.5	SRR5949368	1.1532936707463863
RP5-1024G6.5	SRR5949369	1.1544066367558048
RP5-1024G6.5	SRR5949370	1.1543930374941627
RP5-1024G6.5	SRR5949371	1.154127700715507
RP5-1024G6.5	SRR5949372	1.1543244711383844
RP5-1024G6.5	SRR5949373	1.1544066367558048
RP5-1024G6.5	SRR5949374	1.1541360045743105
RP5-1024G6.5	SRR5949375	1.1544066367558048
RP5-1024G6.5	SRR5949376	1.1544080735423528
RP5-1024G6.5	SRR5949377	1.1543861423812125
RP5-1024G6.5	SRR5949378	1.1544080735423528
RP5-1024G6.5	SRR5949379	1.1543861423812125
RP5-1024G6.5	SRR5949380	1.1535503567545762
RP5-1024G6.5	SRR5949381	1.154099487946561
RP5-1024G6.5	SRR5949382	1.1543861423812125
RP5-1024G6.5	SRR5949383	1.1542193125787963
RP5-1024G6.5	SRR5949384	1.1544066367558048
RP5-1024G6.5	SRR5949385	1.1542129775631536
RP5-1024G6.5	SRR5949386	1.1544080735423528
RP5-1024G6.5	SRR5949387	1.1525536382806347
RP5-1024G6.5	SRR5949388	1.1540976154898277
RP5-1024G6.5	SRR5949389	1.1544080735423528
RP5-1024G6.5	SRR5949390	1.1543244711383844
RP5-1024G6.5	SRR5949391	1.154127700715507
RP5-1024G6.5	SRR5949392	1.1544080735423528
RP5-1024G6.5	SRR5949393	1.154127700715507
RP5-1024G6.5	SRR5949394	1.154043329391819
RP5-1024G6.5	SRR5949395	1.1543244711383844
RP5-1024G6.5	SRR5949396	1.153448318699057
RP5-1024G6.5	SRR5949397	1.1544066367558048
RP5-1024G6.5	SRR5949398	1.1544018504729736
RP5-1024G6.5	SRR5949399	1.1542881659876676
RP5-1024G6.5	SRR5949400	1.148920661344423
RP5-1024G6.5	SRR5949401	1.1544080735423528
RP5-1024G6.5	SRR5949402	1.154328975937927
RP5-1024G6.5	SRR5949403	1.1542612816136126
RP5-1024G6.5	SRR5949404	1.154127700715507
RP5-1024G6.5	SRR5949405	1.1543861423812125
RP5-1024G6.5	SRR5949406	1.1544066367558048
RP5-1024G6.5	SRR5949407	1.1543861423812125
RP5-1024G6.5	SRR5949408	1.1543861423812125
RP5-1024G6.5	SRR5949409	1.154328975937927
RP5-1024G6.5	SRR5949410	1.1543244711383844
RP5-1024G6.5	SRR5949411	1.1544080735423528
RP5-1024G6.5	SRR5949412	1.1542193125787963
RP5-1024G6.5	SRR5949413	1.154328975937927
RP5-1024G6.5	SRR5949414	1.1543861423812125
RP5-1024G6.5	SRR5949415	1.1543930374941627
RP5-1024G6.5	SRR5949416	1.1542763738511965
RP5-1024G6.5	SRR5949417	1.154243037085462
RP5-1024G6.5	SRR5949418	1.1543861423812125
RP5-1024G6.5	SRR5949419	1.1543930374941627
RP5-1024G6.5	SRR5949420	1.1542612816136126
RP5-1024G6.5	SRR5949421	1.154243037085462
RP5-1024G6.5	SRR5949422	1.1542763738511965
RP5-1024G6.5	SRR5949423	1.1542763738511965
RP5-1024G6.5	SRR5949424	1.1544080735423528
RP5-1024G6.5	SRR5949425	1.1542763738511965
RP5-1024G6.5	SRR5949426	1.1544018504729736
RP5-1024G6.5	SRR5949427	1.1542763738511965
RP5-1024G6.5	SRR5949428	1.1544080735423528
RP5-1024G6.5	SRR5949429	1.1540148338403267
RP5-1024G6.5	SRR5949430	1.1543244711383844
RP5-1024G6.5	SRR5949431	1.1543244711383844
RP5-1024G6.5	SRR5949432	1.1543244711383844
RP5-1024G6.5	SRR5949433	1.1542881659876676
RP5-1024G6.5	SRR5949434	1.1542881659876676
RP5-1024G6.5	SRR5949435	1.154099487946561
RP5-1024G6.5	SRR5949436	1.1543930374941627
RP5-1024G6.5	SRR5949437	1.1540843659274789
RP5-1024G6.5	SRR5949438	1.1539394876265088
RP5-1024G6.5	SRR5949439	1.1544066367558048
RP5-1024G6.5	SRR5949440	1.1544018504729736
RP5-1024G6.5	SRR5949441	1.1544018504729736
RP5-1024G6.5	SRR5949442	1.1541454974839138
RP5-1024G6.5	SRR5949443	1.1541312616794417
RP5-1024G6.5	SRR5949444	1.1540976154898277
RP5-1024G6.5	SRR5949445	1.1544080735423528
RP5-1024G6.5	SRR5949446	1.1543930374941627
RP5-1024G6.5	SRR5949447	1.1542763738511965
RP5-1024G6.5	SRR5949448	1.1544080735423528
RP5-1024G6.5	SRR5949449	1.1544080735423528
RP5-1024G6.5	SRR5949450	1.1543244711383844
RP5-1024G6.5	SRR5949451	1.154243037085462
RP5-1024G6.5	SRR5949452	1.1543244711383844
RP5-1024G6.5	SRR5949453	1.1542881659876676
RP5-1024G6.5	SRR5949454	1.1543861423812125
RP5-1024G6.5	SRR5949455	1.1542763738511965
RP5-1024G6.5	SRR5949456	1.1544066367558048
RP5-1024G6.5	SRR5949457	1.1544018504729736
RP5-1024G6.5	SRR5949458	1.1544066367558048
RP5-1024G6.5	SRR5949459	1.154328975937927
RP5-1024G6.5	SRR5949460	1.154127700715507
RP5-1024G6.5	SRR5949461	1.1537652995205527
RP5-1024G6.5	SRR5949462	1.1543930374941627
RP5-1024G6.5	SRR5949463	1.154119770897195
RP5-1024G6.5	SRR5949464	1.154043329391819
RP5-1024G6.5	SRR5949465	1.1535426695350546
RP5-1024G6.5	SRR5949466	1.1543244711383844
RP5-1024G6.5	SRR5949467	1.1536303593625774
RP5-1024G6.5	SRR5949468	1.1543930374941627
RP5-1024G6.5	SRR5949469	1.1544018504729736
RP5-1024G6.5	SRR5949470	1.1543861423812125
RP5-1024G6.5	SRR5949471	1.1542612816136126
RP5-1024G6.5	SRR5949472	1.154328975937927
RP5-1024G6.5	SRR5949473	1.154328975937927
RP5-1024G6.5	SRR5949474	1.1542881659876676
RP5-1024G6.5	SRR5949475	1.1544080735423528
RP5-1024G6.5	SRR5949476	1.1543861423812125
RP5-1024G6.5	SRR5949477	1.1544018504729736
RP5-1024G6.5	SRR5949478	1.154328975937927
RP5-1024G6.5	SRR5949479	1.1538444146289202
RP5-1024G6.5	SRR5949480	1.1542612816136126
RP5-1024G6.5	SRR5949481	1.1544018504729736
RP5-1024G6.5	SRR5949482	1.1542129775631536
RP5-1024G6.5	SRR5949483	1.1538715423531325
RP5-1024G6.5	SRR5949484	1.1543930374941627
RP5-1024G6.5	SRR5949485	1.154099487946561
RP5-1024G6.5	SRR5949486	1.1542881659876676
RP5-1024G6.5	SRR5949487	1.1542612816136126
RP5-1024G6.5	SRR5949488	1.153987572083333
RP5-1024G6.5	SRR5949489	1.1541344162995835
RP5-1024G6.5	SRR5949490	1.1541360045743105
RP5-1024G6.5	SRR5949491	1.1542881659876676
RP5-1024G6.5	SRR5949492	1.1541360045743105
RP5-1024G6.5	SRR5949493	1.154243037085462
RP5-1024G6.5	SRR5949494	1.1544080735423528
RP5-1024G6.5	SRR5949495	1.154043329391819
RP5-1024G6.5	SRR5949496	1.154243037085462
RP5-1024G6.5	SRR5949497	1.1542612816136126
RP5-1024G6.5	SRR5949498	1.1543244711383844
RP5-1024G6.5	SRR5949499	1.1543930374941627
RP5-1024G6.5	SRR5949500	1.1539304288892793
RP5-1024G6.5	SRR5949501	1.1541014455850918
RP5-1024G6.5	SRR5949502	1.1538715423531325
RP5-1024G6.5	SRR5949503	1.1541360045743105
RP5-1024G6.5	SRR5949504	1.1543861423812125
RP5-1024G6.5	SRR5949505	1.1543861423812125
RP5-1024G6.5	SRR5949506	1.1543861423812125
RP5-1024G6.5	SRR5949507	1.1544018504729736
RP5-1024G6.5	SRR5949508	1.154243037085462
RP5-1024G6.5	SRR5949509	1.1543930374941627
RP5-1024G6.5	SRR5949510	1.1543861423812125
RP5-1024G6.5	SRR5949511	1.1536505416463956
RP5-1024G6.5	SRR5949512	1.154328975937927
RP5-1024G6.5	SRR5949513	1.1544080735423528
RP5-1024G6.5	SRR5949514	1.1542193125787963
RP5-1024G6.5	SRR5949515	1.1543930374941627
RP5-1024G6.5	SRR5949516	1.1543244711383844
RP5-1024G6.5	SRR5949517	1.1543861423812125
RP5-1024G6.5	SRR5949518	1.1538715423531325
RP5-1024G6.5	SRR5949519	1.154127700715507
RP5-1024G6.5	SRR5949520	1.1544018504729736
RP5-1024G6.5	SRR5949521	1.1537652995205527
RP5-1024G6.5	SRR5949522	1.154328975937927
RP5-1024G6.5	SRR5949523	1.1544018504729736
RP5-1024G6.5	SRR5949524	1.1542881659876676
RP5-1024G6.5	SRR5949525	1.1542129775631536
RP5-1024G6.5	SRR5949526	1.1537070312898285
RP5-1024G6.5	SRR5949527	1.1541360045743105
RP5-1024G6.5	SRR5949528	1.1530313538581225
RP5-1024G6.5	SRR5949529	1.1541014455850918
RP5-1024G6.5	SRR5949530	1.1542612816136126
RP5-1024G6.5	SRR5949531	1.1542342444976637
RP5-1024G6.5	SRR5949532	1.1544018504729736
RP5-1024G6.5	SRR5949533	1.1544080735423528
RP5-1024G6.5	SRR5949534	1.1541454974839138
RP5-1024G6.5	SRR5949535	1.1543861423812125
RP5-1024G6.5	SRR5949536	1.1543244711383844
RP5-1024G6.5	SRR5949537	1.1543930374941627
RP5-1024G6.5	SRR5949538	1.1544080735423528
RP5-1024G6.5	SRR5949539	1.154243037085462
RP5-1024G6.5	SRR5949540	1.154118135098547
RP5-1024G6.5	SRR5949541	1.1542612816136126
RP5-1024G6.5	SRR5949542	1.154118135098547
RP5-1024G6.5	SRR5949543	1.1542881659876676
RP5-1024G6.5	SRR5949544	1.154127700715507
RP5-1024G6.5	SRR5949545	1.1539394876265088
RP5-1024G6.5	SRR5949546	1.1541360045743105
RP5-1024G6.5	SRR5949547	1.1544080735423528
RP5-1024G6.5	SRR5949548	1.1542881659876676
RP5-1024G6.5	SRR5949549	1.1539534513664238
RP5-1024G6.5	SRR5949550	1.1535522984622077
RP5-1024G6.5	SRR5949551	1.154328975937927
RP5-1024G6.5	SRR5949552	1.154043329391819
RP5-1024G6.5	SRR5949553	1.1544066367558048
RP5-1024G6.5	SRR5949554	1.1543861423812125
RP5-1024G6.5	SRR5949555	1.1452054817287791
RP5-1024G6.5	SRR5949556	1.154099487946561
RP5-1024G6.5	SRR5949557	1.1542881659876676
RP5-1024G6.5	SRR5949558	1.154043329391819
RP5-1024G6.5	SRR5949559	1.1543930374941627
RP5-1024G6.5	SRR5949560	1.1544018504729736
RP5-1024G6.5	SRR5949561	1.1537430923754213
RP5-1024G6.5	SRR5949562	1.154043329391819
RP5-1024G6.5	SRR5949563	1.1542763738511965
RP5-1024G6.5	SRR5949564	1.1543244711383844
RP5-1024G6.5	SRR5949565	1.1544066367558048
RP5-1024G6.5	SRR5949566	1.1543861423812125
RP5-1024G6.5	SRR5949567	1.1525839843466772
RP5-1024G6.5	SRR5949568	1.154118135098547
RP5-1024G6.5	SRR5949569	1.1541344162995835
RP5-1024G6.5	SRR5949570	1.1542612816136126
RP5-1024G6.5	SRR5949571	1.1539394876265088
RP5-1024G6.5	SRR5949572	1.154243037085462
RP5-1024G6.5	SRR5949573	1.154127700715507
RP5-1024G6.5	SRR5949574	1.1542881659876676
RP5-1024G6.5	SRR5949575	1.154243037085462
RP5-1024G6.5	SRR5949576	1.1542129775631536
RP5-1024G6.5	SRR5949577	1.1544066367558048
RP5-1024G6.5	SRR5949578	1.1543244711383844
RP5-1024G6.5	SRR5949579	1.1543861423812125
RP5-1024G6.5	SRR5949580	1.1543930374941627
RP5-1024G6.5	SRR5949581	1.1544080735423528
RP5-1024G6.5	SRR5949582	1.1541312616794417
RP5-1024G6.5	SRR5949583	1.1544066367558048
RP5-1024G6.5	SRR5949584	1.1536496989510014
RP5-1024G6.5	SRR5949585	1.154328975937927
RP5-1024G6.5	SRR5949586	1.1543861423812125
RP5-1024G6.5	SRR5949587	1.1542881659876676
RP5-1024G6.5	SRR5949588	1.153006792126308
RP5-1024G6.5	SRR5949589	1.1544080735423528
RP5-1024G6.5	SRR5949590	1.1541360045743105
RP5-1024G6.5	SRR5949591	1.1543930374941627
RP5-1024G6.5	SRR5949592	1.154243037085462
RP5-1024G6.5	SRR5949593	1.1544080735423528
RP5-1024G6.5	SRR5949594	1.154243037085462
RP5-1024G6.5	SRR5949595	1.154328975937927
RP5-1024G6.5	SRR5949596	1.1542763738511965
RP5-1024G6.5	SRR5949597	1.1538444146289202
RP5-1024G6.5	SRR5949598	1.154243037085462
RP5-1024G6.5	SRR5949599	1.1541344162995835
RP5-1024G6.5	SRR5949600	1.1543244711383844
RP5-1024G6.5	SRR5949601	1.154243037085462
RP5-1024G6.5	SRR5949602	1.1544080735423528
RP5-1024G6.5	SRR5949603	1.1543244711383844
RP5-1024G6.5	SRR5949604	1.1543861423812125
RP5-1024G6.5	SRR5949605	1.154243037085462
RP5-1024G6.5	SRR5949606	1.1540286696356532
RP5-1024G6.5	SRR5949607	1.1544018504729736
RP5-1024G6.5	SRR5949608	1.1537626724135772
RP5-1024G6.5	SRR5950246	1.1537070312898285
RP5-1024G6.5	SRR5950247	1.154043329391819
RP5-1024G6.5	SRR5950248	1.1543244711383844
RP5-1024G6.5	SRR5950249	1.1544080735423528
RP5-1024G6.5	SRR5950250	1.154127700715507
RP5-1024G6.5	SRR5950251	1.1543244711383844
RP5-1024G6.5	SRR5950252	1.1544066367558048
RP5-1024G6.5	SRR5950253	1.154328975937927
RP5-1024G6.5	SRR5950254	1.1540286696356532
RP5-1024G6.5	SRR5950255	1.1537779842987672
RP5-1024G6.5	SRR5950256	1.1532906572572703
RP5-1024G6.5	SRR5950257	1.1532936707463863
RP5-1024G6.5	SRR5950258	1.1543244711383844
RP5-1024G6.5	SRR5950259	1.1544018504729736
RP5-1024G6.5	SRR5950260	1.1543244711383844
RP5-1024G6.5	SRR5950261	1.154328975937927
RP5-1024G6.5	SRR5950262	1.1542193125787963
RP5-1024G6.5	SRR5950263	1.1538444146289202
RP5-1024G6.5	SRR5950264	1.1544018504729736
RP5-1024G6.5	SRR5950265	1.154119770897195
RP5-1024G6.5	SRR5950266	1.153620340573047
RP5-1024G6.5	SRR5950267	1.1543244711383844
RP5-1024G6.5	SRR5950268	1.154243037085462
RP5-1024G6.5	SRR5950269	1.154243037085462
RP5-1024G6.5	SRR5950270	1.1539830975965506
RP5-1024G6.5	SRR5950271	1.1544080735423528
RP5-1024G6.5	SRR5950272	1.1544080735423528
RP5-1024G6.5	SRR5950273	1.1543244711383844
RP5-1024G6.5	SRR5950274	1.1541454974839138
RP5-1024G6.5	SRR5950275	1.154243037085462
RP5-1024G6.5	SRR5950276	1.154328975937927
RP5-1024G6.5	SRR5950277	1.1541014455850918
RP5-1024G6.5	SRR5950278	1.1537962707798937
RP5-1024G6.5	SRR5950279	1.1542763738511965
RP5-1024G6.5	SRR5950280	1.1543861423812125
RP5-1024G6.5	SRR5950281	1.154243037085462
RP5-1024G6.5	SRR5950282	1.1538447615632836
RP5-1024G6.5	SRR5950283	1.154328975937927
RP5-1024G6.5	SRR5950284	1.1511338942169325
RP5-1024G6.5	SRR5950285	1.1540843659274789
RP5-1024G6.5	SRR5950286	1.1542881659876676
RP5-1024G6.5	SRR5950287	1.1537833054890896
RP5-1024G6.5	SRR5950288	1.154118135098547
RP5-1024G6.5	SRR5950289	1.1537285180296166
RP5-1024G6.5	SRR5950290	1.1543930374941627
RP5-1024G6.5	SRR5950291	1.154328975937927
RP5-1024G6.5	SRR5950292	1.1542193125787963
RP5-1024G6.5	SRR5950293	1.1539534513664238
RP5-1024G6.5	SRR5950294	1.1544080735423528
RP5-1024G6.5	SRR5950295	1.1544018504729736
RP5-1024G6.5	SRR5950296	1.1542881659876676
RP5-1024G6.5	SRR5950297	1.1540286696356532
RP5-1024G6.5	SRR5950298	1.1543930374941627
RP5-1024G6.5	SRR5950299	1.1541312616794417
RP5-1024G6.5	SRR5950300	1.1542881659876676
RP5-1024G6.5	SRR5950301	1.154328975937927
RP5-1024G6.5	SRR5950302	1.1542612816136126
RP5-1024G6.5	SRR5950303	1.1541454974839138
RP5-1024G6.5	SRR5950304	1.1540148338403267
RP5-1024G6.5	SRR5950305	1.1542612816136126
RP5-1024G6.5	SRR5950306	1.1542763738511965
RP5-1024G6.5	SRR5950307	1.1541344162995835
RP5-1024G6.5	SRR5950308	1.1542342444976637
RP5-1024G6.5	SRR5950309	1.154243037085462
RP5-1024G6.5	SRR5950310	1.1542881659876676
RP5-1024G6.5	SRR5950311	1.1543930374941627
RP5-1024G6.5	SRR5950312	1.1543244711383844
RP5-1024G6.5	SRR5950313	1.1542193125787963
RP5-1024G6.5	SRR5950314	1.1543930374941627
RP5-1024G6.5	SRR5950315	1.154328975937927
RP5-1024G6.5	SRR5950316	1.1544018504729736
RP5-1024G6.5	SRR5950317	1.1541312616794417
RP5-1024G6.5	SRR5950318	1.153987572083333
RP5-1024G6.5	SRR5950319	1.1541360045743105
RP5-1024G6.5	SRR5950320	1.154119770897195
RP5-1024G6.5	SRR5950321	1.1533709738650642
RP5-1024G6.5	SRR5950322	1.1541014455850918
RP5-1024G6.5	SRR5950323	1.1542129775631536
RP5-1024G6.5	SRR5950324	1.1543930374941627
RP5-1024G6.5	SRR5950325	1.1542342444976637
RP5-1024G6.5	SRR5950326	1.154099487946561
RP5-1024G6.5	SRR5950327	1.154328975937927
RP5-1024G6.5	SRR5950328	1.154328975937927
RP5-1024G6.5	SRR5950329	1.1542881659876676
RP5-1024G6.5	SRR5950330	1.1541360045743105
RP5-1024G6.5	SRR5950331	1.1539534513664238
RP5-1024G6.5	SRR5950332	1.1540843659274789
RP5-1024G6.5	SRR5950333	1.1543930374941627
RP5-1024G6.5	SRR5950334	1.1543861423812125
RP5-1024G6.5	SRR5950335	1.1543861423812125
RP5-1024G6.5	SRR5950336	1.1524373005233322
RP5-1024G6.5	SRR5950337	1.1537962707798937
RP5-1024G6.5	SRR5950338	1.1531742805487435
RP5-1024G6.5	SRR5950339	1.1544080735423528
RP5-1024G6.5	SRR5950340	1.154127700715507
RP5-1024G6.5	SRR5950341	1.1542129775631536
RP5-1024G6.5	SRR5950342	1.1544018504729736
RP5-1024G6.5	SRR5950343	1.1542342444976637
RP5-1024G6.5	SRR5950344	1.154119770897195
RP5-1024G6.5	SRR5950345	1.1542129775631536
RP5-1024G6.5	SRR5950346	1.1543244711383844
RP5-1024G6.5	SRR5950347	1.1542612816136126
RP5-1024G6.5	SRR5950348	1.1541344162995835
RP5-1024G6.5	SRR5950349	1.1544066367558048
RP5-1024G6.5	SRR5950350	1.1543244711383844
RP5-1024G6.5	SRR5950351	1.1538444146289202
RP5-1024G6.5	SRR5950352	1.1544018504729736
RP5-1024G6.5	SRR5950353	1.1542763738511965
RP5-1024G6.5	SRR5950354	1.1544018504729736
RP5-1024G6.5	SRR5950355	1.1544066367558048
RP5-1024G6.5	SRR5950356	1.1537250692562184
RP5-1024G6.5	SRR5950357	1.1544018504729736
RP5-1024G6.5	SRR5950358	1.1541344162995835
RP5-1024G6.5	SRR5950359	1.1542342444976637
RP5-1024G6.5	SRR5950360	1.1544018504729736
RP5-1024G6.5	SRR5950361	1.1544018504729736
RP5-1024G6.5	SRR5950362	1.1541014455850918
RP5-1024G6.5	SRR5950363	1.153987572083333
RP5-1024G6.5	SRR5950364	1.1541360045743105
RP5-1024G6.5	SRR5950365	1.154328975937927
RP5-1024G6.5	SRR5950366	1.1543930374941627
RP5-1024G6.5	SRR5950367	1.153400485650712
RP5-1024G6.5	SRR5950368	1.1542763738511965
RP5-1024G6.5	SRR5950369	1.1544080735423528
RP5-1024G6.5	SRR5950370	1.1544080735423528
RP5-1024G6.5	SRR5950371	1.154328975937927
RP5-1024G6.5	SRR5950372	1.1543861423812125
RP5-1024G6.5	SRR5950373	1.1542881659876676
RP5-1024G6.5	SRR5950374	1.1542763738511965
RP5-1024G6.5	SRR5950375	1.1543930374941627
RP5-1024G6.5	SRR5950376	1.1544066367558048
RP5-1024G6.5	SRR5950377	1.1539830975965506
RP5-1024G6.5	SRR5950378	1.1542881659876676
RP5-1024G6.5	SRR5950379	1.1542763738511965
RP5-1024G6.5	SRR5950380	1.1542129775631536
RP5-1024G6.5	SRR5950381	1.1542129775631536
RP5-1024G6.5	SRR5950382	1.1537779842987672
RP5-1024G6.5	SRR5950383	1.1544066367558048
RP5-1024G6.5	SRR5950384	1.1543930374941627
RP5-1024G6.5	SRR5950385	1.1537833054890896
RP5-1024G6.5	SRR5950386	1.1543861423812125
RP5-1024G6.5	SRR5950387	1.1544066367558048
RP5-1024G6.5	SRR5950388	1.154127700715507
RP5-1024G6.5	SRR5950389	1.1532222126984653
RP5-1024G6.5	SRR5950390	1.1542129775631536
RP5-1024G6.5	SRR5950391	1.1544080735423528
RP5-1024G6.5	SRR5950392	1.1537652995205527
RP5-1024G6.5	SRR5950393	1.1541312616794417
RP5-1024G6.5	SRR5950394	1.154243037085462
RP5-1024G6.5	SRR5950395	1.1542763738511965
RP5-1024G6.5	SRR5950396	1.1544080735423528
RP5-1024G6.5	SRR5950397	1.1544066367558048
RP5-1024G6.5	SRR5950398	1.1544066367558048
RP5-1024G6.5	SRR5950399	1.1542193125787963
RP5-1024G6.5	SRR5950400	1.1542342444976637
RP5-1024G6.5	SRR5950401	1.1543930374941627
RP5-1024G6.5	SRR5950402	1.1543930374941627
RP5-1024G6.5	SRR5950403	1.154328975937927
RP5-1024G6.5	SRR5950404	1.1543861423812125
RP5-1024G6.5	SRR5950405	1.153006792126308
RP5-1024G6.5	SRR5950406	1.1539304288892793
RP5-1024G6.5	SRR5950407	1.154328975937927
RP5-1024G6.5	SRR5950408	1.154043329391819
RP5-1024G6.5	SRR5950409	1.154127700715507
RP5-1024G6.5	SRR5950410	1.1544080735423528
RP5-1024G6.5	SRR5950411	1.1544018504729736
RP5-1024G6.5	SRR5950412	1.1543861423812125
RP5-1024G6.5	SRR5950413	1.1539394876265088
RP5-1024G6.5	SRR5950414	1.1543861423812125
RP5-1024G6.5	SRR5950415	1.1542193125787963
RP5-1024G6.5	SRR5950416	1.154243037085462
RP5-1024G6.5	SRR5950417	1.1542342444976637
RP5-1024G6.5	SRR5950418	1.154119770897195
RP5-1024G6.5	SRR5950419	1.1544018504729736
RP5-1024G6.5	SRR5950420	1.1542612816136126
RP5-1024G6.5	SRR5950421	1.1541312616794417
RP5-1024G6.5	SRR5950422	1.1540976154898277
RP5-1024G6.5	SRR5950423	1.1542881659876676
RP5-1024G6.5	SRR5950424	1.1543930374941627
RP5-1024G6.5	SRR5950425	1.1544018504729736
RP5-1024G6.5	SRR5950426	1.1541344162995835
RP5-1024G6.5	SRR5950427	1.1543861423812125
RP5-1024G6.5	SRR5950428	1.1542881659876676
RP5-1024G6.5	SRR5950429	1.1544018504729736
RP5-1024G6.5	SRR5950430	1.154243037085462
RP5-1024G6.5	SRR5950431	1.1542612816136126
RP5-1024G6.5	SRR5950432	1.1543861423812125
RP5-1024G6.5	SRR5950433	1.154328975937927
RP5-1024G6.5	SRR5950434	1.1541344162995835
RP5-1024G6.5	SRR5950435	1.1542881659876676
RP5-1024G6.5	SRR5950436	1.1544018504729736
RP5-1024G6.5	SRR5950437	1.1542612816136126
RP5-1024G6.5	SRR5950438	1.1543930374941627
RP5-1024G6.5	SRR5950439	1.1544066367558048
RP5-1024G6.5	SRR5950440	1.150186403730464
RP5-1024G6.5	SRR5950441	1.1540843659274789
RP5-1024G6.5	SRR5950442	1.1543244711383844
RP5-1024G6.5	SRR5950443	1.1541454974839138
RP5-1024G6.5	SRR5950444	1.154328975937927
RP5-1024G6.5	SRR5950445	1.1543861423812125
RP5-1024G6.5	SRR5950446	1.1542129775631536
RP5-1024G6.5	SRR5950447	1.1539830975965506
RP5-1024G6.5	SRR5950448	1.1543244711383844
RP5-1024G6.5	SRR5950449	1.1543861423812125
RP5-1024G6.5	SRR5950450	1.1544018504729736
RP5-1024G6.5	SRR5950451	1.1544080735423528
RP5-1024G6.5	SRR5950452	1.154099487946561
RP5-1024G6.5	SRR5950453	1.1543930374941627
RP5-1024G6.5	SRR5950454	1.1540976154898277
RP5-1024G6.5	SRR5950455	1.1543930374941627
RP5-1024G6.5	SRR5950456	1.1542881659876676
RP5-1024G6.5	SRR5950457	1.1542129775631536
RP5-1024G6.5	SRR5950458	1.1544080735423528
RP5-1024G6.5	SRR5950459	1.1542612816136126
RP5-1024G6.5	SRR5950460	1.1542612816136126
RP5-1024G6.5	SRR5950461	1.1543244711383844
RP5-1024G6.5	SRR5950462	1.1538715423531325
RP5-1024G6.5	SRR5950463	1.1541454974839138
RP5-1024G6.5	SRR5950464	1.1541014455850918
RP5-1024G6.5	SRR5950465	1.1495981461456477
RP5-1024G6.5	SRR5950466	1.1543861423812125
RP5-1024G6.5	SRR5950467	1.1542763738511965
RP5-1024G6.5	SRR5950468	1.1543244711383844
RP5-1024G6.5	SRR5950469	1.1542129775631536
RP5-1024G6.5	SRR5950470	1.1544018504729736
RP5-1024G6.5	SRR5963912	1.1544080735423528
RP5-1024G6.5	SRR5963913	1.154118135098547
RP5-1024G6.5	SRR5963914	1.1544080735423528
RP5-1024G6.5	SRR5963915	1.154119770897195
RP5-1024G6.5	SRR5963916	1.1538752034369077
RP5-1024G6.5	SRR5963917	1.154243037085462
RP5-1024G6.5	SRR5963918	1.1542612816136126
RP5-1024G6.5	SRR5963919	1.1543861423812125
RP5-1024G6.5	SRR5963920	1.1542763738511965
RP5-1024G6.5	SRR5963921	1.1543930374941627
RP5-1024G6.5	SRR5963922	1.1542342444976637
RP5-1024G6.5	SRR5963923	1.1542612816136126
RP5-1024G6.5	SRR5963924	1.1543861423812125
RP5-1024G6.5	SRR5963925	1.154118135098547
RP5-1024G6.5	SRR5963926	1.154118135098547
RP5-1024G6.5	SRR5963927	1.1544018504729736
RP5-1024G6.5	SRR5963928	1.1540843659274789
RP5-1024G6.5	SRR5963929	1.154328975937927
RP5-1024G6.5	SRR5963930	1.1539394876265088
RP5-1024G6.5	SRR5963931	1.1544066367558048
RP5-1024G6.5	SRR5963932	1.1542881659876676
RP5-1024G6.5	SRR5963933	1.1542193125787963
RP5-1024G6.5	SRR5963934	1.153987572083333
RP5-1024G6.5	SRR5963935	1.1544080735423528
RP5-1024G6.5	SRR5963936	1.1541014455850918
RP5-1024G6.5	SRR5963937	1.1537833054890896
RP5-1024G6.5	SRR5963938	1.1543244711383844
RP5-1024G6.5	SRR5963939	1.1543861423812125
RP5-1024G6.5	SRR5963940	1.1543861423812125
RP5-1024G6.5	SRR5963941	1.1544080735423528
RP5-1024G6.5	SRR5963942	1.1544080735423528
RP5-1024G6.5	SRR5963943	1.1543930374941627
RP5-1024G6.5	SRR5963944	1.1544080735423528
RP5-1024G6.5	SRR5963945	1.1544066367558048
RP5-1024G6.5	SRR5963946	1.154328975937927
RP5-1024G6.5	SRR5963947	1.154328975937927
RP5-1024G6.5	SRR5963948	1.154328975937927
RP5-1024G6.5	SRR6467548	6.0588057441435055
RP5-1024G6.5	SRR6467549	8.13357028563427
RP5-1024G6.5	SRR6467550	2.0189674984410937
RP5-1024G6.5	SRR6467551	8.132096231505194
RP5-1024G6.5	SRR6467552	5.082969486143811
RP5-1024G6.5	SRR6467553	9.287389993646261
RP5-1024G6.5	SRR6467554	28.632110788091186
RP5-1024G6.5	SRR6467555	6.086560107383932
RP5-1024G6.5	SRR6467556	8.094812654251369
RP5-1024G6.5	SRR6467557	8.091534343071409
RP5-1024G6.5	SRR6467558	7.1420461041890295
RP5-1024G6.5	SRR6467559	5.010961568682066
RP5-1024G6.5	SRR6467560	7.071657233158789
RP5-1024G6.5	SRR6467561	4.029882222164404
RP5-1024G6.5	SRR6467562	4.015199454311029
RP5-1024G6.5	SRR6467563	7.043390911545016
RP5-1024G6.5	SRR6467564	5.0365807730462855
RP5-1024G6.5	SRR6467565	8.077712255111082
RP5-1024G6.5	SRR6467566	5.138040445242179
RP5-1024G6.5	SRR6467567	2.022198442670905
RP5-1024G6.5	SRR6467568	9.03692715285845
RP5-1024G6.5	SRR6467569	3.0440156319948732
RP5-1024G6.5	SRR6467570	15.721457200684213
RP5-1024G6.5	SRR6467571	4.002880152427062
RP5-1024G6.5	SRR6467572	2.012363097212555
RP5-1024G6.5	SRR6467573	7.047807884089407
RP5-1024G6.5	SRR6467574	8
RP5-1024G6.5	SRR6467575	5.716764253757385
RP5-1024G6.5	SRR6467576	7.033034576395628
RP5-1024G6.5	SRR6467577	4.0057623786736265
RP5-1024G6.5	SRR6467578	3.029587940333736
RP5-1024G6.5	SRR6467579	8.085524219870555
RP5-1024G6.5	SRR6467580	6.6665212815353305
RP5-1024G6.5	SRR6467581	11.17932779645719
RP5-1024G6.5	SRR6467582	7.531603750676936
RP5-1024G6.5	SRR6467583	7
RP5-1024G6.5	SRR6467584	10.036667554019619
RP5-1024G6.5	SRR6467585	5.8129655768986295
RP5-1024G6.5	SRR6467586	4.203467455555069
RP5-1024G6.5	SRR6467587	7.901193740878703
RP5-1024G6.5	SRR6467588	6.1250502143695895
RP5-1024G6.5	SRR6467589	13
RP5-1024G6.5	SRR6467590	12.033700419527655
RP5-1024G6.5	SRR6467591	4.042268860468256
RP5-1024G6.5	SRR6467592	4.0311392685837015
RP5-1024G6.5	SRR6467593	4.018280738323691
RP5-1024G6.5	SRR6467594	2.940086308218603
RP5-1024G6.5	SRR6467595	5.010961568682066
RP5-1024G6.5	SRR6467596	4
RP5-1024G6.5	SRR6467597	8.492910639109716
RP5-1024G6.5	SRR6467598	8.943128181116325
RP5-1024G6.5	SRR6467599	9.034023838649404
RP5-1024G6.5	SRR6467600	6.028938379734282
RP5-1024G6.5	SRR6467601	4.022308107053715
RP5-1024G6.5	SRR6467602	5.088838848240426
RP5-1024G6.5	SRR6467603	6
RP5-1024G6.5	SRR6467604	8.034055403263508
RP5-1024G6.5	SRR6467605	6.021632272901984
RP5-1024G6.5	SRR6467606	7
RP5-1024G6.5	SRR6467607	8
RP5-1024G6.5	SRR6467608	8.021023475411715
RP5-1024G6.5	SRR6467609	11.001979570361472
RP5-1024G6.5	SRR6467610	7.070337975434036
RP5-1024G6.5	SRR6467611	9.872957873874276
RP5-1024G6.5	SRR6467612	5.02902798337458
RP5-1024G6.5	SRR6467613	10
RP5-1024G6.5	SRR6467614	5
RP5-1024G6.5	SRR6467615	3.0384124856528687
RP5-1024G6.5	SRR6467616	3.0296878734577035
RP5-1024G6.5	SRR6467617	6.040265706516817
RP5-1024G6.5	SRR6467618	8
RP5-1024G6.5	SRR6467619	8.403546913367204
RP5-1024G6.5	SRR6467620	5.013139672132322
RP5-1024G6.5	SRR6467621	6.030739705361914
RP5-1024G6.5	SRR6467622	3.0452053209686136
RP5-1024G6.5	SRR6467623	5.026323321963754
RP5-1024G6.5	SRR6467624	8.001439687535616
RP5-1024G6.5	SRR6467625	10
RP5-1024G6.5	SRR6467626	18
RP5-1024G6.5	SRR6467627	3.0301581226981127
RP5-1024G6.5	SRR6467628	13
RP5-1024G6.5	SRR6467629	9.62215512687358
RP5-1024G6.5	SRR6467630	13.009360495387954
RP5-1024G6.5	SRR6467631	5.004500643137268
RP5-1024G6.5	SRR6467632	14.100705555203543
RP5-1024G6.5	SRR6467633	10
RP5-1024G6.5	SRR6467634	8.032198332782507
RP5-1024G6.5	SRR6467635	5.304706501454506
RP5-1024G6.5	SRR6467636	7.070755743250322
RP5-1024G6.5	SRR6467637	6
RP5-1024G6.5	SRR6467638	5
RP5-1024G6.5	SRR6467639	9.028800071442587
RP5-1024G6.5	SRR6467640	1.02092395433485
RP5-1024G6.5	SRR6467641	3.027927777974978
RP5-1024G6.5	SRR6467642	8.52903689013646
RP5-1024G6.5	SRR6467643	6.0750976151615665
RP5-1024G6.5	SRR6467644	3
RP5-1024G6.5	SRR6467645	4.9583741425399195
RP5-1024G6.5	SRR6467646	10
RP5-1024G6.5	SRR6467647	9.127858610003399
RP5-1024G6.5	SRR6467648	4.023222386699665
RP5-1024G6.5	SRR6467649	4.0211835253718675
RP5-1024G6.5	SRR6467650	4.021897707849402
RP5-1024G6.5	SRR6467651	17.050003164690473
RP5-1024G6.5	SRR6467652	10.001799609419521
RP5-1024G6.5	SRR6467653	2.0199068404986402
RP5-1024G6.5	SRR6467654	6.022482532736711
RP5-1024G6.5	SRR6467655	13
RP5-1024G6.5	SRR6467656	1.9039791854744932
RP5-1024G6.5	SRR6467657	7
RP5-1024G6.5	SRR6467658	10
RP5-1024G6.5	SRR6467659	7.9194354123016035
RP5-1024G6.5	SRR6467660	5.034238550102388
RP5-1024G6.5	SRR6467661	6.317261676022953
RP5-1024G6.5	SRR6467662	2.6846261714958883
RP5-1024G6.5	SRR6467663	10.028083682939712
RP5-1024G6.5	SRR6467664	3.2182986332485353
RP5-1024G6.5	SRR6467665	7
RP5-1024G6.5	SRR6467666	8
RP5-1024G6.5	SRR6467667	5.458000365361226
RP5-1024G6.5	SRR6467668	4.340336989319288
RP5-1024G6.5	SRR6467669	4
RP5-1024G6.5	SRR6467670	6
RP5-1024G6.5	SRR6467671	3.7496093298302697
RP5-1024G6.5	SRR6467672	2.0177227618432125
RP5-1024G6.5	SRR6467673	6.0575798982369635
RP5-1024G6.5	SRR6467674	7.044196786364274
RP5-1024G6.5	SRR6467675	2.0173098008992487
RP5-1024G6.5	SRR6467676	4.064819384678849
RP5-1024G6.5	SRR6467677	6
RP5-1024G6.5	SRR6467678	12
RP5-1024G6.5	SRR6467679	4
RP5-1024G6.5	SRR6467680	7.075105769660348
RP5-1024G6.5	SRR6467681	5
RP5-1024G6.5	SRR6467682	10.060111690650308
RP5-1024G6.5	SRR6467683	9.100792206197966
RP5-1024G6.5	SRR6467684	8.020889087910025
RP5-1024G6.5	SRR6467685	5.070517116518123
RP5-1024G6.5	SRR6467686	6.008827297787098
RP5-1024G6.5	SRR6467687	3.328482874331067
RP5-1024G6.5	SRR6467688	6.990097503029844
RP5-1024G6.5	SRR6467689	5.049754394615365
RP5-1024G6.5	SRR6467690	1.0054839199293288
RP5-1024G6.5	SRR6467691	7.038943952636662
RP5-1024G6.5	SRR6467692	5.005401257787007
RP5-1024G6.5	SRR6467693	5.947833743910253
RP5-1024G6.5	SRR6467694	3.022788356944873
RP5-1024G6.5	SRR6467695	6.027421107485536
RP5-1024G6.5	SRR6467696	9.448760279911928
RP5-1024G6.5	SRR6467697	7
RP5-1024G6.5	SRR6467698	3.0140881946662965
RP5-1024G6.5	SRR6467699	7
RP5-1024G6.5	SRR6467700	2.1803771558228773
RP5-1024G6.5	SRR6467701	10
RP5-1024G6.5	SRR6467702	4.057354129506591
RP5-1024G6.5	SRR6467703	4.049578096592162
RP5-1024G6.5	SRR6467704	5.014041841469856
RP5-1024G6.5	SRR6467705	7.045725762156541
RP5-1024G6.5	SRR6467706	1.0184483735704168
RP5-1024G6.5	SRR6467707	5
RP5-1024G6.5	SRR6467708	4.0069050078008495
RP5-1024G6.5	SRR6467709	13
RP5-1024G6.5	SRR6467710	4.003600514509815
RP5-1024G6.5	SRR6467711	16.021852896842354
RP5-1024G6.5	SRR6467712	5.056474310106982
RP5-1024G6.5	SRR6467713	7.71525740510155
RP5-1024G6.5	SRR6467714	9.053879421577628
RP5-1024G6.5	SRR6467715	8
RP5-1024G6.5	SRR6467716	8
RP5-1024G6.5	SRR6467717	3.0368531305567923
RP5-1024G6.5	SRR6467718	10.154230574273704
RP5-1024G6.5	SRR6467719	4.014627687727292
RP5-1024G6.5	SRR6467720	8
RP5-1024G6.5	SRR6467721	7.011345704027925
RP5-1024G6.5	SRR6467722	8
RP5-1024G6.5	SRR6467723	5
RP5-1024G6.5	SRR6467724	12
RP5-1024G6.5	SRR6467725	11
RP5-1024G6.5	SRR6467726	7.977348804247648
RP5-1024G6.5	SRR6467727	7.016394140114533
RP5-1024G6.5	SRR6467728	5
RP5-1024G6.5	SRR6467729	7.048557784891417
RP5-1024G6.5	SRR6467730	8.017159035460018
RP5-1024G6.5	SRR6467731	9.089058023040304
RP5-1024G6.5	SRR6467732	8.477056757285464
RP5-1024G6.5	SRR6467733	9.01553626755191
RP5-1024G6.5	SRR6467734	7.9279472181019
RP5-1024G6.5	SRR6467735	8.066385355707444
RP5-1024G6.5	SRR6467736	5.031054565722206
RP5-1024G6.5	SRR6467737	4.024916695907863
RP5-1024G6.5	SRR6467738	5.001799771349224
RP5-1024G6.5	SRR6467739	6
RP5-1024G6.5	SRR6467740	6.032396022575026
RP5-1024G6.5	SRR6467741	7.014083935003018
RP5-1024G6.5	SRR6467742	6
RP5-1024G6.5	SRR6467743	10
RP5-1024G6.5	SRR6467744	15
RP5-1024G6.5	SRR6467745	9.004187327693211
RP5-1024G6.5	SRR6467746	10.07980111823691
RP5-1024G6.5	SRR6467747	8.441122714802855
RP5-1024G6.5	SRR6467748	10.457496249786441
RP5-1024G6.5	SRR6467749	2
RP5-1024G6.5	SRR6467750	5.011863346046051
RP5-1024G6.5	SRR6467751	3.045350822419848
RP5-1024G6.5	SRR6467752	7.0578197573955705
RP5-1024G6.5	SRR6467753	9.978661200795512
RP5-1024G6.5	SRR6467754	5.008847699017
RP5-1024G6.5	SRR6467755	5.367687070588511
RP5-1024G6.5	SRR6467756	9.011343662121972
RP5-1024G6.5	SRR6467757	7
RP5-1024G6.5	SRR6467758	6
RP5-1024G6.5	SRR6467759	4.022731521235907
RP5-1024G6.5	SRR6467760	4.030930556207362
RP5-1024G6.5	SRR6467761	7.025882115714083
RP5-1024G6.5	SRR6467762	7.035122427073598
RP5-1024G6.5	SRR6467763	13.422778475328927
RP5-1024G6.5	SRR6467764	7.348107658372365
RP5-1024G6.5	SRR6467765	8.010083255219529
RP5-1024G6.5	SRR6467766	6.089192781484259
RP5-1024G6.5	SRR6467767	4.027267695983587
RP5-1024G6.5	SRR6467768	3.037471860214299
RP5-1024G6.5	SRR6467769	2.035970390615302
RP5-1024G6.5	SRR6467770	5
RP5-1024G6.5	SRR6467771	5.016675979756808
RP5-1024G6.5	SRR6467772	5.03581228676478
RP5-1024G6.5	SRR6467773	8.031624381504063
RP5-1024G6.5	SRR6868540	1.0146754396324102
RP5-1024G6.5	SRR6868541	1.0274634703565282
RP5-1024G6.5	SRR6868542	1.0476955519171316
RP5-1024G6.5	SRR6868543	3.045258971727932
RP5-1024G6.5	SRR6868544	3.023517235981973
RP5-1024G6.5	SRR6868545	2.0494152129307595
RP5-1024G6.5	SRR6868546	1.0156717592642122
RP5-1024G6.5	SRR6868557	2.1182173677326763
RP5-1024G6.5	SRR6868558	1.0490872194289762
RP5-1024G6.5	SRR6868559	2.0650563008350873
RP5-1024G6.5	SRR6868560	2.0199480373290877
RP5-1024G6.5	SRR6868569	2.1235523046440523
RP5-1024G6.5	SRR6868570	1.0214163604819042
RP5-1024G6.5	SRR6868571	1.0443666123323176
RP5-1024G6.5	SRR6868572	1.0117513905915592
RP5-1024G6.5	SRR6868573	3.1229900509178656
RP5-1024G6.5	SRR6868574	3.0366687778427988
RP5-1024G6.5	SRR6868575	2.051610888921832
RP5-1024G6.5	SRR6868576	2.0317992902480486
RP5-1024G6.5	SRR6868577	2.0643839760448377
RP5-1024G6.5	SRR6868578	1.0155200621012757
RP5-1024G6.5	SRR6868579	1.0437286829000922
RP5-1024G6.5	SRR6868580	4.043010930146601
RP5-1024G6.5	SRR6868581	2.0678826065885447
RP5-1024G6.5	SRR6868582	1.0328155381530846
RP5-1024G6.5	SRR6868585	2.0441378042315255
RP5-1024G6.5	SRR6868586	3.178511627546025
RP5-1024G6.5	SRR6868587	2.119903429713868
RP5-1024G6.5	SRR6868588	2.014370467112545
RP5-1024G6.5	SRR6868589	1.0110174866119757
RP5-1024G6.5	SRR6868590	2.064067812954494
RP5-1024G6.5	SRR6868591	5.065118194266212
RP5-1024G6.5	SRR6868604	2.151510942198704
RP5-1024G6.5	SRR6868605	3.0954392128346275
RP5-1024G6.5	SRR6868606	1.0405938775744006
RP5-1024G6.5	SRR6868607	1.0342544525714972
RP5-1024G6.5	SRR6868608	1.024176000194289
RP5-1024G6.5	SRR6868609	3.1316673164774183
RP5-1024G6.5	SRR6868610	3.116780864884173
RP5-1024G6.5	SRR6868620	2.022562359407462
RP5-1024G6.5	SRR6868621	4.087301989907345
RP5-1024G6.5	SRR6868622	1.0239774453836796
RP5-1024G6.5	SRR6868623	2.1095260497781347
RP5-1024G6.5	SRR6868636	2.087440071572693
RP5-1024G6.5	SRR6868637	2.0517073003935398
RP5-1024G6.5	SRR6868638	2.092250717155033
RP5-1024G6.5	SRR6868639	1.0107500209553522
RP5-1024G6.5	SRR6868650	2.07920000927293
RP5-1024G6.5	SRR6868651	2.057901989102869
RP5-1024G6.5	SRR6868652	1.0304077851358955
RP5-1024G6.5	SRR6868653	2.0375963944892197
RP5-1024G6.5	SRR6868654	2.0300615916470077
RP5-1024G6.5	SRR6868655	1.0348903243422032
RP5-1024G6.5	SRR6868665	1.0144233528894921
RP5-1024G6.5	SRR6868666	4.040946990376451
RP5-1024G6.5	SRR6868667	3.034481407732328
RP5-1024G6.5	SRR6868668	4.029812222185221
RP5-1024G6.5	SRR6868669	3.0228807864963048
RP5-1024G6.5	SRR6868670	2.0354842172192087
RP5-1024G6.5	SRR6868671	1.0144459931453216
RP5-1024G6.5	SRR6868683	3.038060480005022
RP5-1024G6.5	SRR6868684	1.0156791364509994
RP5-1024G6.5	SRR6868685	1.0213121445813669
RP5-1024G6.5	SRR6868686	2.020558073403726
RP5-1024G6.5	SRR6868687	1.0278872533572148
RP5-1024G6.5	SRR6868688	2.0535964554149757
RP5-1024G6.5	SRR6868689	1.0146059094716162
RP5-1024G6.5	SRR6868698	3.0546588530272163
RP5-1024G6.5	SRR6868699	4.0282223143060465
RP5-1024G6.5	SRR6868700	1.0160549733839008
RP5-1024G6.5	SRR6868701	7.073413295702645
RP5-1024G6.5	SRR6868702	2.015357484720384
RP5-1024G6.5	SRR6868713	4.04181383072299
RP5-1024G6.5	SRR6868714	3.0552435333313754
RP5-1024G6.5	SRR6868715	3.024896550730099
RP5-1024G6.5	SRR6868716	1.0066973307865115
RP5-1024G6.5	SRR6868717	3.0307542113014234
RP5-1024G6.5	SRR6868718	2.0078028514605664
RP5-1024G6.5	SRR6868719	6.009724889166793
RP5-1024G6.5	SRR6868720	6.0303657047795545
RP5-1024G6.5	SRR6868721	3.033723291646848
RP5-1024G6.5	SRR6868722	6.100583432861149
RP5-1024G6.5	SRR6868723	2.0389726034742215
RP5-1024G6.5	SRR6868724	1.0096892656036671
RP5-1024G6.5	SRR6868725	11.045958110363356
RP5-1024G6.5	SRR6868726	4.009651133244096
RP5-1024G6.5	SRR6868741	2.028882916012723
RP5-1024G6.5	SRR7632756	4.033125104097146
RP5-1024G6.5	SRR7632757	2.0555760840517987
RP5-1024G6.5	SRR7632758	2.021319840099832
RP5-1024G6.5	SRR7632759	5.149281695401395
RP5-1024G6.5	SRR7632760	1.0203110449499115
RP5-1024G6.5	SRR7632761	6.042730011344186
RP5-1024G6.5	SRR7632762	2.0974053044134235
RP5-1024G6.5	SRR7632763	6.0984778533536
RP5-1024G6.5	SRR7632764	1.0370326174074103
RP5-1024G6.5	SRR7632765	3.0078838032793933
RP5-1024G6.5	SRR7632766	5.1560350144079585
RP5-1024G6.5	SRR7632767	3.0071180076276307
RP5-1024G6.5	SRR7632768	2.032460187668014
RP5-1024G6.5	SRR7632769	5.05747390925363
RP5-1024G6.5	SRR7632770	3.024821706527758
RP5-1024G6.5	SRR7632771	1.0260355560571814
RP5-1024G6.5	SRR7632772	4.077255930492594
RP5-1024G6.5	SRR7632773	3.016239703164131
RP5-1024G6.5	SRR7632774	3.019033791793645
RP5-1024G6.5	SRR7632775	5.112689266061858
RP5-1024G6.5	SRR7632776	2.075918964821439
RP5-1024G6.5	SRR7632777	2.048296898282949
RP5-1024G6.5	SRR7632778	8.033315392022745
RP5-1024G6.5	SRR7632779	3.078660920360075
RP5-1024G6.5	SRR7632780	7.02597717369886
RP5-1024G6.5	SRR7632781	4.246183600845049
RP5-1024G6.5	SRR7632782	9.123211672781226
RP5-1024G6.5	SRR7632783	4.029425866180611
RP5-1024G6.5	SRR7632784	2.017439086779896
RP5-1024G6.5	SRR7632785	4.02879220702135
RP5-1024G6.5	SRR7632786	1.0416272812793046
RP5-1024G6.5	SRR7632787	5.019465804904154
RP5-1024G6.5	SRR7632788	2.004534328162457
RP5-1024G6.5	SRR7632789	5.091029208347829
RP5-1024G6.5	SRR7632790	2.0196801835385005
RP5-1024G6.5	SRR7632791	5.224395191200491
RP5-1024G6.5	SRR7632792	3.0220693996354577
RP5-1024G6.5	SRR7632793	6.072844823169495
RP5-1024G6.5	SRR7632794	1.0069504499529853
RP5-1024G6.5	SRR7632795	7.022592135994757
RP5-1024G6.5	SRR7632796	3.051683819987435
RP5-1024G6.5	SRR7632797	3.4520976964086056
RP5-1024G6.5	SRR7632798	5.028652410381539
RP5-1024G6.5	SRR7632799	3.092378019717478
RP5-1024G6.5	SRR7632800	4.060217638287562
RP5-1024G6.5	SRR7632801	5.026313874461394
RP5-1024G6.5	SRR7632802	1.0350311676136474
RP5-1024G6.5	SRR7632803	2.04806393525733
RP5-1024G6.5	SRR7632804	1.0405209189801317
RP5-1024G6.5	SRR7632805	2.0061888314564427
RP5-1024G6.5	SRR7632806	6.027686963047493
RP5-1024G6.5	SRR7632807	10.08693162636712
RP5-1024G6.5	SRR7632808	3.0246600649864988
RP5-1024G6.5	SRR7632809	2.097658992508218
RP5-1024G6.5	SRR7632810	2.008356020066065
RP5-1024G6.5	SRR7632811	4.027200221496576
RP5-1024G6.5	SRR7632812	7.050255324326487
RP5-1024G6.5	SRR7632813	5.030992034325709
RP5-1024G6.5	SRR7632814	6.021230671538918
RP5-1024G6.5	SRR7632815	4.031385797316054
RP5-1024G6.5	SRR7632816	2.150814980786723
RP5-1024G6.5	SRR7632817	3.1250245546032747
RP5-1024G6.5	SRR7632818	3.0162805119427394
RP5-1024G6.5	SRR7632819	3.007342599072492
RP5-1024G6.5	SRR7632820	5.034404974719528
RP5-1024G6.5	SRR7632821	6.010357511701273
RP5-1024G6.5	SRR7632822	4.050130547438873
RP5-1024G6.5	SRR7632823	5.01840314372641
RP5-1024G6.5	SRR7632824	3.013710553742768
RP5-1024G6.5	SRR7632825	5.014041841469856
RP5-1024G6.5	SRR7632826	6.003871819817477
RP5-1024G6.5	SRR7632827	2.110080193592728
RP5-1024G6.5	SRR7632828	1.0261404595811736
RP5-1024G6.5	SRR7632829	4.057858111749702
RP5-1024G6.5	SRR7632830	1.0486021527253222
RP5-1024G6.5	SRR7632831	1.009267486593636
RP5-1024G6.5	SRR7632832	3.043858717371493
RP5-1024G6.5	SRR7632833	3.1550937594602404
RP5-1024G6.5	SRR7632834	6.1758282680301235
RP5-1024G6.5	SRR7632835	1.110030669431967
RP5-1024G6.5	SRR7632836	3.0447816943411894
RP5-1024G6.5	SRR7632837	4.025711190137452
RP5-1024G6.5	SRR7632838	3.075627125893833
RP5-1024G6.5	SRR7632839	3.034481407732328
RP5-1024G6.5	SRR7632840	5.153669276762668
RP5-1024G6.5	SRR7632841	1.1191732546509214
RP5-1024G6.5	SRR7632842	3.0056692115975765
RP5-1024G6.5	SRR7632843	2.07503422549201
RP5-1024G6.5	SRR7632844	2.079484384927301
RP5-1024G6.5	SRR7632845	3.0150205165643165
RP5-1024G6.5	SRR7632846	1.049674009840069
RP5-1024G6.5	SRR7632847	5.1179037640217215
RP5-1024G6.5	SRR7632848	3.0274837672468475
RP5-1024G6.5	SRR7632849	1.0113703922046702
RP5-1024G6.5	SRR7632850	3.0387297049582838
RP5-1024G6.5	SRR7632851	6.060927638542165
RP5-1024G6.5	SRR7632852	1.0012604069024411
RP5-1024G6.5	SRR7632853	4.020273204590234
RP5-1024G6.5	SRR7632854	2.013209978661192
RP5-1024G6.5	SRR7632855	5
RP5-1024G6.5	SRR7632856	2.012943727552918
RP5-1024G6.5	SRR7632857	2.1475608896878002
RP5-1024G6.5	SRR7632858	5.185858250554359
RP5-1024G6.5	SRR7632859	1.03970249147232
RP5-1024G6.5	SRR7632860	1.0755034509256032
RP5-1024G6.5	SRR7632861	3.1632260720404974
RP5-1024G6.5	SRR7632862	3.105858323048517
RP5-1024G6.5	SRR7632863	2.2553546913518168
RP5-1024G6.5	SRR7632864	2.243063591963076
RP5-1024G6.5	SRR7632865	3.00432178400522
RP5-1024G6.5	SRR7632866	5.028399658330378
RP5-1024G6.5	SRR7632867	4.0412955750364326
RP5-1024G6.5	SRR7632868	3.07696474516302
RP5-1024G6.5	SRR7632869	1.0244411256785808
RP5-1024G6.5	SRR7632870	3.011529816411298
RP5-1024G6.5	SRR7632871	3.152993519378674
RP5-1024G6.5	SRR7632872	5.161416738223215
RP5-1024G6.5	SRR7632873	3.012534030099097
RP5-1024G6.5	SRR7632874	2.0053171847237667
RP5-1024G6.5	SRR7632875	2.003302884002545
RP5-1024G6.5	SRR7632876	4.056591183020592
RP5-1024G6.5	SRR7632877	3.123405094389126
RP5-1024G6.5	SRR7632878	3.0663528870938763
RP5-1024G6.5	SRR7632879	4.009068656324914
RP5-1024G6.5	SRR7632880	3.0526710419451546
RP5-1024G6.5	SRR7632881	2.0276778690892807
RP5-1024G6.5	SRR7632882	2.04796430197648
RP5-1024G6.5	SRR7632883	2.045174596970012
RP5-1024G6.5	SRR7632884	1.0338348047099086
RP5-1024G6.5	SRR7632885	4.02006995832777
RP5-1024G6.5	SRR7632886	3.097001917663982
RP5-1024G6.5	SRR7632887	10.101314025983257
RP5-1024G6.5	SRR7632888	2.0762439384408053
RP5-1024G6.5	SRR7632889	5.17113081933181
RP5-1024G6.5	SRR7632890	3.3064367552641905
RP5-1024G6.5	SRR7632891	2.0944499413435196
RP5-1024G6.5	SRR7632892	6.034973974845695
RP5-1024G6.5	SRR7632893	1.0382330459409663
RP5-1024G6.5	SRR7632894	2.09460818335548
RP5-1024G6.5	SRR7632895	3.0348936337473047
RP5-1024G6.5	SRR7632896	2.045585771885336
RP5-1024G6.5	SRR7632897	5.020447159843508
RP5-1024G6.5	SRR7632898	8.029976710315616
RP5-1024G6.5	SRR7632899	1.0069401334995287
RP5-1024G6.5	SRR7632900	5.033470421199485
RP5-1024G6.5	SRR7632901	2.0127284995253127
RP5-1024G6.5	SRR7632902	2.0876978013490315
RP5-1024G6.5	SRR7632903	5.022153950098693
RP5-1024G6.5	SRR7632904	2.105278814175102
RP5-1024G6.5	SRR7632905	1.0931788245138465
RP5-1024G6.5	SRR7632906	4.065907304942064
RP5-1024G6.5	SRR7632907	5.1387511932369705
RP5-1024G6.5	SRR7632908	2.0080750176944067
RP5-1024G6.5	SRR7632909	3.0103664515386606
RP5-1024G6.5	SRR7632910	2.0762884911034547
RP5-1024G6.5	SRR7632911	3.038945786234905
RP5-1024G6.5	SRR7632912	1.015658017729299
RP5-1024G6.5	SRR7632913	2.117725766445223
RP5-1024G6.5	SRR7632914	3.0938830834512068
RP5-1024G6.5	SRR7632915	5.224830579239644
RP5-1024G6.5	SRR7632916	6.119782921838115
RP5-1024G6.5	SRR7632917	3.1576431641541856
RP5-1024G6.5	SRR7632918	2.0518143478281914
RP5-1024G6.5	SRR7632919	4.034864905525338
RP5-1024G6.5	SRR7632920	6.069658965428178
RP5-1024G6.5	SRR7632921	7.085288422795166
RP5-1024G6.5	SRR7632922	7.0609220769265155
RP5-1024G6.5	SRR7632923	3.0313439544317955
RP5-1024G6.5	SRR7632924	3.088662288348111
RP5-1024G6.5	SRR7632925	4.140482162731914
RP5-1024G6.5	SRR7632926	6.111035382521867
RP5-1024G6.5	SRR7632927	2.0412434146374663
RP5-1024G6.5	SRR7632928	5.016632298439882
RP5-1024G6.5	SRR7632929	2.0817704062886806
RP5-1024G6.5	SRR7632930	1.0009001286274537
RP5-1024G6.5	SRR7632931	4.002880152427062
RP5-1024G6.5	SRR7632932	2.0515082752146037
RP5-1024G6.5	SRR7632933	2.042561945524309
RP5-1024G6.5	SRR7632934	3.0132555928118645
RP5-1024G6.5	SRR7632935	5.050563875090283
RP5-1024G6.5	SRR7632936	3.06337803631308
RP5-1024G6.5	SRR7632937	1.0144478283854719
RP5-1024G6.5	SRR7632938	3.0802795421790914
RP5-1024G6.5	SRR7632939	3.084531440113259
RP5-1024G6.5	SRR7632940	4.026107455625691
RP5-1024G6.5	SRR7632941	4.086295563614695
RP5-1024G6.5	SRR7632942	3.1076298808958422
RP5-1024G6.5	SRR7632943	10
RP5-1024G6.5	SRR7632944	3.055281439100433
RP5-1024G6.5	SRR7632945	8
RP5-1024G6.5	SRR8928966	2.0176942204947927
RP5-1024G6.5	SRR8928967	10.170282299624091
RP5-1024G6.5	SRR8928968	3.0249363204756237
RP5-1024G6.5	SRR8928969	4.033208911368119
RP5-1024G6.5	SRR8928970	7.067199339293998
RP5-1024G6.5	SRR8928971	12.092273056839652
RP5-1024G6.5	SRR8928972	1.0535590264470536
RP5-1024G6.5	SRR8928973	7.041759444515182
RP5-1024G6.5	SRR8928974	1.084964542884935
RP5-1024G6.5	SRR8928975	1.0422268823538081
RP5-1024G6.5	SRR8928976	1.0418215850993868
RP5-1024G6.5	SRR8928977	6.116792482809104
RP5-1024G6.5	SRR8928978	5.093079729248941
RP5-1024G6.5	SRR8928979	1.019328713740916
RP5-1024G6.5	SRR8928980	1.0157058979511975
RP5-1024G6.5	SRR8928981	1.011720751030811
RP5-1024G6.5	SRR8928982	5.0571300818035025
RP5-1024G6.5	SRR8928983	6.0114391413005475
RP5-1024G6.5	SRR8928984	6.033437493674647
RP5-1024G6.5	SRR8928985	1.0167967514698188
RP5-1024G6.5	SRR8928986	2.0180260684375204
RP5-1024G6.5	SRR8928987	3
RP5-1024G6.5	SRR8928988	7
RP5-1024G6.5	SRR8928989	1.0173441049815872
RP5-1024G6.5	SRR8928990	1.010567215117064
RP5-1024G6.5	SRR8928991	7.124193139705272
RP5-1024G6.5	SRR9835604	3.04277609448002
RP5-1024G6.5	SRR9835605	5.027642820401094
RP5-1024G6.5	SRR9835606	4.00850772101797
RP5-1024G6.5	SRR9835607	2.017940425443851
RP5-1024G6.5	SRR9835608	4.05819204703657
RP5-1024G6.5	SRR9835609	3
RP5-1024G6.5	SRR9835610	6.027634124214524
RP5-1024G6.5	SRR9835611	6.006481509344408
RP5-1024G6.5	SRR9835612	3.0079757770856506
RP5-1024G6.5	SRR9835613	3.017722085288658
RP5-1024G6.5	SRR9835614	1.0098834104700367
RP5-1024G6.5	SRR9835615	2.0782446581621787
RP5-1024G6.5	SRR9835616	8.05913110109095
RP5-1024G6.5	SRR9835617	5.114938510374772
RP5-1024G6.5	SRR9835618	1.0053242528371136
RP5-1024G6.5	SRR9835619	4
RP5-1024G6.5	SRR9835620	5.0234476254524045
RP5-1024G6.5	SRR9835621	7.045613380285035
RP5-1024G6.5	SRR9835622	2.0054669550629356
RP5-1024G6.5	SRR9835623	5.000899804709761
RP5-1024G6.5	SRR9835624	2.0438298367322765
RP5-1024G6.5	SRR9835625	6.018465656849351
RP5-1024G6.5	SRR9835626	5.0375730382451644
RP5-1024G6.5	SRR9835627	3.006127889448204
RP5-1024G6.5	SRR9835628	3.0214341401028055
RP5-1024G6.5	SRR9835629	3.0600613028727564
RP5-1024G6.5	SRR9835630	1.0553618917185172
RP5-1024G6.5	SRR9835631	2.1606436466774412
RP5-1024G6.5	SRR9835632	8.018201365705393
RP5-1024G6.5	SRR9835633	6.044311111252623
RP5-1024G6.5	SRR9835634	3.0185952205954254
RP5-1024G6.5	SRR9835635	5.04886060273188
RP5-1024G6.5	SRR9835636	4.007925410200827
RP5-1024G6.5	SRR9835637	4.0177185140934375
RP5-1024G6.5	SRR9835638	3.0286663091402395
RP5-1024G6.5	SRR9835639	1.0102931107040372
RP5-1024G6.5	SRR9835640	2.033115338990031
RP5-1024G6.5	SRR9835641	3.0113995907332716
RP5-1024G6.5	SRR9835642	2.011488767891636
RP5-1024G6.5	SRR9835643	6.022900091593377
RP5-1024G6.5	SRR9835644	7.022592135994757
RP5-1024G6.5	SRR9835645	4.116562453834926
RP5-1024G6.5	SRR9835646	3.0275665765960844
RP5-1024G6.5	SRR9835647	2.0048066386784735
RP5-1024G6.5	SRR9835648	3.0893120167637047
RP5-1024G6.5	SRR9835649	2.022713417730238
RP5-1024G6.5	SRR9835650	5.01897003675712
RP5-1024G6.5	SRR9835651	3.002160114320297
RP5-1024G6.5	SRR9835652	5.07759882293134
RP5-1024G6.5	SRR9835653	3.008292416082418
RP5-1024G6.5	SRR9835654	4.040184275501465
RP5-1024G6.5	SRR9835655	8.04079226962788
RP5-1024G6.5	SRR9835656	3.007935080665984
RP5-1024G6.5	SRR9835657	5.074129185541874
RP5-1024G6.5	SRR9835658	1.002011990714717
RP5-1024G6.5	SRR9835659	4.023511070642498
RP5-1024G6.5	SRR9835660	1.007436116480086
RP5-1024G6.5	SRR9835661	11.04412328404653
RP5-1024G6.5	SRR9835662	3.035749535935319
RP5-1024G6.5	SRR9835663	5.099491960683762
RP5-1024G6.5	SRR9835664	2.0034525039004247
RP5-1024G6.5	SRR9835665	4.01628925953278
RP5-1024G6.5	SRR9835666	2
RP5-1024G6.5	SRR9835667	3.024649983509871
RP5-1024G6.5	SRR9835668	7
RP5-1024G6.5	SRR9835669	1.0264232618093723
RP5-1024G6.5	SRR9835670	6.081488356984306
RP5-1024G6.5	SRR9835671	2.026633408812453
RP5-1024G6.5	SRR9835672	4.0069050078008495
RP5-1024G6.5	SRR9835673	1.0225501145506797
RP5-1024G6.5	SRR9835674	11.00511784495837
RP5-1024G6.5	SRR9835675	5.026621264185568
RP5-1024G6.5	SRR9835676	1.0888102986472097
RP5-1024G6.5	SRR9835677	5.013139672132322
RP5-1024G6.5	SRR9835678	5.029473104148668
RP5-1024G6.5	SRR9835679	14.466866853768904
RP5-1024G6.5	SRR9835680	7.169087909536679
RP5-1024G6.5	SRR9835681	7.0210323419295015
RP5-1024G6.5	SRR9835682	2.1204045000352427
RP5-1024G6.5	SRR9835683	3.018687521930897
RP5-1024G6.5	SRR9835684	4.0998702895968195
RP5-1024G6.5	SRR9835685	3.0150205165643165
RP5-1024G6.5	SRR9835686	2.0264732561614456
RP5-1024G6.5	SRR9835687	2.0092632403392785
RP5-1024G6.5	SRR9835688	8
RP5-1024G6.5	SRR9835689	4.029006406415674
RP5-1024G6.5	SRR9835690	6.012005519041601
RP5-1024G6.5	SRR9835691	1.0088088254590628
RP5-1024G6.5	SRR9835692	2.0357502182285736
RP5-1024G6.5	SRR9835693	2.0079674922843656
RP5-1024G6.5	SRR9835694	1.0101590322507117
RP5-1024G6.5	SRR9835695	6.030539571146637
RP5-1024G6.5	SRR9835696	4.038566145529233
RP5-1024G6.5	SRR9835697	2.010034979163885
RP5-1024G6.5	SRR9835698	2.0018614674615067
RP5-1024G6.5	SRR9835699	3.0047299129176506
RP5-1024G6.5	SRR9835700	4.008769254945652
RP5-1024G6.5	SRR9835701	4.011166267332789
RP5-1024G6.5	SRR9835702	7
RP5-1024G6.5	SRR9835703	6.006380874301203
RP5-1024G6.5	SRR9835704	3.013660060805878
RP5-1024G6.5	SRR9835705	4.015799239966255
RP5-1024G6.5	SRR9835706	3.235927758450932
RP5-1024G6.5	SRR9835707	3.003240754672204
RP5-1024G6.5	SRR9835708	2.0020109797048735
RP5-1024G6.5	SRR9835709	3.0010798628095343
RP5-1024G6.5	SRR9835710	3.0427592179708065
RP5-1024G6.5	SRR9835711	5.001799771349224
RP5-1024G6.5	SRR9835712	5.012528028804284
RP5-1024G6.5	SRR9835713	2.0038130471001825
RP5-1024G6.5	SRR9835714	3.0046380383590288
RP5-1024G6.5	SRR9835715	3.0149283273535645
RP5-1024G6.5	SRR9835716	4.011765450515405
RP5-1024G6.5	SRR9835717	5.017124007722667
RP5-1024G6.5	SRR9835718	1.0154090217747063
RP5-1024G6.5	SRR9835719	3.025623895279566
RP5-1024G6.5	SRR9835720	11.068439966498262
RP5-1024G6.5	SRR9835721	2.0294958995591275
RP5-1024G6.5	SRR9835722	2.0455509426017846
RP5-1024G6.5	SRR9835723	5
RP5-1024G6.5	SRR9835724	4.027624150654395
RP5-1024G6.5	SRR9835725	2.0547912004868882
RP5-1024G6.5	SRR9835726	3.002160114320297
RP5-1024G6.5	SRR9835727	5.033842007785989
RP5-1024G6.5	SRR9835728	5.2029546257902926
RP5-1024G6.5	SRR9835729	3.0096920500983226
RP5-1024G6.5	SRR9835730	3.0114916720437988
RP5-1024G6.5	SRR9835731	4.204043376411361
RP5-1024G6.5	SRR9835732	10.047034125711976
RP5-1024G6.5	SRR9835733	7.031251137068196
RP5-1024G6.5	SRR9835734	7.017871399972637
RP5-1024G6.5	SRR9835735	5.009005337432267
RP5-1024G6.5	SRR9835736	3.035922778553447
RP5-1024G6.5	SRR9835737	3.0062604827754513
RP5-1024G6.5	SRR9835738	1.0017842829024082
RP5-1024G6.5	SRR9835739	1.0270643545377112
RP5-1024G6.5	SRR9835740	1.0299228329417829
RP5-1024G6.5	SRR9835741	6.031660021780993
RP5-1024G6.5	SRR9835742	2.0373724031809086
RP5-1024G6.5	SRR9835743	5.171059870370017
RP5-1024G6.5	SRR9835744	4.023261549761633
RP5-1024G6.5	SRR9835745	5.111633079115319
RP5-1024G6.5	SRR9835746	1.0107941715568822
RP5-1024G6.5	SRR9835747	5.026229661546873
RP5-1024G6.5	SRR9835748	2.0608549564329586
RP5-1024G6.5	SRR9835749	4
RP5-1024G6.5	SRR9835750	5.041490847317152
RP5-1024G6.5	SRR9835751	4.032192088972337
RP5-1024G6.5	SRR9835752	4.161818049017856
RP5-1024G6.5	SRR9835753	5.052442430662399
RP5-1024G6.5	SRR9835754	5.006829030263236
RP5-1024G6.5	SRR9835755	3.0432508275678236
RP5-1024G6.5	SRR9835756	1.0464063323203885
RP5-1024G6.5	SRR9835757	4.015989318911429
RP5-1024G6.5	SRR9835758	4.022921928305231
RP5-1024G6.5	SRR9835759	3.019526508731201
RP5-1024G6.5	SRR9835760	4
RP5-1024G6.5	SRR9835761	5.000899804709761
RP5-1024G6.5	SRR9835762	1.1023719914822634
RP5-1024G6.5	SRR9835763	4.011594305346443
RP5-1024G6.5	SRR9835764	3.0077795353792
RP5-1024G6.5	SRR9835765	52.37713005056455
RP5-1024G6.5	SRR9835766	1.0257855942277956
RP5-1024G6.5	SRR9835767	2.0739336015855754
RP5-1024G6.5	SRR9835768	3
RP5-1024G6.5	SRR9835769	5
RP5-1024G6.5	SRR9835770	4.079588851016239
RP5-1024G6.5	SRR9835771	2.0108264687760875
RP5-1024G6.5	SRR9835772	2.025015168073654
RP5-1024G6.5	SRR9835773	4
RP5-1024G6.5	SRR9835774	5.175602703414892
RP5-1024G6.5	SRR9835775	3.015100381757499
RP5-1024G6.5	SRR9835776	6.019016000687849
RP5-1024G6.5	SRR9835777	6.014685198144984
RP5-1024G6.5	SRR9835778	5.020736528194597
RP5-1024G6.5	SRR9835779	4.027992446871649
RP5-1024G6.5	SRR9835780	4.006184051145372
RP5-1024G6.5	SRR9835781	1.0252236336284462
RP5-1024G6.5	SRR9835782	4.0198370853514644
RP5-1024G6.5	SRR9835783	10
RP5-1024G6.5	SRR9835784	6.024232019340874
RP5-1024G6.5	SRR9835785	1.0438963484044135
RP5-1024G6.5	SRR9835786	3.0288767044990155
RP5-1024G6.5	SRR9835787	5.014041841469856
RP5-1024G6.5	SRR9835788	1.0016514420012725
RP5-1024G6.5	SRR9835789	9
RP5-1024G6.5	SRR9835790	5.035436207112968
RP5-1024G6.5	SRR9835791	2.0542522749296372
RP5-1024G6.5	SRR9835792	9.928100228361384
RP5-1024G6.5	SRR9835793	2.0039627051004136
RP5-1024G6.5	SRR9835794	2.000359921883904
RP5-1024G6.5	SRR9835795	2.113560276113215
RP5-1024G6.5	SRR9835796	5.028393843626114
RP5-1024G6.5	SRR9835797	6
RP5-1024G6.5	SRR9835798	3.0046380383590288
RP5-1024G6.5	SRR9835799	3.005893694836776
RP5-1024G6.5	SRR9835800	2.0022764901723633
RP5-1024G6.5	SRR9835801	1.0050027300349125
RP5-1024G6.5	SRR9835802	5.0198331542917085
RP5-1024G6.5	SRR9867812	9
RP5-1024G6.5	SRR9867813	6.0271309886472695
RP5-1024G6.5	SRR9867814	4.89422661058392
RP5-1024G6.5	SRR9867815	6
RP5-1024G6.5	SRR9867816	11.005939779884567
RP5-1024G6.5	SRR9867817	1.0163129057733336
RP5-1024G6.5	SRR9867818	9.002567217216816
RP5-1024G6.5	SRR9867819	1.0422191398357938
RP5-1024G6.5	SRR9867820	14.032788280229067
RP5-1024G6.5	SRR9867821	5
RP5-1024G6.5	SRR9867822	1.0131332467646033
RP5-1024G6.5	SRR9867823	5.000899804709761
RP5-1024G6.5	SRR9867824	9.423369188404143
RP5-1024G6.5	SRR9867825	0.7014131272050581
RP5-1024G6.5	SRR9867826	2.221505612899973
RP5-1024G6.5	SRR9867827	10
RP5-1024G6.5	SRR9867828	1.0149613015451313
RP5-1024G6.5	SRR9867829	6.072782509786892
RP5-1024G6.5	SRR9867830	3.0060359721441507
RP5-1024G6.5	SRR9867831	6.197094462901168
RP5-1024G6.5	SRR9879292	11.244854087052376
RP5-1024G6.5	SRR9879293	5.076440552594895
RP5-1024G6.5	SRR9879294	5.102487963022907
RP5-1024G6.5	SRR9879295	5.100902180519186
RP5-1024G6.5	SRR9879296	7.087613884355161
RP5-1024G6.5	SRR9879297	9.144293590362722
RP5-1024G6.5	SRR9879298	5.0573636016290155
RP5-1024G6.5	SRR9879299	7.032708844784265
RP5-1024G6.5	SRR9879300	2.030858308648305
RP5-1024G6.5	SRR9879301	10.02412783311024
RP5-1024G6.5	SRR9879302	6.068324024405968
RP5-1024G6.5	SRR9879303	8.044396179496564
RP5-1024G6.5	SRR9879304	6.1029782987905525
RP5-1024G6.5	SRR9879305	6.066729446307837
RP5-1024G6.5	SRR9879306	7
RP5-1024G6.5	SRR9879307	15.62895342733441
RP5-1024G6.5	SRR9879308	4.04851476430202
RP5-1024G6.5	SRR9879309	1.0114738899666313
RP5-1024G6.5	T50_307	2.012466196818904
RP5-1024G6.5	T50_313	4.068535588425231
RP5-1024G6.5	T50_317	4.071648809042916
RP5-1024G6.5	T50_324	2.0242930457382435
RP5-1024G6.5	T50_427	2.0347268855829714
RP5-1024G6.5	T50_428	7.054879641841998
RP5-1024G6.5	T50_431	6.0371087609999154
RP5-1024G6.5	T50_436	3.0261462581737564
RP5-1024G6.5	T50_476	4.033402793290228
RP5-1024G6.5	UN_307	1.0133098244040084
RP5-1024G6.5	UN_313	3.0435930408227683
RP5-1024G6.5	UN_317	6.050141259296796
RP5-1024G6.5	UN_324	2.0443761804579212
RP5-1024G6.5	UN_427	6.0543943782854734
RP5-1024G6.5	UN_428	1.0107927868178097
RP5-1024G6.5	UN_431	3.0321010974013825
RP5-1024G6.5	UN_436	1.0085902616518891
RP5-1024G6.5	UN_476	4.040946990376451
